5.97, 3.18, 83.08, 0, 0, 0, 83.3549, 0, 3.07433, 0, -nan(ind)
-0.3, 0.34, 0.57, 34.8, 242.88, 137.12, 0.728354, 281.076, 3.11467, 13.8267, 55.2498
0.65, 0.4, 0.33, 74.75, 89.58, 28.76, 0.831505, 120.164, 3.16067, 20.263, 70.7312
0.39, 0, 0.11, 38.35, 41.72, 0.14, 0.405216, 56.6683, 3.17733, 22.9367, 83.6847
0.98, 0.03, 0.55, 14.56, 64.31, 54.7, 1.12419, 85.673, 3.22933, 27.389, 56.633
0.69, 0.09, 0.78, 0.77, 16.42, 44.41, 1.04528, 47.3546, 3.28133, 29.4423, 38.7394
0.34, 0.25, 0.09, 9.94, 3.1, 0.2, 0.431509, 10.4141, 3.304, 29.8837, 84.8364
0.25, 0.01, 0.25, 56.85, 14.4, 11.89, 0.353695, 59.8386, 3.321, 32.655, 75.5225
0.23, 0.2, 0.98, 38.56, 6.55, 31.56, 1.0263, 50.2574, 3.368, 35.2107, 11.4783
-0.29, 0.05, 0.47, 34.3, 89.09, 66.12, 0.554527, 116.127, 3.395, 41.5277, 61.9657
-0.65, 0.18, 0.94, 0.2, 5.22, 40.05, 1.15694, 40.3892, 3.454, 43.0433, 19.9484
-0.61, 0.16, 0, 60.64, 250, 74.85, 0.630635, 267.917, 3.47967, 55.893, 90
0.86, 0.4, 0.25, 56.87, 40.1, 58.94, 0.980867, 91.1928, 3.53, 61.09, 75.5225
0.32, 0.35, 0.7, 22.51, 41.27, 8.3, 0.845518, 47.7368, 3.57567, 63.4927, 45.573
1.03, 0.08, 0.3, 46.52, 4.63, 8.3, 1.07578, 47.4809, 3.62267, 65.4743, 72.5424
0.41, 0.33, 0.73, 3.32, 38.82, 10.17, 0.899944, 40.2672, 3.67167, 67.218, 43.1136
0.21, 0.02, 0.89, 35.85, 65.03, 20.29, 0.914658, 76.9793, 3.709, 71.257, 27.1268
-0.13, 0.28, 0.6, 68.37, 6.54, 80.71, 0.674759, 105.978, 3.74267, 76.4443, 53.1301
-0.57, 0.03, 0.57, 42.27, 36.99, 129.77, 0.80666, 141.405, 3.78167, 83.412, 55.2498
-0.84, 0.5, 0, 41.32, 190.42, 65.44, 0.977548, 205.547, 3.82633, 93.318, 90
0.46, 0.39, 0.31, 0.47, 250, 70, 0.678086, 259.616, 3.865, 104, 71.9408
0.27, 0.34, 0.75, 90.91, 34.21, 1.66, 0.866603, 97.1479, 3.91033, 108.226, 41.4096
0.84, 0.28, 0.64, 16.84, 72.12, 5.2, 1.09252, 74.2423, 3.969, 111.365, 50.2082
0.75, 0.44, 0.14, 54.09, 9.36, 78.7, 0.880738, 95.9533, 4.01333, 116.103, 81.9522
0.5, 0.03, 0.17, 22.99, 36.79, 24.29, 0.528961, 49.7197, 4.03667, 118.906, 80.2122
-0.06, 0.43, 0.53, 63.77, 61.76, 16.34, 0.685128, 90.2658, 4.07067, 123.635, 57.9945
-0.25, 0.04, 0.3, 76.69, 4.39, 100.15, 0.392556, 126.217, 4.09033, 129.676, 72.5424
-0.79, 0.38, 0.16, 7.62, 3.42, 75.01, 0.891123, 75.4736, 4.13467, 132.544, 80.7931
-0.56, 0, 0.26, 0, 0, 0, 0.617414, 0, 4.162, 132.544, 74.9299
0.23, 0.45, 0.02, 6.84, 219.12, 38.93, 0.505767, 222.656, 4.18533, 141.374, 88.854
0.52, 0.26, 0.52, 54.57, 66.58, 7.78, 0.78, 86.4367, 1.15433, 145.671, 58.6677
1.1, 0.04, 0.7, 35.96, 66.41, 29.45, 1.30445, 81.0599, 1.17533, 136.239, 45.573
0.51, 0.26, 0.05, 17.73, 70.75, 4.74, 0.57463, 73.0916, 1.15667, 132.91, 87.134
0.28, 0.07, 0.01, 47.29, 5.17, 20.74, 0.288791, 51.8962, 1.152, 132.676, 89.427
0.02, 0.29, 0.93, 88.69, 0.48, 2.11, 0.974372, 88.7164, 1.14133, 131.266, 21.5652
-0.01, 0.03, 0.69, 70.21, 29.92, 14.18, 0.690724, 77.6255, 1.11367, 133.023, 46.3699
-0.51, 0.3, 0.9, 42.28, 67.64, 12.4, 1.07708, 80.725, 1.148, 136.659, 25.8419
-0.45, 0.3, 0.97, 0.75, 29.14, 69.33, 1.11059, 75.2087, 1.18833, 137.195, 14.0699
-0.5, 0.02, 0.24, 9.41, 246.48, 82.16, 0.554977, 259.983, 1.16667, 145.908, 76.1135
0.53, 0.19, 0.76, 66.91, 114.9, 6.8, 0.945833, 133.136, 1.189, 145.878, 40.5358
0.58, 0.11, 0.98, 1.37, 62.9, 2.22, 1.14407, 62.9541, 1.18567, 146.579, 11.4783
0.58, 0.25, 0.72, 1.82, 0.54, 28.77, 0.957758, 28.8326, 1.21167, 134.767, 43.9455
0.35, 0.09, 0.81, 4.48, 8, 0.93, 0.886961, 9.21603, 1.203, 130.017, 35.9041
0.31, 0.07, 0.9, 1.72, 2.34, 2.56, 0.954463, 3.87138, 1.2, 127.835, 25.8419
0.18, 0.02, 0.73, 6.97, 49.27, 9.67, 0.75213, 50.6914, 1.184, 128.05, 43.1136
-0.46, 0.09, 0.27, 56.16, 8.5, 2.72, 0.540925, 56.8647, 1.16233, 128.552, 74.3357
-0.32, 0.02, 0.26, 35.14, 16.64, 0.35, 0.412795, 38.8823, 1.145, 126.251, 74.9299
-0.43, 0.02, 0.64, 60.65, 2.31, 3.16, 0.771298, 60.7762, 1.14767, 123.268, 50.2082
-0.41, 0.1, 0.58, 62.54, 9.13, 9.46, 0.717287, 63.907, 1.145, 119.004, 54.5495
-0.29, 0.26, 0.71, 9.51, 53.63, 24.39, 0.809815, 59.6782, 1.14233, 112.016, 44.7651
-0.26, 0.04, 0.39, 7.45, 250, 23.73, 0.470425, 251.234, 1.12667, 110.706, 67.0455
0.56, 0.15, 0.21, 0.21, 83.31, 3.81, 0.616604, 83.3973, 1.112, 109.391, 77.8776
1.04, 0.08, 0.75, 6.54, 66.96, 7.44, 1.28472, 67.6887, 1.11567, 108.951, 41.4096
0.54, 0.13, 0.73, 0.43, 85.46, 4.82, 0.917279, 85.5969, 1.118, 107.236, 43.1136
0.1, 0.33, 0.08, 4.11, 25.71, 0.18, 0.353977, 26.0371, 1.11167, 105.434, 85.4114
-0.11, 0.02, 0.21, 33.1, 6.69, 4.35, 0.237908, 34.0483, 1.089, 102.176, 77.8776
0.12, 0.11, 0.09, 42.79, 0.86, 0.86, 0.186011, 42.8073, 1.08, 97.6187, 84.8364
-0.32, 0, 0, 0, 0, 0, 0.32, 0, 1.04633, 94.7503, 90
-0.59, 0.27, 0.77, 1.98, 5.29, 2.57, 1.00693, 6.20559, 1.07333, 95.0783, 39.6461
-0.48, 0.48, 0.4, 16.97, 117.36, 63.12, 0.787909, 134.333, 1.09533, 92.8303, 66.4218
0.13, 0.34, 0.99, 50.06, 250, 22.76, 1.0548, 255.977, 1.10067, 99.2933, 8.10961
0.61, 0.28, 0.03, 1.01, 39.05, 0.29, 0.671863, 39.0641, 1.07, 96.2443, 88.2809
0.92, 0.03, 0.7, 23.82, 29.66, 0.94, 1.15642, 38.0525, 1.09767, 94.951, 45.573
0.6, 0.08, 0.67, 15.71, 6.3, 12.85, 0.90294, 21.2513, 1.13067, 93.673, 47.9329
0.29, 0.15, 0.73, 3.7, 9.27, 7.27, 0.799687, 12.3481, 1.12833, 91.305, 43.1136
0.12, 0.15, 0.09, 9.81, 2.72, 2.53, 0.212132, 10.4898, 1.116, 87.9967, 84.8364
-0.04, 0.13, 0.28, 54.34, 4.67, 5.42, 0.311288, 54.8089, 1.074, 86.067, 73.7398
-0.04, 0.01, 0.98, 20.2, 2.43, 13.15, 0.980867, 24.2253, 1.051, 83.9523, 11.4783
-0.5, 0.19, 0.77, 32.94, 21.62, 8.67, 0.93755, 40.344, 1.07433, 74.7917, 39.6461
-0.42, 0.19, 0.98, 7.7, 1.58, 26.65, 1.08301, 27.785, 1.078, 69.7023, 11.4783
-0.35, 0.18, 0.04, 3.86, 134.48, 102.5, 0.395601, 169.133, 1.04133, 75.514, 87.7076
0.39, 0.21, 0.55, 40.79, 205.21, 28.34, 0.706187, 211.135, 1.028, 83.621, 56.633
0.32, 0.02, 0.37, 1.63, 40.29, 0.65, 0.489592, 40.3282, 1.01, 84.593, 68.2844
0.79, 0.06, 0.73, 11.05, 89.74, 31.36, 1.07731, 95.7017, 1.02, 88.7773, 43.1136
0.58, 0.04, 0.72, 38.83, 9.23, 23.77, 0.925419, 46.454, 1.03367, 88.9747, 43.9455
0.41, 0.13, 0.79, 9.94, 0.25, 6.59, 0.8995, 11.9287, 1.05067, 87.288, 37.8145
0.31, 0.21, 0.74, 6.8, 8.16, 4.36, 0.829337, 11.482, 1.07267, 86.1943, 42.2686
0.13, 0.01, 0.02, 16.43, 6.48, 0.41, 0.131909, 17.6664, 1.04167, 84.7677, 88.854
-0.14, 0.04, 0.35, 11.68, 9.64, 3.08, 0.379078, 15.4544, 1.023, 82.8767, 69.5127
-0.45, 0.08, 0.89, 36.49, 2.82, 3.78, 1.0005, 36.7935, 1.02833, 81.3953, 27.1268
-0.33, 0.33, 0.9, 26.32, 8.77, 6.64, 1.0138, 28.5262, 1.05733, 73.4137, 25.8419
-0.34, 0.06, 0.8, 3.06, 65.16, 52.93, 0.871321, 84.0046, 1.06667, 74.541, 36.8699
-0.14, 0.08, 0.93, 3.7, 96.74, 53.26, 0.943875, 110.494, 1.04267, 76.9663, 21.5652
0.11, 0.07, 0.07, 8.37, 103.88, 0.32, 0.147986, 104.217, 1.00433, 77.695, 85.986
0.42, 0.11, 0.21, 2.34, 91.13, 3.72, 0.482286, 91.2359, 1.012, 79.9347, 77.8776
0.52, 0.12, 0.79, 0.46, 65.26, 0.27, 0.953362, 65.2622, 1.04833, 80.663, 37.8145
0.5, 0, 0, 0, 0, 0, 0.5, 0, 1.05433, 79.1793, 90
0.47, 0.03, 0.8, 6.8, 6.98, 5, 0.928332, 10.9526, 1.087, 79.8053, 36.8699
0.42, 0.09, 0.8, 7.68, 0.73, 1.12, 0.90802, 7.79549, 1.07633, 79.795, 36.8699
0.28, 0.03, 0.95, 0.3, 5.02, 5, 0.990858, 7.09157, 1.073, 73.5573, 18.1949
0.01, 0.05, 0.33, 23.45, 8.28, 11.52, 0.333916, 27.4075, 1.03733, 64.2383, 70.7312
-0.11, 0.12, 0.15, 6.93, 0.74, 0.97, 0.221359, 7.03658, 1.01933, 63.1813, 81.3731
0.02, 0.1, 0.81, 10.03, 0.21, 12.64, 0.816395, 16.1374, 0.995333, 62.13, 35.9041
0.01, 0.04, 0.83, 13.31, 6.86, 22.54, 0.831023, 27.0604, 0.979667, 62.3917, 33.9013
-0.01, 0.06, 0.02, 7.77, 0.14, 38.12, 0.0640312, 38.9041, 0.943667, 63.2513, 88.854
0.07, 0.05, 0.97, 14.42, 1.08, 48.8, 0.973807, 50.8974, 0.968, 64.8927, 14.0699
0.1, 0.18, 0.85, 9.12, 0.65, 68.12, 0.874586, 68.7309, 0.990667, 65.3413, 31.7883
0.04, 0.13, 0.06, 9.72, 6.77, 73.84, 0.148661, 74.7841, 0.964, 67.1597, 86.5602
0.24, 0.01, 0.91, 8.86, 30.37, 16.2926, 0.941169, 35.5849, 0.954, 66.9028, 24.4946
-0.35, 0.18, 0.04, 3.86, 134.48, 102.5, 0.395601, 169.133, 0.92, 73.7331, 87.7076
0.39, 0.21, 0.55, 40.79, 205.21, 28.34, 0.706187, 211.135, 0.939333, 74.8498, 56.633
0.32, 0.02, 0.37, 1.63, 40.29, 0.65, 0.489592, 40.3282, 0.924667, 67.1241, 68.2844
0.79, 0.06, 0.73, 11.05, 89.74, 31.36, 1.07731, 95.7017, 0.953667, 70.1101, 43.1136
0.58, 0.04, 0.72, 38.83, 9.23, 23.77, 0.925419, 46.454, 0.945667, 68.0994, 43.9455
0.41, 0.13, 0.79, 9.94, 0.25, 6.59, 0.8995, 11.9287, 0.945333, 66.2644, 37.8145
0.31, 0.21, 0.74, 6.8, 8.16, 4.36, 0.829337, 11.482, 0.943, 66.3491, 42.2686
0.13, 0.01, 0.02, 16.43, 6.48, 0.41, 0.131909, 17.6664, 0.906333, 66.4824, 88.854
-0.14, 0.04, 0.35, 11.68, 9.64, 3.08, 0.379078, 15.4544, 0.918667, 66.5184, 69.5127
-0.45, 0.08, 0.89, 36.49, 2.82, 3.78, 1.0005, 36.7935, 0.948333, 67.1414, 27.1268
-0.33, 0.33, 0.9, 26.32, 8.77, 6.64, 1.0138, 28.5262, 0.953, 67.0961, 25.8419
-0.34, 0.06, 0.8, 3.06, 65.16, 52.93, 0.871321, 84.0046, 0.941, 69.7434, 36.8699
-0.14, 0.08, 0.93, 3.7, 96.74, 53.26, 0.943875, 110.494, 0.939333, 70.8284, 21.5652
0.11, 0.07, 0.07, 8.37, 103.88, 0.32, 0.147986, 104.217, 0.909333, 69.4574, 85.986
0.42, 0.11, 0.21, 2.34, 91.13, 3.72, 0.482286, 91.2359, 0.925667, 68.9448, 77.8776
0.52, 0.12, 0.79, 0.46, 65.26, 0.27, 0.953362, 65.2622, 0.948667, 67.9048, 37.8145
0.5, 0, 0, 0, 0, 0, 0.5, 0, 0.917667, 65.7051, 90
0.23, 0.1, 0.9, 1.29, 0.39, 0.35, 0.934291, 1.39237, 0.942, 65.7728, 25.8419
0.09, 0.1, 0.9, 4.64, 9.55, 4.04, 0.91, 11.3602, 0.935, 65.7544, 25.8419
-0.07, 0.11, 0.03, 6.66, 6.49, 2.37, 0.133791, 9.59649, 0.898333, 65.9541, 88.2809
-0.07, 0.23, 0.9, 5.39, 4.78, 3.1, 0.931558, 7.84286, 0.896333, 66.0524, 25.8419
-0.15, 0.35, 0.96, 6.45, 0.03, 4.13, 1.03276, 7.659, 0.932, 64.9644, 16.2602
-0.11, 0.41, 0.87, 5.65, 0.55, 5.49, 0.968039, 7.89716, 0.965667, 65.0661, 29.5414
-0.06, 0.49, 0.87, 2.39, 3.04, 1.71, 1.0003, 4.22821, 0.982, 64.5414, 29.5414
-0.11, 0.64, 0.95, 3.69, 5.09, 1.33, 1.15074, 6.42597, 1.00933, 63.4548, 18.1949
-0.18, 0.72, 0.93, 7.64, 3.51, 0.32, 1.18983, 8.4138, 1.06733, 62.3028, 21.5652
-0.16, 0.58, 0.81, 0.12, 21.98, 9.48, 1.00901, 23.9375, 1.08267, 61.2121, 35.9041
-0.09, 0.51, 0.84, 7.75, 24.05, 9.04, 0.986813, 26.8363, 1.093, 59.9771, 32.8599
-0.05, 0.54, 0.83, 2.91, 10.75, 5.58, 0.991464, 12.4566, 1.13267, 57.6074, 33.9013
-0.07, 0.6, 0.77, 0.4, 3.626, 30.37, 0.978673, 30.5883, 1.142, 56.9032, 39.6461
-0.35, 0.18, 0.04, 3.86, 134.48, 102.5, 0.395601, 169.133, 1.142, 56.9032, 87.7076
0.39, 0.21, 0.55, 40.79, 205.21, 28.34, 0.706187, 211.135, 1.142, 56.9032, 56.633
0.32, 0.02, 0.37, 1.63, 40.29, 0.65, 0.489592, 40.3282, 1.142, 56.9032, 68.2844
0.79, 0.06, 0.73, 11.05, 89.74, 31.36, 1.07731, 95.7017, 1.142, 56.9032, 43.1136
0.58, 0.04, 0.72, 38.83, 9.23, 23.77, 0.925419, 46.454, 1.142, 56.9032, 43.9455
0.41, 0.13, 0.79, 9.94, 0.25, 6.59, 0.8995, 11.9287, 1.142, 56.9032, 37.8145
0.31, 0.21, 0.74, 6.8, 8.16, 4.36, 0.829337, 11.482, 1.142, 56.9032, 42.2686
0.13, 0.01, 0.02, 16.43, 6.48, 0.41, 0.131909, 17.6664, 1.142, 56.9032, 88.854
-0.14, 0.04, 0.35, 11.68, 9.64, 3.08, 0.379078, 15.4544, 1.142, 56.9032, 69.5127
-0.45, 0.08, 0.89, 36.49, 2.82, 3.78, 1.0005, 36.7935, 1.142, 56.9032, 27.1268
-0.33, 0.33, 0.9, 26.32, 8.77, 6.64, 1.0138, 28.5262, 1.142, 56.9032, 25.8419
-0.34, 0.06, 0.8, 3.06, 65.16, 52.93, 0.871321, 84.0046, 1.142, 56.9032, 36.8699
-0.14, 0.08, 0.93, 3.7, 96.74, 53.26, 0.943875, 110.494, 1.142, 56.9032, 21.5652
0.11, 0.07, 0.07, 8.37, 103.88, 0.32, 0.147986, 104.217, 1.142, 56.9032, 85.986
0.42, 0.11, 0.21, 2.34, 91.13, 3.72, 0.482286, 91.2359, 1.142, 56.9032, 77.8776
0.52, 0.12, 0.79, 0.46, 65.26, 0.27, 0.953362, 65.2622, 1.142, 56.9032, 37.8145
0.5, 0, 0, 0, 0, 0, 0.5, 0, 1.142, 56.9032, 90
-0.06, 0.61, 0.82, 1.38, 10.65, 5.93, 1.02377, 12.2675, 1.15067, 57.4342, 34.9152
-0.05, 0.59, 0.82, 6.82, 12.97, 5.25, 1.01143, 15.5659, 1.163, 57.6612, 34.9152
-0.03, 0.62, 0.77, 4.28, 10.29, 2.37, 0.98904, 11.3938, 1.20333, 57.7085, 39.6461
-0.04, 0.62, 0.79, 0.88, 7, 0.34, 1.00504, 7.06329, 1.21167, 57.5402, 37.8145
-0.01, 0.62, 0.8, 0.19, 5.59, 0.15, 1.01218, 5.59524, 1.21067, 57.3842, 36.8699
-0.02, 0.64, 0.79, 0.35, 0.27, 0.68, 1.01691, 0.811049, 1.21267, 57.0379, 37.8145
-0.04, 0.63, 0.78, 0.97, 0.71, 0.07, 1.00344, 1.20412, 1.21367, 56.8582, 38.7394
-0.02, 0.61, 0.78, 0.56, 0.88, 0.39, 0.990404, 1.1136, 1.204, 56.5822, 38.7394
-0.04, 0.63, 0.78, 0.9, 0.84, 0.88, 1.00344, 1.51327, 1.19133, 56.2872, 38.7394
-0.04, 0.64, 0.78, 0.78, 0.13, 0.91, 1.00975, 1.20557, 1.18833, 55.2952, 38.7394
-0.03, 0.63, 0.79, 0.02, 1.74, 0.93, 1.01089, 1.97304, 1.18867, 54.0235, 37.8145
-0.04, 0.62, 0.79, 0.95, 0.92, 0.2, 1.00504, 1.3375, 1.18967, 53.4512, 37.8145
-0.04, 0.63, 0.76, 0.08, 0.63, 40, 0.987978, 40.005, 1.18933, 53.6617, 40.5358
-0.35, 0.18, 0.04, 3.86, 134.48, 102.5, 0.395601, 169.133, 1.18933, 53.6617, 87.7076
0.39, 0.21, 0.55, 40.79, 205.21, 28.34, 0.706187, 211.135, 1.18933, 53.6617, 56.633
0.32, 0.02, 0.37, 1.63, 40.29, 0.65, 0.489592, 40.3282, 1.18933, 53.6617, 68.2844
0.79, 0.06, 0.73, 11.05, 89.74, 31.36, 1.07731, 95.7017, 1.18933, 53.6617, 43.1136
0.58, 0.04, 0.72, 38.83, 9.23, 23.77, 0.925419, 46.454, 1.18933, 53.6617, 43.9455
0.41, 0.13, 0.79, 9.94, 0.25, 6.59, 0.8995, 11.9287, 1.18933, 53.6617, 37.8145
0.31, 0.21, 0.74, 6.8, 8.16, 4.36, 0.829337, 11.482, 1.18933, 53.6617, 42.2686
0.13, 0.01, 0.02, 16.43, 6.48, 0.41, 0.131909, 17.6664, 1.18933, 53.6617, 88.854
-0.14, 0.04, 0.35, 11.68, 9.64, 3.08, 0.379078, 15.4544, 1.18933, 53.6617, 69.5127
-0.45, 0.08, 0.89, 36.49, 2.82, 3.78, 1.0005, 36.7935, 1.18933, 53.6617, 27.1268
-0.33, 0.33, 0.9, 26.32, 8.77, 6.64, 1.0138, 28.5262, 1.18933, 53.6617, 25.8419
-0.34, 0.06, 0.8, 3.06, 65.16, 52.93, 0.871321, 84.0046, 1.18933, 53.6617, 36.8699
-0.14, 0.08, 0.93, 3.7, 96.74, 53.26, 0.943875, 110.494, 1.18933, 53.6617, 21.5652
0.11, 0.07, 0.07, 8.37, 103.88, 0.32, 0.147986, 104.217, 1.18933, 53.6617, 85.986
0.42, 0.11, 0.21, 2.34, 91.13, 3.72, 0.482286, 91.2359, 1.18933, 53.6617, 77.8776
0.52, 0.12, 0.79, 0.46, 65.26, 0.27, 0.953362, 65.2622, 1.18933, 53.6617, 37.8145
0.5, 0, 0, 0, 0, 0, 0.5, 0, 1.18933, 53.6617, 90
-0.03, 0.62, 0.78, 1.76, 3.7, 0.02, 0.996845, 4.09732, 1.18733, 53.2457, 38.7394
-0.02, 0.62, 0.79, 0.61, 1.78, 0.08, 1.00444, 1.88332, 1.18633, 52.4933, 37.8145
-0.03, 0.62, 0.79, 1.13, 1.09, 0.36, 1.00469, 1.61078, 1.187, 52.0147, 37.8145
-0.03, 0.61, 0.8, 0.28, 3.31, 0.11, 1.00648, 3.32364, 1.18667, 51.864, 36.8699
-0.01, 0.62, 0.78, 0.47, 0.36, 0.94, 0.996444, 1.1109, 1.186, 51.7253, 38.7394
-0.03, 0.62, 0.79, 1.95, 0.08, 0.88, 1.00469, 2.14086, 1.18567, 51.779, 37.8145
-0.03, 0.61, 0.79, 0.14, 1.13, 0.65, 0.998549, 1.31111, 1.185, 51.7847, 37.8145
-0.02, 0.61, 0.79, 0.63, 2.37, 0.64, 0.998299, 2.53444, 1.18533, 51.845, 37.8145
-0.01, 0.61, 0.79, 0.93, 0.61, 0.54, 0.998148, 1.23637, 1.184, 51.827, 37.8145
-0.02, 0.61, 0.79, 0.25, 0.41, 1.17, 0.998299, 1.26471, 1.18267, 51.8273, 37.8145
-0.02, 0.61, 0.79, 0.7, 1.56, 1.11, 0.998299, 2.03855, 1.18167, 51.85, 37.8145
-0.02, 0.62, 0.8, 0.27, 3.7, 0.13, 1.01232, 3.71212, 1.18133, 51.9177, 36.8699
-0.01, 0.62, 0.79, 0.57, 1.23, 0.07, 1.00429, 1.35746, 1.181, 50.623, 37.8145
-0, 626, 30.37, 16.2926, 65, 0, 626.736, 67.0108, 23.041, 45.3048, -nan(ind)
-0.35, 0.18, 0.04, 3.86, 134.48, 102.5, 0.395601, 169.133, 23.0217, 44.1881, 87.7076
0.39, 0.21, 0.55, 40.79, 205.21, 28.34, 0.706187, 211.135, 23.0363, 51.9138, 56.633
0.32, 0.02, 0.37, 1.63, 40.29, 0.65, 0.489592, 40.3282, 23.0073, 48.9278, 68.2844
0.79, 0.06, 0.73, 11.05, 89.74, 31.36, 1.07731, 95.7017, 23.0153, 50.9384, 43.1136
0.58, 0.04, 0.72, 38.83, 9.23, 23.77, 0.925419, 46.454, 23.0157, 52.7734, 43.9455
0.41, 0.13, 0.79, 9.94, 0.25, 6.59, 0.8995, 11.9287, 23.018, 52.6888, 37.8145
0.31, 0.21, 0.74, 6.8, 8.16, 4.36, 0.829337, 11.482, 23.0547, 52.5554, 42.2686
0.13, 0.01, 0.02, 16.43, 6.48, 0.41, 0.131909, 17.6664, 23.0423, 52.5194, 88.854
-0.14, 0.04, 0.35, 11.68, 9.64, 3.08, 0.379078, 15.4544, 23.0127, 51.8964, 69.5127
-0.45, 0.08, 0.89, 36.49, 2.82, 3.78, 1.0005, 36.7935, 23.008, 51.9418, 27.1268
-0.33, 0.33, 0.9, 26.32, 8.77, 6.64, 1.0138, 28.5262, 23.02, 49.2944, 25.8419
-0.34, 0.06, 0.8, 3.06, 65.16, 52.93, 0.871321, 84.0046, 23.0217, 48.2094, 36.8699
-0.14, 0.08, 0.93, 3.7, 96.74, 53.26, 0.943875, 110.494, 23.0517, 49.5804, 21.5652
0.11, 0.07, 0.07, 8.37, 103.88, 0.32, 0.147986, 104.217, 23.0353, 50.0931, 85.986
0.42, 0.11, 0.21, 2.34, 91.13, 3.72, 0.482286, 91.2359, 23.0123, 51.1331, 77.8776
0.52, 0.12, 0.79, 0.46, 65.26, 0.27, 0.953362, 65.2622, 23.0433, 53.3328, 37.8145
0.5, 0, 0, 0, 0, 0, 0.5, 0, 23.0123, 53.1501, 90
-0.02, 0.62, 0.8, 0.42, 1.14, 0.3, 1.01232, 1.2514, 23.0127, 53.1298, 36.8699
-0.01, 0.62, 0.78, 0.35, 2.31, 0.61, 0.996444, 2.41468, 23.0117, 53.1528, 38.7394
-0.02, 0.61, 0.8, 0.58, 1.75, 0.87, 1.00623, 2.03858, 23.0113, 53.1361, 36.8699
-0.01, 0.62, 0.78, 0.83, 0.51, 0.08, 0.996444, 0.977446, 23.0113, 53.1244, 38.7394
-0.02, 0.61, 0.79, 0.57, 2.88, 0.17, 0.998299, 2.94078, 23.0107, 53.1481, 37.8145
-0, 0.62, 0.79, 0.34, 2.33, 0.13, 1.00424, 2.35826, 23.01, 53.1774, 37.8145
-0, 0.63, 0.78, 0.66, 2.25, 0.06, 1.00265, 2.34557, 23.0097, 53.1551, 38.7394
0.01, 0.61, 0.78, 0.54, 2.21, 0.14, 0.990252, 2.27932, 23.0093, 53.1821, 38.7394
-0.01, 0.62, 0.79, 0.4, 1.22, 0.5, 1.00429, 1.37782, 23.0093, 53.1918, 37.8145
0, 0.62, 0.78, 0.82, 1.79, 0.89, 0.996393, 2.16069, 23.0087, 53.1961, 38.7394
0, 0.61, 0.78, 0.05, 0.14, 0.65, 0.990202, 0.666783, 23.007, 53.0874, 38.7394
-0.01, 0.62, 0.78, 0.47, 0.2, 0.08, 0.996444, 0.517011, 23.0067, 53.0501, 38.7394
0, 0.62, 0.78626, 30.37, 16.2926, 65, 1.0013, 73.5716, 1.17454, 54.0624, 38.1626
-0.35, 0.18, 0.04, 3.86, 134.48, 102.5, 0.395601, 169.133, 1.17454, 54.0624, 87.7076
0.39, 0.21, 0.55, 40.79, 205.21, 28.34, 0.706187, 211.135, 1.17454, 54.0624, 56.633
0.32, 0.02, 0.37, 1.63, 40.29, 0.65, 0.489592, 40.3282, 1.17454, 54.0624, 68.2844
0.79, 0.06, 0.73, 11.05, 89.74, 31.36, 1.07731, 95.7017, 1.17454, 54.0624, 43.1136
0.58, 0.04, 0.72, 38.83, 9.23, 23.77, 0.925419, 46.454, 1.17454, 54.0624, 43.9455
0.41, 0.13, 0.79, 9.94, 0.25, 6.59, 0.8995, 11.9287, 1.17454, 54.0624, 37.8145
0.31, 0.21, 0.74, 6.8, 8.16, 4.36, 0.829337, 11.482, 1.17454, 54.0624, 42.2686
0.13, 0.01, 0.02, 16.43, 6.48, 0.41, 0.131909, 17.6664, 1.17454, 54.0624, 88.854
-0.14, 0.04, 0.35, 11.68, 9.64, 3.08, 0.379078, 15.4544, 1.17454, 54.0624, 69.5127
-0.45, 0.08, 0.89, 36.49, 2.82, 3.78, 1.0005, 36.7935, 1.17454, 54.0624, 27.1268
-0.33, 0.33, 0.9, 26.32, 8.77, 6.64, 1.0138, 28.5262, 1.17454, 54.0624, 25.8419
-0.34, 0.06, 0.8, 3.06, 65.16, 52.93, 0.871321, 84.0046, 1.17454, 54.0624, 36.8699
-0.14, 0.08, 0.93, 3.7, 96.74, 53.26, 0.943875, 110.494, 1.17454, 54.0624, 21.5652
0.11, 0.07, 0.07, 8.37, 103.88, 0.32, 0.147986, 104.217, 1.17454, 54.0624, 85.986
0.42, 0.11, 0.21, 2.34, 91.13, 3.72, 0.482286, 91.2359, 1.17454, 54.0624, 77.8776
0.52, 0.12, 0.79, 0.46, 65.26, 0.27, 0.953362, 65.2622, 1.17454, 54.0624, 37.8145
0.5, 0, 0, 0, 0, 0, 0.5, 0, 1.17454, 54.0624, 90
0, 0.61, 0.78, 0.58, 3.39, 1.56, 0.990202, 3.77652, 1.17288, 54.1848, 38.7394
0.01, 0.62, 0.79, 0.43, 3.06, 1.34, 1.00429, 3.3681, 1.17321, 54.2368, 37.8145
0.01, 0.62, 0.79, 0.99, 0.89, 0.94, 1.00429, 1.62966, 1.17288, 54.2241, 37.8145
0.01, 0.63, 0.8, 0.79, 1.23, 0.34, 1.01833, 1.50087, 1.17388, 54.2554, 36.8699
0.01, 0.61, 0.78, 0.37, 1.56, 0.23, 0.990252, 1.61969, 1.17321, 54.2068, 38.7394
0.01, 0.63, 0.79, 0.91, 0.28, 0.14, 1.01049, 0.962341, 1.17388, 54.1578, 37.8145
0.02, 0.62, 0.78, 0.31, 1.49, 1.01, 0.996594, 1.82655, 1.17421, 54.1524, 38.7394
0.01, 0.62, 0.78, 0.41, 0.14, 0.4, 0.996444, 0.589661, 1.17454, 54.0878, 38.7394
0.01, 0.62, 0.78, 0.32, 0.12, 0.43, 0.996444, 0.549272, 1.17421, 54.0461, 38.7394
0, 0.62, 0.79, 0.48, 0.19, 0.8, 1.00424, 0.952103, 1.17454, 53.9784, 37.8145
0.01, 0.62, 0.78, 0.34, 1.48, 0.03, 0.996444, 1.51885, 1.17521, 54.0121, 38.7394
0.02, 0.63, 0.79, 0.43, 0.74, 0.19, 1.01064, 0.876698, 1.17621, 54.0324, 37.8145
-0, 0.62, 0.79, 0.26, 0.53, 62, 1.00424, 62.0028, 1.17633, 52.4033, 37.8145
-0.35, 0.18, 0.04, 3.86, 134.48, 102.5, 0.395601, 169.133, 1.17633, 52.4033, 87.7076
0.39, 0.21, 0.55, 40.79, 205.21, 28.34, 0.706187, 211.135, 1.17633, 52.4033, 56.633
0.32, 0.02, 0.37, 1.63, 40.29, 0.65, 0.489592, 40.3282, 1.17633, 52.4033, 68.2844
0.79, 0.06, 0.73, 11.05, 89.74, 31.36, 1.07731, 95.7017, 1.17633, 52.4033, 43.1136
0.58, 0.04, 0.72, 38.83, 9.23, 23.77, 0.925419, 46.454, 1.17633, 52.4033, 43.9455
0.41, 0.13, 0.79, 9.94, 0.25, 6.59, 0.8995, 11.9287, 1.17633, 52.4033, 37.8145
0.31, 0.21, 0.74, 6.8, 8.16, 4.36, 0.829337, 11.482, 1.17633, 52.4033, 42.2686
0.13, 0.01, 0.02, 16.43, 6.48, 0.41, 0.131909, 17.6664, 1.17633, 52.4033, 88.854
-0.14, 0.04, 0.35, 11.68, 9.64, 3.08, 0.379078, 15.4544, 1.17633, 52.4033, 69.5127
-0.45, 0.08, 0.89, 36.49, 2.82, 3.78, 1.0005, 36.7935, 1.17633, 52.4033, 27.1268
-0.33, 0.33, 0.9, 26.32, 8.77, 6.64, 1.0138, 28.5262, 1.17633, 52.4033, 25.8419
-0.34, 0.06, 0.8, 3.06, 65.16, 52.93, 0.871321, 84.0046, 1.17633, 52.4033, 36.8699
-0.14, 0.08, 0.93, 3.7, 96.74, 53.26, 0.943875, 110.494, 1.17633, 52.4033, 21.5652
0.11, 0.07, 0.07, 8.37, 103.88, 0.32, 0.147986, 104.217, 1.17633, 52.4033, 85.986
0.42, 0.11, 0.21, 2.34, 91.13, 3.72, 0.482286, 91.2359, 1.17633, 52.4033, 77.8776
0.52, 0.12, 0.79, 0.46, 65.26, 0.27, 0.953362, 65.2622, 1.17633, 52.4033, 37.8145
0.5, 0, 0, 0, 0, 0, 0.5, 0, 1.17633, 52.4033, 90
0.01, 0.62, 0.78, 1.38, 0.64, 0.69, 0.996444, 1.67036, 1.177, 52.3093, 38.7394
0.01, 0.61, 0.79, 0.22, 1.27, 0.76, 0.998148, 1.4963, 1.17667, 52.2233, 37.8145
0.01, 0.63, 0.79, 0.48, 0.33, 0.67, 1.01049, 0.887806, 1.177, 52.1787, 37.8145
0.01, 0.61, 0.78, 0.11, 0.85, 0.13, 0.990252, 0.866891, 1.17567, 52.1363, 38.7394
0.01, 0.62, 0.79, 0.38, 0.56, 0, 1.00429, 0.676757, 1.17633, 52.0957, 37.8145
0.01, 0.62, 0.79, 0.72, 0.01, 0.24, 1.00429, 0.759013, 1.176, 52.0837, 37.8145
0.02, 0.62, 0.79, 0.12, 0.07, 0.13, 1.00444, 0.190263, 1.17633, 52.0007, 37.8145
0, 0.61, 0.79, 0.27, 0.56, 0.81, 0.998098, 1.02108, 1.176, 52.0237, 37.8145
0.01, 0.62, 0.79, 1.27, 0.34, 0.65, 1.00429, 1.46663, 1.17633, 52.07, 37.8145
0.01, 0.62, 0.79, 0.96, 0.28, 1.21, 1.00429, 1.56975, 1.17667, 52.1027, 37.8145
0, 0.61, 0.79, 0.19, 0.03, 0.8, 0.998098, 0.8228, 1.17633, 52.075, 37.8145
-0.01, 0.62, 0.79, 0.35, 0.82, 0.21, 1.00429, 0.915969, 1.17567, 52.0757, 37.8145
-0, 0.61, 0.79, 1.21, 0.56, 0.73, 0.998098, 1.52007, 1.17533, 50.066, 37.8145
0.01, 0.62, -30.37, 16.2926, 65, 0, 30.3763, 67.0108, 2.18967, 44.7478, -nan(ind)
-0.35, 0.18, 0.04, 3.86, 134.48, 102.5, 0.395601, 169.133, 2.17033, 43.6311, 87.7076
0.39, 0.21, 0.55, 40.79, 205.21, 28.34, 0.706187, 211.135, 2.185, 51.3568, 56.633
0.32, 0.02, 0.37, 1.63, 40.29, 0.65, 0.489592, 40.3282, 2.156, 48.3708, 68.2844
0.79, 0.06, 0.73, 11.05, 89.74, 31.36, 1.07731, 95.7017, 2.164, 50.3814, 43.1136
0.58, 0.04, 0.72, 38.83, 9.23, 23.77, 0.925419, 46.454, 2.16433, 52.2164, 43.9455
0.41, 0.13, 0.79, 9.94, 0.25, 6.59, 0.8995, 11.9287, 2.16667, 52.1318, 37.8145
0.31, 0.21, 0.74, 6.8, 8.16, 4.36, 0.829337, 11.482, 2.20333, 51.9984, 42.2686
0.13, 0.01, 0.02, 16.43, 6.48, 0.41, 0.131909, 17.6664, 2.191, 51.9624, 88.854
-0.14, 0.04, 0.35, 11.68, 9.64, 3.08, 0.379078, 15.4544, 2.16133, 51.3394, 69.5127
-0.45, 0.08, 0.89, 36.49, 2.82, 3.78, 1.0005, 36.7935, 2.15667, 51.3848, 27.1268
-0.33, 0.33, 0.9, 26.32, 8.77, 6.64, 1.0138, 28.5262, 2.16867, 48.7374, 25.8419
-0.34, 0.06, 0.8, 3.06, 65.16, 52.93, 0.871321, 84.0046, 2.17033, 47.6524, 36.8699
-0.14, 0.08, 0.93, 3.7, 96.74, 53.26, 0.943875, 110.494, 2.20033, 49.0234, 21.5652
0.11, 0.07, 0.07, 8.37, 103.88, 0.32, 0.147986, 104.217, 2.184, 49.5361, 85.986
0.42, 0.11, 0.21, 2.34, 91.13, 3.72, 0.482286, 91.2359, 2.161, 50.5761, 77.8776
0.52, 0.12, 0.79, 0.46, 65.26, 0.27, 0.953362, 65.2622, 2.192, 52.7758, 37.8145
0.5, 0, 0, 0, 0, 0, 0.5, 0, 2.16167, 52.6854, 90
-0.01, 0.61, 0.79, 0.11, 0.38, 0.72, 0.998148, 0.821523, 2.16167, 52.6508, 37.8145
0, 0.62, 0.79, 0.5, 1.82, 0.25, 1.00424, 1.90392, 2.161, 52.6871, 37.8145
0.01, 0.61, 0.79, 1.01, 1.4, 0.05, 0.998148, 1.72702, 2.16133, 52.7328, 37.8145
0.01, 0.62, 0.79, 0.11, 0.51, 0.05, 1.00429, 0.524118, 2.16133, 52.7238, 37.8145
0.02, 0.62, 0.78, 0.11, 1.97, 0.71, 0.996594, 2.09693, 2.16133, 52.7844, 38.7394
0.02, 0.62, 0.78, 0.2, 1, 0.03, 0.996594, 1.02025, 2.161, 52.8148, 38.7394
0.02, 0.61, 0.79, 0.3, 1.32, 0.52, 0.998299, 1.4501, 2.16167, 52.8314, 37.8145
0.02, 0.62, 0.79, 0.02, 0.27, 0.53, 1.00444, 0.595147, 2.162, 52.7834, 37.8145
0.01, 0.62, 0.8, 0.11, 0.44, 0.67, 1.01218, 0.809074, 2.16233, 52.7424, 36.8699
0.02, 0.61, 0.78, 0.08, 0.14, 0.35, 0.990404, 0.385357, 2.16267, 52.7274, 38.7394
0.02, 0.62, 0.79, 0.47, 0.92, 0.37, 1.00444, 1.09736, 2.163, 52.7401, 37.8145
0.01, 0.62, 0.78, 0.1, 0.37, 0.31, 0.996444, 0.49295, 2.16333, 52.6828, 38.7394
0.02, 0.62, 0.79, 0.96, 0.46, 0.57, 1.00444, 1.20752, 1.17767, 50.0393, 37.8145
0.01, 0.62, -30.37, 16.2926, 65, 0, 30.3763, 67.0108, 2.192, 44.7211, -nan(ind)
-0.35, 0.18, 0.04, 3.86, 134.48, 102.5, 0.395601, 169.133, 2.17267, 43.6044, 87.7076
0.39, 0.21, 0.55, 40.79, 205.21, 28.34, 0.706187, 211.135, 2.18733, 51.3301, 56.633
0.32, 0.02, 0.37, 1.63, 40.29, 0.65, 0.489592, 40.3282, 2.15833, 48.3441, 68.2844
0.79, 0.06, 0.73, 11.05, 89.74, 31.36, 1.07731, 95.7017, 2.16633, 50.3548, 43.1136
0.58, 0.04, 0.72, 38.83, 9.23, 23.77, 0.925419, 46.454, 2.16667, 52.1898, 43.9455
0.41, 0.13, 0.79, 9.94, 0.25, 6.59, 0.8995, 11.9287, 2.169, 52.1051, 37.8145
0.31, 0.21, 0.74, 6.8, 8.16, 4.36, 0.829337, 11.482, 2.20567, 51.9718, 42.2686
0.13, 0.01, 0.02, 16.43, 6.48, 0.41, 0.131909, 17.6664, 2.19333, 51.9358, 88.854
-0.14, 0.04, 0.35, 11.68, 9.64, 3.08, 0.379078, 15.4544, 2.16367, 51.3128, 69.5127
-0.45, 0.08, 0.89, 36.49, 2.82, 3.78, 1.0005, 36.7935, 2.159, 51.3581, 27.1268
-0.33, 0.33, 0.9, 26.32, 8.77, 6.64, 1.0138, 28.5262, 2.171, 48.7108, 25.8419
-0.34, 0.06, 0.8, 3.06, 65.16, 52.93, 0.871321, 84.0046, 2.17267, 47.6258, 36.8699
-0.14, 0.08, 0.93, 3.7, 96.74, 53.26, 0.943875, 110.494, 2.20267, 48.9968, 21.5652
0.11, 0.07, 0.07, 8.37, 103.88, 0.32, 0.147986, 104.217, 2.18633, 49.5094, 85.986
0.42, 0.11, 0.21, 2.34, 91.13, 3.72, 0.482286, 91.2359, 2.16333, 50.5494, 77.8776
0.52, 0.12, 0.79, 0.46, 65.26, 0.27, 0.953362, 65.2622, 2.19433, 52.7491, 37.8145
0.5, 0, 0, 0, 0, 0, 0.5, 0, 2.164, 52.7088, 90
0.01, 0.62, 0.8, 0.56, 0.95, 0.92, 1.01218, 1.43614, 2.16467, 52.7041, 36.8699
0.02, 0.61, 0.79, 0.39, 0.68, 0.08, 0.998299, 0.787972, 2.165, 52.6604, 37.8145
0.01, 0.61, 0.78, 0.27, 0.96, 0.24, 0.990252, 1.02572, 2.16433, 52.6871, 38.7394
0.02, 0.61, 0.79, 0.32, 0.35, 0.3, 0.998299, 0.56116, 2.16433, 52.6264, 37.8145
0.02, 0.62, 0.8, 0.02, 0.79, 0.73, 1.01232, 1.07583, 2.165, 52.6368, 36.8699
0.02, 0.61, 0.79, 0.45, 0.89, 0.27, 0.998299, 1.0332, 2.165, 52.6191, 37.8145
0.02, 0.61, 0.79, 0.06, 0.6, 0.24, 0.998299, 0.648999, 2.16467, 52.6218, 37.8145
0.02, 0.62, 0.79, 0.37, 0.98, 0.46, 1.00444, 1.14407, 2.16467, 52.6414, 37.8145
0.02, 0.61, 0.79, 0.39, 0.11, 0.95, 0.998299, 1.03281, 2.165, 52.6708, 37.8145
0.02, 0.62, 0.8, 0.58, 0.53, 0.11, 1.01232, 0.793347, 2.16533, 52.6528, 36.8699
0.02, 0.61, 0.8, 0.75, 0.79, 0.67, 1.00623, 1.27887, 2.166, 52.7004, 36.8699
0.01, 0.62, 0.79, 0.3, 0.01, 0.14, 1.00429, 0.33121, 2.16567, 52.6491, 37.8145
0.03, 0.62, 0.77, 0.14, 0.4, 0, 0.98904, 0.423792, 1.17967, 49.9573, 39.6461
-0.35, 0.18, 0.04, 3.86, 134.48, 102.5, 0.395601, 169.133, 1.17967, 49.9573, 87.7076
0.39, 0.21, 0.55, 40.79, 205.21, 28.34, 0.706187, 211.135, 1.17967, 49.9573, 56.633
0.32, 0.02, 0.37, 1.63, 40.29, 0.65, 0.489592, 40.3282, 1.17967, 49.9573, 68.2844
0.79, 0.06, 0.73, 11.05, 89.74, 31.36, 1.07731, 95.7017, 1.17967, 49.9573, 43.1136
0.58, 0.04, 0.72, 38.83, 9.23, 23.77, 0.925419, 46.454, 1.17967, 49.9573, 43.9455
0.41, 0.13, 0.79, 9.94, 0.25, 6.59, 0.8995, 11.9287, 1.17967, 49.9573, 37.8145
0.31, 0.21, 0.74, 6.8, 8.16, 4.36, 0.829337, 11.482, 1.17967, 49.9573, 42.2686
0.13, 0.01, 0.02, 16.43, 6.48, 0.41, 0.131909, 17.6664, 1.17967, 49.9573, 88.854
-0.14, 0.04, 0.35, 11.68, 9.64, 3.08, 0.379078, 15.4544, 1.17967, 49.9573, 69.5127
-0.45, 0.08, 0.89, 36.49, 2.82, 3.78, 1.0005, 36.7935, 1.17967, 49.9573, 27.1268
-0.33, 0.33, 0.9, 26.32, 8.77, 6.64, 1.0138, 28.5262, 1.17967, 49.9573, 25.8419
-0.34, 0.06, 0.8, 3.06, 65.16, 52.93, 0.871321, 84.0046, 1.17967, 49.9573, 36.8699
-0.14, 0.08, 0.93, 3.7, 96.74, 53.26, 0.943875, 110.494, 1.17967, 49.9573, 21.5652
0.11, 0.07, 0.07, 8.37, 103.88, 0.32, 0.147986, 104.217, 1.17967, 49.9573, 85.986
0.42, 0.11, 0.21, 2.34, 91.13, 3.72, 0.482286, 91.2359, 1.17967, 49.9573, 77.8776
0.52, 0.12, 0.79, 0.46, 65.26, 0.27, 0.953362, 65.2622, 1.17967, 49.9573, 37.8145
0.5, 0, 0, 0, 0, 0, 0.5, 0, 1.17967, 49.9573, 90
0.02, 0.61, 0.79, 0.89, 0.9, 0.37, 0.998299, 1.31871, 1.17933, 49.9483, 37.8145
0.02, 0.62, 0.79, 0.56, 0.1, 0.08, 1.00444, 0.574456, 1.17967, 49.9347, 37.8145
0.02, 0.62, 0.79, 0.11, 0.66, 0.57, 1.00444, 0.878977, 1.18067, 49.9303, 37.8145
0.02, 0.61, 0.8, 0.14, 0.5, 0.69, 1.00623, 0.863539, 1.181, 49.9423, 36.8699
0.02, 0.61, 0.79, 0.57, 0.44, 0.46, 0.998299, 0.854459, 1.18033, 49.94, 37.8145
0.02, 0.62, 0.79, 0.69, 0.5, 0.56, 1.00444, 1.01966, 1.18067, 49.9447, 37.8145
0.02, 0.61, 0.78, 0.47, 0.1, 0.8, 0.990404, 0.93322, 1.18033, 49.9603, 38.7394
0.02, 0.61, 0.79, 0.02, 0.59, 0.78, 0.998299, 0.978213, 1.18, 49.9463, 37.8145
0.02, 0.62, 0.79, 0.37, 0.25, 0.69, 1.00444, 0.821888, 1.18033, 49.9417, 37.8145
0.02, 0.62, 0.79, 0.39, 0.14, 0.01, 1.00444, 0.414488, 1.18, 49.919, 37.8145
0.02, 0.62, 0.79, 0.02, 0.88, 0.47, 1.00444, 0.997848, 1.18, 49.891, 37.8145
0.02, 0.61, 0.79, 0.63, 0.69, 0.69, 0.998299, 1.16151, 1.18, 49.943, 37.8145
0.02, 0.61, 0.78, 0.28, 0.3714, 0, 0.990404, 0.465121, 1.17967, 49.9467, 38.7394
0.03, 0.62, 0.77, 0.14, 0.4, 0, 0.98904, 0.423792, 1.208, 41.9367, 39.6461
-0.35, 0.18, 0.04, 3.86, 134.48, 102.5, 0.395601, 169.133, 1.18867, 40.82, 87.7076
0.39, 0.21, 0.55, 40.79, 205.21, 28.34, 0.706187, 211.135, 1.20333, 48.5457, 56.633
0.32, 0.02, 0.37, 1.63, 40.29, 0.65, 0.489592, 40.3282, 1.17433, 45.5597, 68.2844
0.79, 0.06, 0.73, 11.05, 89.74, 31.36, 1.07731, 95.7017, 1.18233, 47.5704, 43.1136
0.58, 0.04, 0.72, 38.83, 9.23, 23.77, 0.925419, 46.454, 1.18267, 49.4054, 43.9455
0.41, 0.13, 0.79, 9.94, 0.25, 6.59, 0.8995, 11.9287, 1.185, 49.3207, 37.8145
0.31, 0.21, 0.74, 6.8, 8.16, 4.36, 0.829337, 11.482, 1.22167, 49.1874, 42.2686
0.13, 0.01, 0.02, 16.43, 6.48, 0.41, 0.131909, 17.6664, 1.20933, 49.1514, 88.854
-0.14, 0.04, 0.35, 11.68, 9.64, 3.08, 0.379078, 15.4544, 1.17967, 48.5284, 69.5127
-0.45, 0.08, 0.89, 36.49, 2.82, 3.78, 1.0005, 36.7935, 1.175, 48.5737, 27.1268
-0.33, 0.33, 0.9, 26.32, 8.77, 6.64, 1.0138, 28.5262, 1.187, 45.9264, 25.8419
-0.34, 0.06, 0.8, 3.06, 65.16, 52.93, 0.871321, 84.0046, 1.18867, 44.8414, 36.8699
-0.14, 0.08, 0.93, 3.7, 96.74, 53.26, 0.943875, 110.494, 1.21867, 46.2124, 21.5652
0.11, 0.07, 0.07, 8.37, 103.88, 0.32, 0.147986, 104.217, 1.20233, 46.725, 85.986
0.42, 0.11, 0.21, 2.34, 91.13, 3.72, 0.482286, 91.2359, 1.17933, 47.765, 77.8776
0.52, 0.12, 0.79, 0.46, 65.26, 0.27, 0.953362, 65.2622, 1.21033, 49.9647, 37.8145
0.5, 0, 0, 0, 0, 0, 0.5, 0, 1.17967, 49.8927, 90
0.02, 0.62, 0.79, 0.1, 0.57, 0.67, 1.00444, 0.885325, 1.17967, 49.9127, 37.8145
0.02, 0.61, 0.78, 0.14, 0.59, 0.32, 0.990404, 0.685638, 1.179, 49.903, 38.7394
0.02, 0.62, 0.78, 0.18, 0.44, 0.18, 0.996594, 0.508331, 1.17867, 49.8854, 38.7394
0.03, 0.62, 0.79, 0.06, 0.1, 0.43, 1.00469, 0.445533, 1.17933, 49.856, 37.8145
0.02, 0.61, 0.79, 0.13, 0.45, 0.56, 0.998299, 0.730068, 1.179, 49.8357, 37.8145
0.02, 0.63, 0.81, 0.27, 0.46, 0.13, 1.02635, 0.548999, 1.18067, 49.8187, 35.9041
0.02, 0.61, 0.78, 2.43, 0.85, 0.03, 0.990404, 2.57455, 1.18033, 49.8827, 38.7394
0.02, 0.61, 0.81, 0.05, 0.54, 0.69, 1.0142, 0.87761, 1.18067, 49.8817, 35.9041
0.02, 0.62, 0.79, 0.2, 0.15, 0.65, 1.00444, 0.696419, 1.18067, 49.897, 37.8145
0.02, 0.61, 0.79, 2.24, 0.63, 0.42, 0.998299, 2.36451, 1.18033, 49.961, 37.8145
0.03, 0.61, 0.8, 0.62, 0.67, 0.87, 1.00648, 1.26103, 1.181, 49.966, 36.8699
0.01, 0.61, 0.78, 2.12, 0.47, 0.14, 0.990252, 2.17598, 1.18067, 50.0353, 38.7394
0.03, 0.6, 0.8, 0.43, 0.63, 0, 1.00045, 0.762758, 1.181, 50.0527, 36.8699
-0.35, 0.18, 0.04, 3.86, 134.48, 102.5, 0.395601, 169.133, 1.181, 50.0527, 87.7076
0.39, 0.21, 0.55, 40.79, 205.21, 28.34, 0.706187, 211.135, 1.181, 50.0527, 56.633
0.32, 0.02, 0.37, 1.63, 40.29, 0.65, 0.489592, 40.3282, 1.181, 50.0527, 68.2844
0.79, 0.06, 0.73, 11.05, 89.74, 31.36, 1.07731, 95.7017, 1.181, 50.0527, 43.1136
0.58, 0.04, 0.72, 38.83, 9.23, 23.77, 0.925419, 46.454, 1.181, 50.0527, 43.9455
0.41, 0.13, 0.79, 9.94, 0.25, 6.59, 0.8995, 11.9287, 1.181, 50.0527, 37.8145
0.31, 0.21, 0.74, 6.8, 8.16, 4.36, 0.829337, 11.482, 1.181, 50.0527, 42.2686
0.13, 0.01, 0.02, 16.43, 6.48, 0.41, 0.131909, 17.6664, 1.181, 50.0527, 88.854
-0.14, 0.04, 0.35, 11.68, 9.64, 3.08, 0.379078, 15.4544, 1.181, 50.0527, 69.5127
-0.45, 0.08, 0.89, 36.49, 2.82, 3.78, 1.0005, 36.7935, 1.181, 50.0527, 27.1268
-0.33, 0.33, 0.9, 26.32, 8.77, 6.64, 1.0138, 28.5262, 1.181, 50.0527, 25.8419
-0.34, 0.06, 0.8, 3.06, 65.16, 52.93, 0.871321, 84.0046, 1.181, 50.0527, 36.8699
-0.14, 0.08, 0.93, 3.7, 96.74, 53.26, 0.943875, 110.494, 1.181, 50.0527, 21.5652
0.11, 0.07, 0.07, 8.37, 103.88, 0.32, 0.147986, 104.217, 1.181, 50.0527, 85.986
0.42, 0.11, 0.21, 2.34, 91.13, 3.72, 0.482286, 91.2359, 1.181, 50.0527, 77.8776
0.52, 0.12, 0.79, 0.46, 65.26, 0.27, 0.953362, 65.2622, 1.181, 50.0527, 37.8145
0.5, 0, 0, 0, 0, 0, 0.5, 0, 1.181, 50.0527, 90
0.03, 0.61, 0.78, 0, 0.77, 0.31, 0.990656, 0.83006, 1.18067, 50.044, 38.7394
0.01, 0.61, 0.8, 1.05, 0.98, 0.55, 1.00608, 1.53799, 1.181, 50.095, 36.8699
0.01, 0.61, 0.81, 0.05, 0.67, 0.34, 1.01405, 0.752994, 1.18133, 50.1037, 35.9041
0.01, 0.61, 0.79, 0.34, 0.45, 0.44, 0.998148, 0.715332, 1.18033, 50.125, 37.8145
0.02, 0.62, 0.79, 0.03, 0.43, 0.75, 1.00444, 0.865043, 1.18067, 50.1273, 37.8145
0.02, 0.62, 0.79, 0.2, 0.66, 0.38, 1.00444, 0.787401, 1.17967, 50.14, 37.8145
0.02, 0.61, 0.79, 0.5, 0.83, 0.77, 0.998299, 1.23766, 1.18, 50.0997, 37.8145
0.02, 0.62, 0.8, 0.63, 0.86, 0.62, 1.01232, 1.23325, 1.18, 50.1273, 36.8699
0.03, 0.64, 0.79, 0.26, 0.45, 0.44, 1.01715, 0.680955, 1.181, 50.1323, 37.8145
0.02, 0.61, 0.78, 3.72, 0.02, 0.9, 0.990404, 3.82738, 1.18067, 50.1773, 38.7394
0.02, 0.61, 0.8, 0.26, 0.33, 0.92, 1.00623, 1.01139, 1.18033, 50.1557, 36.8699
0.02, 0.62, 0.78, 0.19, 0.17, 0.24, 0.996594, 0.350143, 1.181, 50.0847, 38.7394
0.03, 0.61, 0.79, 1.88, 0.29, 0.67, 0.998549, 2.01678, 1.181, 50.144, 37.8145
0.03, 0.6, 0.8, 0.37, 0.5, 0.41, 1.00045, 0.744983, 1.20967, 42.1587, 36.8699
0.02, 37, 16.2926, 65, 0, 0, 40.4283, 65, 2.94842, 35.1807, -nan(ind)
0, 0, 0, 0, 0, 0, 0, 0, 2.92475, 33.7617, 90
