0.32 -0.07 0.80 1.30 73.84 -11.82
-0.07 -0.30 1.21 -23.93 75.46 -29.26
-0.03 -0.30 1.09 -12.91 -25.45 -33.87
0.06 -0.45 0.96 -1.89 13.09 0.22
0.03 -0.12 0.90 8.53 -27.41 -1.91
0.15 -0.21 0.90 6.68 -19.49 2.98
0.31 -0.23 0.89 5.30 -28.89 -2.22
0.17 -0.32 1.06 16.49 3.21 -17.40
0.28 -0.22 0.99 19.91 -54.70 -78.45
0.49 -0.12 0.71 -15.65 -14.51 -88.82
0.38 -0.26 0.79 -3.82 12.33 -116.87
0.39 -0.02 1.00 -14.16 34.79 -133.33
0.33 -0.21 0.99 -23.50 27.60 -96.05
0.11 -0.02 0.91 -106.80 73.97 -59.12
0.19 -0.38 0.66 -71.05 57.55 -67.47
-0.05 -0.38 0.85 -35.69 119.29 -22.96
0.22 -0.12 0.71 1.16 49.95 8.68
-0.15 -0.62 1.05 -52.49 116.03 -13.01
-0.31 -0.31 1.01 -8.29 -3.94 -27.35
0.01 -0.20 0.77 -59.22 -8.57 -9.62
-0.21 -0.73 1.00 -10.85 -11.25 -151.37
-0.19 -0.53 0.76 16.69 25.46 -188.73
0.03 -0.76 0.81 59.97 -26.13 -250.00
-0.02 -0.57 0.86 -0.25 -19.08 -23.80
0.16 -0.47 0.88 38.63 -33.07 -34.19
0.14 -0.43 0.77 24.93 8.47 -44.28
0.21 -0.27 0.88 14.42 -15.45 -67.03
0.26 -0.24 0.85 -35.61 46.46 -83.63
0.01 -0.68 0.86 15.11 51.53 -69.78
-0.03 -0.48 0.74 -5.55 92.38 -80.39
-0.16 -0.53 0.86 56.26 2.10 -146.71
0.29 -0.16 0.62 59.10 -49.37 -105.81
0.36 -0.20 1.02 -3.93 45.81 -73.89
0.04 -0.33 1.01 -3.49 45.33 -81.26
0.49 -0.12 0.71 -15.65 -14.51 -88.82
0.38 -0.26 0.79 -3.82 12.33 -116.87
0.39 -0.02 1.00 -14.16 34.79 -133.33
0.33 -0.21 0.99 -23.50 27.60 -96.05
0.11 -0.02 0.91 -106.80 73.97 -59.12
0.19 -0.38 0.66 -71.05 57.55 -67.47
-0.05 -0.38 0.85 -35.69 119.29 -22.96
0.22 -0.12 0.71 1.16 49.95 8.68
-0.15 -0.62 1.05 -52.49 116.03 -13.01
-0.31 -0.31 1.01 -8.29 -3.94 -27.35
0.01 -0.20 0.77 -59.22 -8.57 -9.62
-0.21 -0.73 1.00 -10.85 -11.25 -151.37
-0.19 -0.53 0.76 16.69 25.46 -188.73
0.03 -0.76 0.81 59.97 -26.13 -250.00
0.03 -0.49 0.78 0.65 9.90 -46.68
0.16 -0.09 1.04 -54.92 48.73 -9.75
-0.13 -0.71 1.21 25.50 53.13 -11.64
0.23 -0.23 0.81 49.61 -81.12 -37.81
0.05 -0.28 0.95 71.31 41.30 -8.45
-0.00 -0.07 0.88 50.93 1.88 -0.64
0.05 -0.17 0.87 37.67 -28.79 22.81
0.07 -0.13 1.01 37.23 -25.92 -27.34
0.19 -0.07 0.97 0.20 0.00 8.48
0.19 -0.09 0.75 0.93 20.10 9.06
0.07 -0.28 1.39 13.63 22.81 -19.01
0.04 -0.20 1.00 43.75 -50.33 -20.7
0.49 -0.12 0.71 -15.65 -14.51 -88.82
0.38 -0.26 0.79 -3.82 12.33 -116.87
0.39 -0.02 1.00 -14.16 34.79 -133.33
0.33 -0.21 0.99 -23.50 27.60 -96.05
0.11 -0.02 0.91 -106.80 73.97 -59.12
0.19 -0.38 0.66 -71.05 57.55 -67.47
-0.05 -0.38 0.85 -35.69 119.29 -22.96
0.22 -0.12 0.71 1.16 49.95 8.68
-0.15 -0.62 1.05 -52.49 116.03 -13.01
-0.31 -0.31 1.01 -8.29 -3.94 -27.35
0.01 -0.20 0.77 -59.22 -8.57 -9.62
-0.06 -0.54 0.88 -21.77 20.52 6.28
-0.21 -0.73 1.00 -10.85 -11.25 -151.37
-0.19 -0.53 0.76 16.69 25.46 -188.73
0.03 -0.76 0.81 59.97 -26.13 -250.00
0.15 -0.06 0.86 9.72 -44.09 -5.85
0.34 0.00 0.69 -29.76 14.63 -12.70
0.33 -0.20 1.05 15.24 50.51 -32.30
0.17 -0.01 0.58 -100.46 55.13 -13.92
-0.08 -0.27 0.89 -20.17 48.58 -38.20
-0.04 -0.41 1.00 2.32 15.22 -31.20
0.04 -0.24 0.98 -42.85 9.84 -26.34
-0.17 -0.38 0.99 1.85 26.90 13.43
-0.06 -0.27 0.75 23.90 -47.84 -2.72
-0.08 -0.22 0.77 69.17 5.93 7.21
0.03 -0.17 1.00 23.66 -26.05 28.08
0.01 -0.16 0.85 33.05 -27.23 36.60
0.49 -0.12 0.71 -15.65 -14.51 -88.82
0.38 -0.26 0.79 -3.82 12.33 -116.87
0.39 -0.02 1.00 -14.16 34.79 -133.33
0.33 -0.21 0.99 -23.50 27.60 -96.05
0.11 -0.02 0.91 -106.80 73.97 -59.12
0.19 -0.38 0.66 -71.05 57.55 -67.47
-0.05 -0.38 0.85 -35.69 119.29 -22.96
0.22 -0.12 0.71 1.16 49.95 8.68
-0.15 -0.62 1.05 -52.49 116.03 -13.01
-0.31 -0.31 1.01 -8.29 -3.94 -27.35
0.01 -0.20 0.77 -59.22 -8.57 -9.62
-0.06 -0.54 0.88 -21.77 20.52 6.28 
-0.21 -0.73 1.00 -10.85 -11.25 -151.37
-0.19 -0.53 0.76 16.69 25.46 -188.73
0.03 -0.76 0.81 59.97 -26.13 -250.00
0.17 -0.12 1.12 7.20 -10.48 3.56
0.25 -0.17 1.01 -10.22 -25.63 -10.59
0.22 -0.07 1.00 1.63 -2.76 -18.94
0.17 -0.12 0.85 4.48 40.62 -38.21
-0.07 -0.14 0.98 -8.01 47.36 -22.59
0.01 -0.16 1.05 25.44 43.85 -44.11
-0.28 -0.00 0.94 8.04 14.46 -12.82
-0.34 -0.06 1.20 -2.04 -32.16 -2.09
-0.27 -0.09 0.71 -16.14 -100.96 26.86
0.27 -0.19 1.09 28.06 -176.15 -9.99
0.54 -0.05 0.87 26.87 -125.21 -41.15
0.49 -0.12 0.71 -15.65 -14.51 -88.82
0.38 -0.26 0.79 -3.82 12.33 -116.87
0.39 -0.02 1.00 -14.16 34.79 -133.33
0.33 -0.21 0.99 -23.50 27.60 -96.05
0.11 -0.02 0.91 -106.80 73.97 -59.12
0.19 -0.38 0.66 -71.05 57.55 -67.47
-0.05 -0.38 0.85 -35.69 119.29 -22.96
0.22 -0.12 0.71 1.16 49.95 8.68
-0.15 -0.62 1.05 -52.49 116.03 -13.01
-0.31 -0.31 1.01 -8.29 -3.94 -27.35
0.01 -0.20 0.77 -59.22 -8.57 -9.62
-0.21 -0.73 1.00 -10.85 -11.25 -151.37
-0.19 -0.53 0.76 16.69 25.46 -188.73
0.03 -0.76 0.81 59.97 -26.13 -250.00
0.63 -0.09 0.96 -30.27 -13.53 9.04
0.74 -0.23 0.86 -38.89 6.62 -13.52
0.46 -0.23 0.83 -12.27 14.76 -30.67
0.36 -0.10 0.93 19.12 -35.86 7.32
0.53 -0.00 0.78 30.20 -37.00 16.74
0.51 -0.01 0.79 74.76 -15.03 34.10
0.52 0.11 0.75 31.72 36.19 84.00
0.47 0.06 0.81 56.89 60.46 54.64
0.28 -0.07 0.99 50.35 87.65 63.84
0.38 -0.15 1.24 22.12 0.48 54.33
0.48 0.22 0.98 -5.16 19.51 21.95
0.49 -0.12 0.71 -15.65 -14.51 -88.82
0.38 -0.26 0.79 -3.82 12.33 -116.87
0.39 -0.02 1.00 -14.16 34.79 -133.33
0.33 -0.21 0.99 -23.50 27.60 -96.05
0.11 -0.02 0.91 -106.80 73.97 -59.12
0.19 -0.38 0.66 -71.05 57.55 -67.47
-0.05 -0.38 0.85 -35.69 119.29 -22.96
0.22 -0.12 0.71 1.16 49.95 8.68
-0.15 -0.62 1.05 -52.49 116.03 -13.01
-0.31 -0.31 1.01 -8.29 -3.94 -27.35
0.01 -0.20 0.77 -59.22 -8.57 -9.62
-0.21 -0.73 1.00 -10.85 -11.25 -151.37
-0.19 -0.53 0.76 16.69 25.46 -188.73
0.03 -0.76 0.81 59.97 -26.13 -250.00
0.30 -0.06 0.93 -23.22 35.67 59.13
0.30 -0.05 0.96 -32.32 21.32 37.98
0.37 -0.17 1.07 -15.08 18.52 21.68
0.24 -0.11 0.99 -5.26 27.03 20.81
0.14 -0.14 0.96 -6.52 39.25 39.05
0.08 -0.08 0.87 -26.16 12.40 35.56
0.16 -0.28 1.04 18.73 4.14 2.87
0.17 -0.03 0.94 -13.00 -7.80 17.00
0.11 -0.13 0.88 -45.77 18.39 34.38
0.12 -0.22 0.73 -7.00 3.23 6.35
0.19 -0.28 1.05 -1.03 -36.37 23.25
0.49 -0.12 0.71 -15.65 -14.51 -88.82
0.38 -0.26 0.79 -3.82 12.33 -116.87
0.39 -0.02 1.00 -14.16 34.79 -133.33
0.33 -0.21 0.99 -23.50 27.60 -96.05
0.11 -0.02 0.91 -106.80 73.97 -59.12
0.19 -0.38 0.66 -71.05 57.55 -67.47
-0.05 -0.38 0.85 -35.69 119.29 -22.96
0.22 -0.12 0.71 1.16 49.95 8.68
-0.15 -0.62 1.05 -52.49 116.03 -13.01
-0.31 -0.31 1.01 -8.29 -3.94 -27.35
0.01 -0.20 0.77 -59.22 -8.57 -9.62
-0.21 -0.73 1.00 -10.85 -11.25 -151.37
-0.19 -0.53 0.76 16.69 25.46 -188.73
0.03 -0.76 0.81 59.97 -26.13 -250.00
0.22 -0.14 1.03 2.87 -2.84 10.79
0.13 -0.15 0.89 7.51 15.00 15.98
0.17 -0.22 1.02 10.22 -8.19 3.48
0.19 -0.11 0.90 3.46 -2.45 2.32
0.24 -0.14 0.95 2.36 -6.50 -10.21
0.19 -0.12 0.95 7.94 13.40 -8.20
0.10 -0.11 1.02 -19.27 -0.76 7.40
0.14 -0.21 0.98 -3.46 3.94 4.23
0.18 -0.17 0.90 -5.38 6.00 16.27
0.14 -0.17 0.96 3.64 4.91 14.58
0.23 -0.22 1.00 16.27 0.89 9.17
0.18 -0.02 0.94 -11.75 -25.86 7.69
0.49 -0.12 0.71 -15.65 -14.51 -88.82
0.38 -0.26 0.79 -3.82 12.33 -116.87
0.39 -0.02 1.00 -14.16 34.79 -133.33
0.33 -0.21 0.99 -23.50 27.60 -96.05
0.11 -0.02 0.91 -106.80 73.97 -59.12
0.19 -0.38 0.66 -71.05 57.55 -67.47
-0.05 -0.38 0.85 -35.69 119.29 -22.96
0.22 -0.12 0.71 1.16 49.95 8.68
-0.15 -0.62 1.05 -52.49 116.03 -13.01
-0.31 -0.31 1.01 -8.29 -3.94 -27.35
0.01 -0.20 0.77 -59.22 -8.57 -9.62
-0.21 -0.73 1.00 -10.85 -11.25 -151.37
-0.19 -0.53 0.76 16.69 25.46 -188.73
0.03 -0.76 0.81 59.97 -26.13 -250.00
0.28 -0.29 0.93 23.85 -10.96 -0.95
0.16 0.07 0.80 -22.90 -14.03 12.79
0.14 -0.25 1.06 -3.75 14.31 17.67
0.22 -0.28 0.91 13.66 -8.19 -0.32
0.17 0.12 0.70 -50.51 -34.83 10.37
0.13 -0.34 0.94 -2.84 20.76 16.64
0.27 -0.31 0.82 24.14 -2.70 -19.87
0.23 -0.01 0.69 21.49 37.41 -19.27
0.10 -0.12 0.95 28.21 92.79 -6.14
-0.12 -0.06 1.17 17.07 36.03 4.38
0.02 -0.09 1.06 7.87 -30.70 -0.74
0.05 -0.02 1.01 -8.13 -21.81 -5.75
0.49 -0.12 0.71 -15.65 -14.51 -88.82
0.38 -0.26 0.79 -3.82 12.33 -116.87
0.39 -0.02 1.00 -14.16 34.79 -133.33
0.33 -0.21 0.99 -23.50 27.60 -96.05
0.11 -0.02 0.91 -106.80 73.97 -59.12
0.19 -0.38 0.66 -71.05 57.55 -67.47
-0.05 -0.38 0.85 -35.69 119.29 -22.96
0.22 -0.12 0.71 1.16 49.95 8.68
-0.15 -0.62 1.05 -52.49 116.03 -13.01
-0.31 -0.31 1.01 -8.29 -3.94 -27.35
0.01 -0.20 0.77 -59.22 -8.57 -9.62
-0.21 -0.73 1.00 -10.85 -11.25 -151.37
-0.19 -0.53 0.76 16.69 25.46 -188.73
0.03 -0.76 0.81 59.97 -26.13 -250.00
0.37 -0.30 1.04 -51.41 -105.71 -2.35
0.57 -0.38 0.67 -54.18 -47.36 6.55
0.31 -0.31 0.72 -33.93 -0.69 0.97
0.42 -0.36 0.90 20.48 -3.81 -26.69
0.32 -0.20 0.93 -32.42 -10.15 -4.98
0.38 -0.36 0.72 -19.87 -20.10 -8.00
0.39 -0.29 0.80 1.32 -0.53 -10.44
0.26 -0.25 0.93 -32.78 -5.74 2.40
0.30 -0.40 0.88 25.55 -9.57 -1.51
0.35 -0.22 0.84 -19.16 -8.97 22.16
0.39 -0.31 0.80 -13.94 -7.13 1.86
0.38 -0.26 0.79 -3.82 12.33 -116.87
0.39 -0.02 1.00 -14.16 34.79 -133.33
0.33 -0.21 0.99 -23.50 27.60 -96.05
0.11 -0.02 0.91 -106.80 73.97 -59.12
0.19 -0.38 0.66 -71.05 57.55 -67.47
-0.05 -0.38 0.85 -35.69 119.29 -22.96
0.22 -0.12 0.71 1.16 49.95 8.68
-0.15 -0.62 1.05 -52.49 116.03 -13.01
-0.31 -0.31 1.01 -8.29 -3.94 -27.35
0.01 -0.20 0.77 -59.22 -8.57 -9.62
-0.21 -0.73 1.00 -10.85 -11.25 -151.37
-0.19 -0.53 0.76 16.69 25.46 -188.73
0.03 -0.76 0.81 59.97 -26.13 -250.00
0.31 -0.35 0.94 19.13 12.33 6.36
0.24 -0.20 0.86 1.37 23.10 21.59
0.23 -0.27 0.87 5.17 13.38 13.35
0.36 -0.37 0.90 27.69 -11.56 -2.37
0.29 -0.21 0.93 4.33 -5.00 1.00
0.33 -0.29 0.92 3.36 -0.92 14.25
0.27 -0.27 0.87 -16.85 8.59 0.63
0.28 -0.34 0.87 12.40 1.55 -5.96
0.29 -0.25 0.86 -11.36 -3.19 -3.26
0.27 -0.29 0.96 -12.59 3.46 -12.76
0.28 -0.31 0.85 -17.86 -21.60 8.96
0.30 -0.29 0.72 -17.91 -17.53 -1.63
0.38 -0.26 0.79 -3.82 12.33 -116.87
0.39 -0.02 1.00 -14.16 34.79 -133.33
0.33 -0.21 0.99 -23.50 27.60 -96.05
0.11 -0.02 0.91 -106.80 73.97 -59.12
0.19 -0.38 0.66 -71.05 57.55 -67.47
-0.05 -0.38 0.85 -35.69 119.29 -22.96
0.22 -0.12 0.71 1.16 49.95 8.68
-0.15 -0.62 1.05 -52.49 116.03 -13.01
-0.31 -0.31 1.01 -8.29 -3.94 -27.35
0.01 -0.20 0.77 -59.22 -8.57 -9.62
-0.21 -0.73 1.00 -10.85 -11.25 -151.37
-0.19 -0.53 0.76 16.69 25.46 -188.73
0.03 -0.76 0.81 59.97 -26.13 -250.00
0.42 -0.26 0.79 14.33 31.56 9.98
0.26 -0.26 0.88 10.49 29.03 5.07
0.32 -0.31 0.91 13.09 13.51 -3.52
0.24 -0.28 0.90 0.03 15.04 14.10
0.27 -0.29 0.86 11.51 -2.34 7.75
0.29 -0.31 0.91 7.25 19.25 7.06
0.18 -0.31 0.90 5.71 13.58 19.07
0.25 -0.27 0.86 5.90 -0.93 1.76
0.26 -0.30 0.90 9.32 11.27 6.61
0.24 -0.30 0.91 17.07 32.16 19.49
0.18 -0.27 0.90 -3.91 31.43 18.95
0.38 -0.26 0.79 -3.82 12.33 -116.87
0.39 -0.02 1.00 -14.16 34.79 -133.33
0.33 -0.21 0.99 -23.50 27.60 -96.05
0.11 -0.02 0.91 -106.80 73.97 -59.12
0.19 -0.38 0.66 -71.05 57.55 -67.47
-0.05 -0.38 0.85 -35.69 119.29 -22.96
0.22 -0.12 0.71 1.16 49.95 8.68
-0.15 -0.62 1.05 -52.49 116.03 -13.01
-0.31 -0.31 1.01 -8.29 -3.94 -27.35
0.01 -0.20 0.77 -59.22 -8.57 -9.62
-0.06 -0.54 0.88 -21.77 20.52 6.28
-0.21 -0.73 1.00 -10.85 -11.25 -151.37