-0.71 0.18 0.96 -15.40 -187.81 -12.21
0.30 0.15 -0.09 30.56 -158.88 47.40
0.64 0.58 2.00 138.81 -250.00 50.51
0.51 0.15 0.29 -58.66 129.72 37.55
-0.04 -0.02 -0.30 -75.74 249.99 52.02
-1.10 -0.77 2.00 183.71 -140.86 6.53
0.14 0.10 -0.01 20.08 -119.71 40.45
0.40 -0.25 2.00 249.99 -250.00 66.23
0.68 0.14 0.30 -55.95 30.08 75.72
0.16 -0.15 -0.34 -56.72 249.99 11.64
-0.77 -0.69 2.00 235.60 34.00 -32.29
-0.78 0.35 0.61 -108.94 -41.27 -50.77
0.17 0.03 0.01 -50.06 -108.98 40.75
0.56 -1.12 2.00 249.99 -250.00 19.42
0.74 0.04 0.51 -77.12 143.52 26.31
0.02 -0.10 -0.24 -16.23 249.99 22.38
-1.11 -0.40 2.00 249.99 -10.89 -13.55
0.42 0.04 -0.11 -10.30 -157.11 4.73
1.07 0.01 1.93 249.99 -250.00 -27.23
0.62 0.08 0.08 -89.71 187.97 52.93
-0.04 -0.18 -0.30 -76.55 249.99 32.05
-1.44 0.00 1.56 92.82 20.84 -105.98
-0.21 0.26 0.00 -68.34 -137.71 -18.94
0.41 0.09 0.00 -29.88 -162.85 35.02
1.34 1.15 -0.32 1.67 -48.96 31.49
0.46 0.03 -0.21 -75.31 222.94 47.45
0.01 -0.32 0.05 -75.17 249.99 16.09
-1.62 0.01 1.62 -48.47 39.63 -125.31
0.70 -0.17 1.50 59.46 -250.00 26.54
0.91 0.23 0.71 -133.15 128.25 8.50
0.17 0.01 -0.42 -56.25 220.72 37.00
-0.12 -0.76 2.00 111.97 174.58 -1.74
-1.42 0.49 1.61 -54.15 -182.71 -59.91
0.21 0.12 -0.20 19.29 -211.17 82.60
0.97 -0.10 2.00 197.67 -250.00 2.30
0.43 0.10 0.77 -33.95 116.01 23.85
-0.02 0.00 -0.29 -55.14 249.99 33.47
-0.43 -0.72 2.00 103.57 94.67 5.16
0.40 0.08 -0.29 0.34 -190.46 33.14
0.84 -0.66 2.00 249.99 -250.00 -49.13
0.68 0.28 0.49 -55.66 148.65 7.27
-0.07 0.03 -0.22 -28.96 249.99 13.92
-1.11 -0.40 2.00 83.42 -68.04 -83.02
-0.05 0.28 0.47 -22.03 -232.19 -21.80
0.48 0.15 -0.34 -26.54 -78.87 18.03
0.91 -0.19 2.00 178.86 -89.55 -24.70
0.67 0.02 0.25 -63.48 103.64 -5.92
-0.07 0.03 -0.26 -49.89 249.99 13.68
-1.17 -0.67 2.00 197.22 -33.69 -28.63
0.43 0.10 -0.28 9.28 -205.02 -13.03
1.29 0.23 2.00 143.60 -198.03 -31.22
0.68 0.18 0.03 -42.69 177.55 -15.11
-0.18 -0.10 -0.18 -54.37 249.99 7.94
-1.37 -0.63 2.00 236.43 -63.05 -23.89
-0.38 0.37 0.52 4.23 -232.17 -44.65
0.36 0.08 -0.33 19.36 -182.85 -5.85
0.63 -0.74 2.00 249.99 -250.00 4.41
0.91 0.16 0.79 -79.38 96.80 16.60
0.05 -0.00 -0.25 -69.39 249.99 -22.58
-0.72 -0.76 1.68 205.89 142.59 -16.04
0.31 0.08 -0.14 0.81 -173.26 60.55
0.96 -0.47 2.00 249.99 -250.00 -31.80
0.77 0.11 0.25 -45.07 145.10 28.22
-0.05 -0.14 -0.17 -51.34 249.99 10.11
-1.30 -0.49 1.68 16.85 155.40 -106.80
-0.32 0.30 0.19 -10.60 -217.26 42.48
0.44 0.08 -0.19 19.84 -163.14 65.21
1.39 0.59 1.56 -23.64 -185.97 -22.05
0.70 0.08 0.04 -46.88 120.45 37.08
-0.04 -0.18 -0.36 -92.98 249.99 40.82
-0.75 0.32 0.63 7.44 -153.26 -0.69
0.41 0.07 -0.15 63.19 -195.78 81.49
1.58 0.58 2.00 119.54 -250.00 -57.59
0.45 0.23 0.06 -40.15 97.88 8.80
0.06 -0.00 -0.13 -23.78 227.75 21.85
-0.53 -0.72 2.00 211.94 -15.70 -35.44
-0.24 0.48 1.20 -49.77 -228.01 -1.01
0.18 0.20 -0.23 -39.02 -73.36 55.33
0.73 -0.20 1.83 43.53 -118.34 7.64
1.03 0.30 1.51 -70.08 87.67 4.48
0.52 0.13 -0.01 -59.00 228.10 -20.28
-1.58 0.24 2.00 -83.20 10.71 -106.67
-0.09 0.16 0.01 -23.40 -160.22 34.19
0.45 0.01 -0.10 4.52 -147.76 24.83
1.77 0.61 1.04 80.47 -250.00 -46.23
0.72 0.05 0.08 -37.19 234.16 -11.72
-0.09 -0.12 -0.22 -35.29 249.99 -13.14
-1.73 0.01 2.00 -31.11 36.96 -145.20
-0.13 0.39 -0.12 -27.09 -250.00 29.89
0.63 0.15 -0.44 -14.98 -136.15 32.78
1.53 0.20 1.09 94.51 -119.90 -58.97
0.64 0.10 0.03 -69.09 222.63 -2.46
-1.41 -0.46 1.67 80.47 -126.67 -93.07
-0.08 0.18 0.13 -11.05 -210.49 -43.10
0.47 0.14 -0.23 -3.86 -197.74 28.05
1.60 0.51 0.88 85.95 -75.16 -23.89
0.72 0.09 -0.13 -49.17 172.72 -30.71
-0.18 -0.07 -0.27 -47.83 249.99 2.30
-1.62 0.09 2.00 5.00 -89.78 -91.74
-0.12 0.27 0.57 -13.92 -250.00 3.13
0.40 0.04 -0.31 -16.28 -130.31 16.34
0.83 -0.54 2.00 249.99 -176.52 10.02
0.04 0.03 -0.31 -30.02 249.99 20.91
-0.49 -0.43 2.00 103.06 37.60 -0.95
-0.92 0.58 1.17 -52.65 -134.03 -81.63
0.10 0.04 -0.19 -12.65 -151.98 32.89
0.58 -0.99 2.00 249.99 -250.00 23.62
1.21 0.18 0.80 -117.84 75.46 48.28
0.28 -0.03 -0.38 -47.10 249.99 2.94
-0.54 -0.77 1.96 212.63 249.99 -63.10
-0.86 0.44 0.82 -38.50 -230.63 -40.05
0.35 0.08 -0.24 -19.62 -184.52 72.59
1.19 0.30 1.24 154.30 -125.31 -26.58
0.01 -0.03 -0.13 -53.88 249.28 -14.96
-1.07 -0.39 2.00 27.55 249.88 -158.97
-0.30 0.20 0.28 6.05 -250.00 10.46
0.43 -0.01 -0.29 -6.08 -155.90 64.67
1.08 0.75 2.00 128.56 -151.23 -45.32
0.92 0.23 0.18 -89.15 143.94 4.86
0.00 -0.05 -0.33 -70.11 249.99 10.93
-0.97 -0.78 1.83 218.05 189.80 0.23
-0.83 0.28 0.69 -48.61 -208.11 -21.68
0.14 -0.01 -0.19 -9.67 -150.93 74.74
0.97 -1.02 2.00 249.99 -250.00 -28.99
0.93 0.09 1.00 -84.61 92.06 55.44
0.13 0.13 -0.36 -54.92 249.99 8.37
-0.23 -0.33 1.78 -26.49 249.99 -6.21
-1.06 0.23 1.69 -36.10 -174.61 -47.29
0.15 0.08 -0.22 6.89 -175.59 67.69
0.88 0.04 1.09 118.78 -124.02 31.87
0.32 0.46 1.49 -67.50 3.07 66.09
0.13 0.13 -0.34 -93.99 236.79 47.74
-0.06 -0.43 0.44 -114.17 249.99 20.62
-0.96 0.11 1.75 -51.43 -84.08 -119.38
0.22 0.14 -0.06 -1.02 -215.49 -22.77
0.55 0.29 0.50 -79.77 45.61 102.55
0.00 -0.27 -0.45 -78.52 249.99 72.42
-0.90 -0.71 2.00 197.56 -46.46 -40.56
-0.41 0.30 0.53 -80.10 -78.95 -58.40
0.37 0.07 -0.03 -49.05 -143.77 -4.30
0.35 -0.54 1.94 249.99 -250.00 74.02
0.72 0.14 -0.33 -91.49 155.20 73.73
0.06 -0.31 -0.13 -91.26 249.99 58.75
-1.66 0.09 2.00 -37.32 249.99 -188.35
-0.35 0.12 -0.12 -93.40 -143.34 -21.48
1.19 0.29 -0.12 0.00 -249.95 105.38
0.21 0.03 -0.13 -178.21 240.20 30.01
-0.55 -0.75 2.00 102.65 168.07 84.03
-1.52 -0.34 1.91 13.51 -45.20 -145.87
-0.20 -0.09 -0.03 -18.16 -250.00 62.65
1.07 -0.18 0.00 121.84 -186.71 -54.12
1.02 0.26 1.38 -216.16 13.76 -17.42
0.28 -0.07 -0.47 -81.10 240.97 33.74
-0.53 -1.19 2.00 218.45 206.11 -9.80
-0.76 0.58 0.16 -160.21 -109.24 -91.38
0.36 0.37 0.01 -83.82 -184.51 27.60
-1.37 -0.30 2.00 249.99 -38.69 -81.80
1.08 0.66 -0.04 249.99 -250.00 13.91
0.42 0.02 -0.52 -235.19 151.55 82.78
0.02 -1.32 1.75 -84.02 249.99 -20.83
-0.65 -0.49 0.68 249.99 105.65 105.34
-0.34 1.46 2.00 -55.09 -229.92 -17.33
0.84 1.42 -0.26 -245.58 -85.34 127.17
1.05 -1.56 0.51 -237.25 0.86 -2.33
-0.65 -1.52 0.36 67.88 249.99 -118.09
-0.61 0.01 0.28 90.74 119.86 182.35
0.16 0.44 0.34 249.99 -250.00 23.05
0.36 0.37 0.01 -83.82 -184.51 27.60
-1.37 -0.30 2.00 249.99 -38.69 -81.80
1.30 -1.29 0.14 -156.07 249.99 1.37
-0.38 -1.42 0.66 63.56 249.99 -214.97
-0.65 -0.10 -0.13 -66.64 247.94 95.72
0.30 0.38 0.48 34.15 -22.17 37.76
-1.32 -0.26 2.00 249.99 -250.00 65.19
0.49 -0.14 -0.54 -50.03 249.99 -107.31
-1.04 -1.02 2.00 249.99 72.67 -114.39
-0.49 0.03 0.09 -129.20 -106.49 -20.24
0.46 0.05 -0.28 -92.86 -117.73 30.73
-0.47 -0.95 2.00 249.99 -250.00 74.78
0.54 0.22 0.14 -165.03 196.45 -49.27
-0.05 -0.24 -0.35 -113.69 249.99 4.10
-1.35 -0.39 2.00 249.99 -151.95 -15.53
-0.05 0.11 0.05 -172.43 -17.31 -5.41
0.57 -0.16 2.00 37.65 -250.00 24.65
1.39 0.26 0.11 -100.36 92.62 9.75
0.18 -0.01 -0.14 -97.79 249.99 18.16
-0.55 -0.88 2.00 218.86 101.96 -2.98
-0.60 0.35 0.70 -217.48 -63.98 -61.04
0.29 0.09 -0.17 -91.71 -100.92 10.04
0.03 -1.00 2.00 249.99 -250.00 83.64
0.80 0.19 0.22 -199.10 91.56 -17.39
0.14 -0.24 -0.36 -121.38 249.99 21.82
-0.74 -0.76 0.73 249.99 249.99 14.97
-0.58 0.47 0.29 -149.20 -176.24 -1.89
0.61 0.30 -0.35 -49.02 -191.26 58.95
1.45 0.70 0.92 -87.72 -0.36 -18.04
0.39 0.02 -0.40 -110.64 158.20 22.53
0.31 -0.89 1.36 -53.11 249.99 -6.22
-1.44 0.42 1.01 40.05 6.45 -49.27
-0.05 -0.24 -0.35 -113.69 249.99 4.10
-1.35 -0.39 2.00 249.99 -151.95 -15.53
-0.05 0.11 0.05 -172.43 -17.31 -5.41
0.57 -0.16 2.00 37.65 -250.00 24.65
1.39 0.26 0.11 -100.36 92.62 9.75
0.18 -0.01 -0.14 -97.79 249.99 18.16
-0.08 0.35 -0.03 -128.04 -110.07 23.17
0.68 -0.08 2.00 138.37 -250.00 109.17
0.64 0.21 0.76 -191.72 60.41 -38.48
0.25 -0.31 -0.23 -100.72 184.39 -7.84
-0.58 -0.80 1.13 249.99 249.99 -17.09
-0.68 0.54 -0.10 -129.74 -141.80 -12.04
0.46 0.32 -0.20 -32.31 -214.10 106.89
1.36 0.43 2.00 -172.32 100.75 -6.68
0.32 0.00 -0.49 -62.81 162.13 25.41
0.11 -0.82 0.94 -42.11 249.99 -4.06
-0.05 -0.24 -0.35 -113.69 249.99 4.10
-1.35 -0.39 2.00 249.99 -151.95 -15.53
-0.05 0.11 0.05 -172.43 -17.31 -5.41
0.57 -0.16 2.00 37.65 -250.00 24.65
1.39 0.26 0.11 -100.36 92.62 9.75
0.18 -0.01 -0.14 -97.79 249.99 18.16
0.24 0.30 -0.15 -67.34 -250.00 30.51
0.80 0.02 2.00 202.67 -181.08 83.63
0.44 0.29 0.67 -159.20 65.96 8.86
0.04 -0.24 -0.46 -83.82 249.99 68.13
-0.95 -1.17 2.00 249.99 140.98 9.90
-0.72 0.55 0.64 -161.58 -185.20 -69.24
0.48 0.38 -0.27 -55.59 -229.74 16.51
1.32 -0.67 0.23 249.99 -250.00 -34.07
0.38 0.17 -0.33 -134.44 179.91 42.02
0.08 -0.55 0.32 -97.63 249.99 36.32
-1.62 -0.61 2.00 249.99 -34.45 -35.37
-0.05 -0.24 -0.35 -113.69 249.99 4.10
-1.35 -0.39 2.00 249.99 -151.95 -15.53
-0.05 0.11 0.05 -172.43 -17.31 -5.41
0.57 -0.16 2.00 37.65 -250.00 24.65
1.39 0.26 0.11 -100.36 92.62 9.75
0.18 -0.01 -0.14 -97.79 249.99 18.16
0.68 -0.06 2.00 72.31 -250.00 46.78
1.01 0.43 1.04 -187.15 -23.20 -21.48
0.27 -0.03 -0.41 -101.68 247.25 19.46
-0.61 -1.08 2.00 249.99 228.44 0.63
-1.18 0.56 0.94 -129.45 -152.51 -121.54
0.26 0.17 -0.11 -61.87 -209.79 35.51
0.89 -0.97 2.00 249.99 -250.00 -13.12
0.76 0.27 0.13 -122.54 95.77 24.57
0.19 -0.26 -0.40 -97.43 249.99 17.40
-0.86 -0.64 1.01 249.99 249.99 -26.15
-0.05 -0.24 -0.35 -113.69 249.99 4.10
-1.35 -0.39 2.00 249.99 -151.95 -15.53
-0.05 0.11 0.05 -172.43 -17.31 -5.41
0.57 -0.16 2.00 37.65 -250.00 24.65
1.39 0.26 0.11 -100.36 92.62 9.75
0.18 -0.01 -0.14 -97.79 249.99 18.16
-0.55 -0.88 2.00 218.86 101.96 -2.9
0.45 0.11 -0.02 -64.25 -216.68 65.03
0.90 1.38 -0.25 249.99 -179.16 -35.54
0.48 0.11 -0.42 -119.56 181.43 33.90
0.25 -0.59 0.86 -79.95 249.99 2.20
-1.51 0.20 1.15 37.73 48.91 -118.50
-0.23 0.35 0.02 -134.06 -105.09 10.20
0.54 0.05 2.00 96.89 -250.00 103.15
1.03 0.17 0.72 -185.42 146.67 2.91
0.20 -0.19 -0.30 -97.05 249.99 28.80
-0.50 -0.61 1.37 249.99 204.22 4.37
-0.81 0.46 0.16 -238.96 28.84 -98.63
-0.05 -0.24 -0.35 -113.69 249.99 4.10
-0.05 0.11 0.05 -172.43 -17.31 -5.41
0.57 -0.16 2.00 37.65 -250.00 24.65
1.39 0.26 0.11 -100.36 92.62 9.75
0.18 -0.01 -0.14 -97.79 249.99 18.16
0.43 -0.74 0.94 249.99 -250.00 11.17
0.47 0.24 -0.23 -152.67 172.89 1.23
-0.07 -0.62 2.00 113.90 212.24 -4.51
-0.75 0.25 0.55 -131.06 -44.43 -52.41
0.17 -0.04 -0.05 -55.02 -99.85 53.85
0.11 -0.37 2.00 249.99 -236.53 106.80
0.81 0.09 0.56 -82.61 -69.61 9.89
0.33 -0.21 -0.42 -0.21 192.92 -10.34
-0.49 -0.88 2.00 249.99 213.97 -44.34
-0.73 0.60 0.44 -120.57 -183.40 -20.94
0.41 0.13 -0.16 -39.23 -166.24 79.40
-0.05 -0.24 -0.35 -113.69 249.99 4.10
-1.35 -0.39 2.00 249.99 -151.95 -15.53
-0.05 0.11 0.05 -172.43 -17.31 -5.41
0.57 -0.16 2.00 37.65 -250.00 24.65
1.39 0.26 0.11 -100.36 92.62 9.75
0.18 -0.01 -0.14 -97.79 249.99 18.16
0.72 -0.02 -0.21 -71.65 94.45 31.04
0.17 -0.39 -0.23 -79.55 249.99 -6.84
-1.19 0.33 2.00 41.04 130.06 -125.04
-0.27 0.38 0.06 -105.93 -120.32 15.76
0.60 0.12 0.84 17.59 -239.62 96.22
0.86 0.64 1.82 -189.47 36.61 -9.09
0.39 -0.11 -0.44 -84.36 220.25 35.29
0.20 -0.90 2.00 5.42 238.11 -20.43
-1.44 0.53 2.00 -114.13 17.97 -162.45
0.02 0.21 0.01 -91.84 -167.93 13.35
0.82 -0.97 2.00 249.99 -250.00 79.40
-0.05 -0.24 -0.35 -113.69 249.99 4.10
-1.35 -0.39 2.00 249.99 -151.95 -15.53
-0.05 0.11 0.05 -172.43 -17.31 -5.41