-0.05 0.11 0.05 -172.43 -17.31 -5.41
0.57 -0.16 2.00 37.65 -250.00 24.65
1.39 0.26 0.11 -100.36 92.62 9.75
0.18 -0.01 -0.14 -97.79 249.99 18.16
0.70 0.32 0.33 -173.15 129.86 0.78
0.13 -0.19 -0.38 -108.74 249.99 38.86
-0.63 -0.64 0.79 249.99 249.99 -18.15
-0.54 0.40 0.21 -151.05 -102.07 -39.83
0.37 0.16 -0.07 -74.42 -186.33 40.93
1.06 1.60 -0.15 106.63 -148.64 15.42
0.26 0.09 -0.29 -153.63 221.12 25.87
-0.17 -1.12 2.00 249.99 249.99 1.37
-0.94 0.60 0.33 -135.18 -128.21 -116.05
0.21 0.43 0.24 -94.36 -219.36 17.06
1.09 -0.89 1.11 249.99 -250.00 -22.84
-0.05 -0.24 -0.35 -113.69 249.99 4.10
-1.35 -0.39 2.00 249.99 -151.95 -15.53
-0.05 0.11 0.05 -172.43 -17.31 -5.41
0.57 -0.16 2.00 37.65 -250.00 24.65
1.39 0.26 0.11 -100.36 92.62 9.75
0.18 -0.01 -0.14 -97.79 249.99 18.16
0.01 -0.35 -0.03 -123.69 249.99 33.69
-1.49 -0.29 2.00 249.99 85.11 -50.62
-0.27 0.32 0.01 -111.74 -145.73 -32.75
0.65 0.14 1.06 3.56 -250.00 32.75
1.42 0.68 0.90 -121.68 50.35 -15.74
0.19 0.03 -0.33 -134.35 249.99 29.21
-0.62 -1.23 2.00 230.15 187.21 2.70
-1.12 0.61 0.96 -147.27 -114.80 -104.90
0.20 0.23 -0.03 -100.23 -155.70 18.91
0.62 -1.23 1.37 249.99 -250.00 -4.74
0.62 0.22 0.05 -143.05 161.77 -15.78
-0.05 -0.24 -0.35 -113.69 249.99 4.10
-1.35 -0.39 2.00 249.99 -151.95 -15.53
-0.05 0.11 0.05 -172.43 -17.31 -5.41
0.57 -0.16 2.00 37.65 -250.00 24.65
1.39 0.26 0.11 -100.36 92.62 9.75
0.18 -0.01 -0.14 -97.79 249.99 18.16
-1.52 -0.51 2.00 249.99 66.22 -15.66
-0.29 0.35 0.03 -116.36 -118.85 -28.18
0.49 0.15 1.61 20.90 -250.00 49.86
1.38 0.62 1.06 -154.56 -21.35 -23.22
0.44 -0.05 -0.39 -102.29 221.58 10.57
-0.36 -1.12 2.00 226.62 249.99 -26.78
-1.01 0.69 0.50 -114.10 -116.38 -154.97
0.15 0.29 -0.03 -83.35 -186.56 32.49
0.86 -1.15 2.00 249.99 -250.00 -5.29
0.78 0.10 0.18 -148.40 122.09 -21.03
-0.05 -0.24 -0.35 -113.69 249.99 4.10
-1.35 -0.39 2.00 249.99 -151.95 -15.53
-0.05 0.11 0.05 -172.43 -17.31 -5.41
0.57 -0.16 2.00 37.65 -250.00 24.65
1.39 0.26 0.11 -100.36 92.62 9.75
0.18 -0.01 -0.14 -97.79 249.99 18.16
-1.20 -0.55 2.00 205.28 187.43 -101.03
-0.22 0.32 0.02 -104.16 -121.15 -46.71
0.95 -1.16 2.00 249.99 -250.00 6.69
1.16 0.26 0.87 -202.13 74.51 -14.53
0.33 -0.12 -0.41 -73.30 158.59 -23.82
-0.38 -0.49 2.00 190.11 249.99 -73.14
-0.45 0.17 -0.05 -146.07 13.18 -157.86
0.22 -1.33 2.00 165.63 -250.00 -32.54
1.11 0.69 -0.41 75.20 -17.36 -117.43
0.25 -0.07 0.22 -54.70 249.99 -60.17
-0.81 0.39 1.80 23.58 146.84 -140.85
-0.05 -0.24 -0.35 -113.69 249.99 4.10
-1.35 -0.39 2.00 249.99 -151.95 -15.53
-0.05 0.11 0.05 -172.43 -17.31 -5.41
0.57 -0.16 2.00 37.65 -250.00 24.65
1.39 0.26 0.11 -100.36 92.62 9.75
0.18 -0.01 -0.14 -97.79 249.99 18.16
0.37 -0.09 -0.23 -126.77 -153.02 -9.34
0.75 -0.73 0.77 249.99 -250.00 -98.89
1.44 0.35 0.71 -177.15 204.65 -23.60
0.21 -0.21 -0.14 -78.76 249.99 -53.79
-0.83 -0.62 2.00 249.99 240.00 -87.57
-0.44 0.50 0.18 -101.33 -147.48 -79.77
0.32 0.19 -0.11 -56.21 -119.73 36.45
0.78 -0.89 2.00 249.99 -250.00 -67.54
0.88 0.30 0.71 -148.61 149.64 -29.49
0.17 -0.19 -0.15 -67.42 249.99 -24.70
-0.05 -0.24 -0.35 -113.69 249.99 4.10
-1.35 -0.39 2.00 249.99 -151.95 -15.53
-0.05 0.11 0.05 -172.43 -17.31 -5.41
0.57 -0.16 2.00 37.65 -250.00 24.65
1.39 0.26 0.11 -100.36 92.62 9.75
0.18 -0.01 -0.14 -97.79 249.99 18.16
-0.74 0.43 0.27 -98.41 -85.91 -47.28
0.10 0.08 0.08 -60.91 -105.82 64.63
0.24 -0.64 2.00 249.99 -250.00 5.07
0.95 0.03 1.38 -106.06 119.16 10.22
0.23 -0.10 -0.45 -15.96 249.99 -5.96
-0.49 -0.60 2.00 219.78 200.36 -19.11
-1.06 0.76 1.12 -121.33 -137.77 -93.84
0.02 0.10 -0.11 -45.45 -119.09 41.92
1.00 -0.82 2.00 235.39 -250.00 28.50
1.00 0.30 1.21 -172.26 130.76 25.78
-0.05 -0.24 -0.35 -113.69 249.99 4.10
-1.35 -0.39 2.00 249.99 -151.95 -15.53
-0.05 0.11 0.05 -172.43 -17.31 -5.41
0.57 -0.16 2.00 37.65 -250.00 24.65
1.39 0.26 0.11 -100.36 92.62 9.75
0.18 -0.01 -0.14 -97.79 249.99 18.16
-0.39 -0.72 2.00 127.83 133.45 4.23
-0.94 0.49 1.12 -85.51 -173.85 -70.64
0.15 0.11 -0.17 -18.78 -179.50 53.88
0.98 -0.53 2.00 205.20 -189.93 39.44
0.85 0.33 1.33 -155.33 57.36 27.98
0.28 -0.03 -0.40 -77.42 241.70 23.32
-0.43 -0.86 2.00 142.63 205.99 3.18
-1.12 0.38 1.62 -63.80 -246.54 -124.79
0.15 0.18 -0.18 -30.69 -240.44 50.74
1.68 -0.73 2.00 239.20 -217.89 -3.49
0.92 0.21 1.16 -175.61 138.04 3.01
-0.05 -0.24 -0.35 -113.69 249.99 4.10
-1.35 -0.39 2.00 249.99 -151.95 -15.53
-0.05 0.11 0.05 -172.43 -17.31 -5.41
0.57 -0.16 2.00 37.65 -250.00 24.65
1.39 0.26 0.11 -100.36 92.62 9.75
0.18 -0.01 -0.14 -97.79 249.99 18.16
-0.15 -0.66 2.00 20.31 222.43 -39.15
-1.16 0.53 1.09 -150.28 -86.60 -110.00
-0.02 0.07 -0.01 -80.19 -95.45 54.63
0.85 -0.89 2.00 192.49 -250.00 24.83
0.95 0.29 0.75 -151.31 67.94 -23.91
0.26 0.00 -0.32 -48.19 193.24 37.02
-0.12 -0.76 2.00 100.62 185.61 5.39
-1.23 0.42 1.62 -56.80 -148.28 -99.14
-0.01 0.13 -0.14 8.89 -161.04 100.86
1.01 -0.15 1.68 90.34 -244.23 42.57
-0.05 -0.24 -0.35 -113.69 249.99 4.10
-1.35 -0.39 2.00 249.99 -151.95 -15.53
-0.05 0.11 0.05 -172.43 -17.31 -5.41
0.57 -0.16 2.00 37.65 -250.00 24.65
1.39 0.26 0.11 -100.36 92.62 9.75
0.18 -0.01 -0.14 -97.79 249.99 18.16
0.37 -0.18 -0.28 -64.33 192.48 15.61
-0.34 -0.77 2.00 116.33 249.99 23.12
-0.90 0.14 2.00 13.16 -223.06 -122.02
0.02 0.22 -0.34 -22.07 -212.77 64.77
0.93 0.07 -0.73 -31.95 -13.61 49.26
1.14 0.42 1.50 68.79 -99.64 -50.77
0.33 0.09 0.52 -111.31 151.62 -12.81
0.07 -0.12 -0.09 -100.31 215.61 7.05
-0.37 -0.52 2.00 249.99 171.59 -34.65
-0.65 0.24 1.26 -40.04 -156.57 -38.64
0.09 0.18 -0.21 -33.33 -119.64 106.83
-0.05 -0.24 -0.35 -113.69 249.99 4.10
-1.35 -0.39 2.00 249.99 -151.95 -15.53
-0.05 0.11 0.05 -172.43 -17.31 -5.41
0.57 -0.16 2.00 37.65 -250.00 24.65
0.57 -0.16 2.00 37.65 -250.00 24.65
1.39 0.26 0.11 -100.36 92.62 9.75
0.18 -0.01 -0.14 -97.79 249.99 18.16
-0.20 -0.54 0.89 71.20 -49.22 28.89
0.03 -0.20 1.36 42.41 -85.75 23.46
0.12 0.15 0.90 -23.61 -81.54 104.55
0.66 -0.06 0.58 9.99 -109.36 104.05
0.84 -0.21 0.62 97.44 114.72 67.12
0.33 0.04 0.95 -15.56 186.48 120.38
-0.32 0.21 0.87 -56.59 65.85 118.85
-0.18 0.05 0.33 -55.31 79.08 77.19
-0.13 -0.20 0.90 3.37 -99.49 11.19
0.20 -0.61 1.09 160.47 -58.77 -50.86
0.03 -0.15 1.02 68.25 -76.62 -68.09
-0.05 -0.24 -0.35 -113.69 249.99 4.10
-1.35 -0.39 2.00 249.99 -151.95 -15.53
-0.05 0.11 0.05 -172.43 -17.31 -5.41
0.57 -0.16 2.00 37.65 -250.00 24.65
1.39 0.26 0.11 -100.36 92.62 9.75
0.18 -0.01 -0.14 -97.79 249.99 18.16
0.45 0.20 0.58 -54.02 -122.43 107.32
1.06 -0.35 0.61 96.15 -13.81 2.17
0.62 0.28 0.91 88.29 144.81 90.01
-0.38 -0.03 1.60 -68.61 64.26 133.26
-0.18 0.35 0.35 -47.55 82.41 49.90
0.03 0.02 0.22 -64.88 88.91 24.19
-0.29 -0.75 1.33 221.29 -96.95 -8.16
-0.14 0.01 1.84 60.92 -202.29 -53.67
0.47 0.54 0.27 -36.37 -198.30 57.98
0.55 0.43 -0.26 -35.98 40.55 98.43
0.72 0.05 1.87 145.23 13.62 -68.09
-0.05 -0.24 -0.35 -113.69 249.99 4.10
-1.35 -0.39 2.00 249.99 -151.95 -15.53
-0.05 0.11 0.05 -172.43 -17.31 -5.41
0.57 -0.16 2.00 37.65 -250.00 24.65
1.39 0.26 0.11 -100.36 92.62 9.75
0.18 -0.01 -0.14 -97.79 249.99 18.16
-0.37 -0.14 2.00 13.38 58.53 -9.04
-0.02 0.19 0.63 -60.05 74.12 27.08
0.10 -0.11 0.07 -25.85 86.66 11.90
-0.29 -0.24 1.31 182.24 9.31 -70.21
-0.19 0.35 1.36 22.26 -250.00 -7.36
0.40 0.37 -0.14 -16.49 -83.42 63.32
0.74 0.07 0.38 19.51 12.48 -3.16
1.03 0.18 1.26 -9.44 103.87 -43.89
0.41 0.24 0.48 -97.72 85.46 -21.30
0.04 0.00 -0.12 -62.16 190.74 -4.81
-0.30 -0.44 1.60 119.96 71.30 -13.77
-0.05 -0.24 -0.35 -113.69 249.99 4.10
-1.35 -0.39 2.00 249.99 -151.95 -15.53
-0.05 0.11 0.05 -172.43 -17.31 -5.41
0.57 -0.16 2.00 37.65 -250.00 24.65
1.39 0.26 0.11 -100.36 92.62 9.75
0.18 -0.01 -0.14 -97.79 249.99 18.16
0.17 0.47 -0.08 -33.51 -202.75 79.28
0.78 -0.01 0.58 -12.13 -70.14 54.66
1.68 0.19 0.91 16.86 19.77 -67.09
0.73 0.27 0.28 -119.93 160.12 -16.94
-0.07 0.02 -0.19 -98.45 249.99 -4.59
-0.85 -0.48 2.00 149.50 52.47 -16.06
-0.43 -0.00 1.15 -25.51 -142.51 -80.96
0.04 0.10 -0.03 10.41 -139.21 36.94
0.84 -0.16 1.27 98.48 -226.13 15.04
1.10 0.64 0.98 -88.41 104.56 11.41
0.35 0.21 0.40 -106.71 167.69 -4.28
-0.05 -0.24 -0.35 -113.69 249.99 4.10
-1.35 -0.39 2.00 249.99 -151.95 -15.53
-0.05 0.11 0.05 -172.43 -17.31 -5.41
0.57 -0.16 2.00 37.65 -250.00 24.65
1.39 0.26 0.11 -100.36 92.62 9.75
0.18 -0.01 -0.14 -97.79 249.99 18.16
-0.79 -0.72 1.49 244.54 41.42 -24.07
-0.39 0.14 0.65 -7.61 -225.88 13.81
0.24 0.12 -0.21 30.63 -125.31 67.38
1.01 -0.04 2.00 200.81 -160.28 9.45
0.47 0.19 1.79 -76.86 77.48 47.16
0.13 0.12 0.07 -76.67 163.88 29.11
0.06 -0.27 0.22 -82.51 216.67 25.69
-1.30 -0.31 2.00 9.20 107.83 -96.37
-0.24 0.21 0.40 8.47 -179.32 22.19
0.46 0.13 -0.21 39.05 -170.15 73.24
1.48 0.66 1.03 26.15 -46.39 16.37
-0.05 -0.24 -0.35 -113.69 249.99 4.10
-1.35 -0.39 2.00 249.99 -151.95 -15.53
-0.05 0.11 0.05 -172.43 -17.31 -5.41
0.57 -0.16 2.00 37.65 -250.00 24.65
1.39 0.26 0.11 -100.36 92.62 9.75
0.18 -0.01 -0.14 -97.79 249.99 18.16
0.07 -0.04 -0.34 -65.34 238.20 23.53
-0.61 -0.62 2.00 138.39 57.18 -5.17
-1.05 0.36 1.42 -42.47 -195.47 -31.23
0.23 0.07 -0.22 35.58 -216.37 62.77
0.84 0.11 1.29 107.30 -168.18 21.61
0.45 0.33 1.94 -106.99 73.36 59.76
0.31 0.03 -0.10 -55.04 180.44 29.70
-0.02 -0.40 1.06 -31.32 249.97 18.49
-1.73 0.21 2.00 -18.16 -3.49 -126.50
-0.11 0.19 0.04 7.26 -244.16 53.41
0.66 0.11 -0.15 35.25 -229.61 48.00
-0.05 -0.24 -0.35 -113.69 249.99 4.10
-1.35 -0.39 2.00 249.99 -151.95 -15.53
-0.05 0.11 0.05 -172.43 -17.31 -5.41
0.57 -0.16 2.00 37.65 -250.00 24.65
1.39 0.26 0.11 -100.36 92.62 9.75
0.18 -0.01 -0.14 -97.79 249.99 18.16
0.74 0.04 0.03 -74.01 95.15 15.31
0.12 -0.07 -0.37 -51.19 249.99 -2.71
-0.88 -0.49 2.00 249.99 152.08 25.84
-0.74 0.40 0.82 -55.08 -194.69 -26.02
0.27 0.05 -0.13 -19.36 -189.06 44.58
1.11 -0.81 2.00 249.99 -250.00 -55.49
1.10 0.11 0.93 -131.10 78.88 54.95
0.17 0.07 -0.35 -72.10 249.99 -3.44
-0.94 -0.38 2.00 154.56 148.75 -22.41
-0.76 0.22 0.96 -67.39 -152.76 -86.32
-0.05 -0.24 -0.35 -113.69 249.99 4.10
-1.35 -0.39 2.00 249.99 -151.95 -15.53
-0.05 0.11 0.05 -172.43 -17.31 -5.41
0.57 -0.16 2.00 37.65 -250.00 24.65
1.39 0.26 0.11 -100.36 92.62 9.75
0.18 -0.01 -0.14 -97.79 249.99 18.16
0.72 -0.71 2.00 209.43 -250.00 35.58
0.85 0.29 1.13 -160.70 174.51 11.73
0.08 -0.01 -0.39 -13.95 249.99 32.84
-0.38 -0.46 2.00 97.92 126.71 -14.78
-1.02 0.52 1.56 -57.56 -211.56 -73.92
0.03 0.10 -0.20 -17.53 -189.39 30.03
1.02 -0.25 1.86 42.25 -247.31 3.80
1.12 0.48 0.29 -128.16 136.70 40.44
0.20 0.10 -0.26 -78.54 249.99 28.59
-0.23 -0.43 2.00 27.11 249.99 9.64
-1.22 0.30 2.00 -74.14 -108.07 -115.04
-0.05 -0.24 -0.35 -113.69 249.99 4.10
-1.35 -0.39 2.00 249.99 -151.95 -15.53
-0.05 0.11 0.05 -172.43 -17.31 -5.41
0.57 -0.16 2.00 37.65 -250.00 24.65
1.39 0.26 0.11 -100.36 92.62 9.75
0.18 -0.01 -0.14 -97.79 249.99 18.16
0.69 0.03 -0.15 -2.07 -201.36 31.07
1.24 1.16 0.48 -57.29 11.25 10.62
0.54 0.11 0.08 -94.05 199.83 36.42
0.02 -0.25 -0.11 -75.59 249.99 14.07
-1.17 -0.40 2.00 111.37 183.42 -111.82
-0.38 0.32 0.27 -44.34 -208.07 -16.72
0.40 0.04 -0.16 -20.80 -217.80 47.42
1.16 0.43 2.00 249.99 -246.42 -80.47
0.79 0.23 0.43 -135.86 125.13 17.27
0.10 -0.10 -0.26 -70.30 249.99 -12.31
-0.05 -0.24 -0.35 -113.69 249.99 4.10
-1.35 -0.39 2.00 249.99 -151.95 -15.53
-0.05 0.11 0.05 -172.43 -17.31 -5.41