-0.13 -0.80 1.26 249.99 249.99 -104.33
-1.11 0.50 0.31 -197.95 -56.34 -91.85
0.06 -0.13 0.24 -98.29 -89.69 113.27
0.59 -0.64 0.49 249.99 -206.07 -26.02
1.13 0.31 0.19 -202.81 126.15 68.16
0.10 -0.02 -0.29 -103.49 237.56 36.94
-0.05 -0.24 -0.35 -113.69 249.99 4.10
-1.35 -0.39 2.00 249.99 -151.95 -15.53
-0.05 0.11 0.05 -172.43 -17.31 -5.41
0.57 -0.16 2.00 37.65 -250.00 24.65
1.39 0.26 0.11 -100.36 92.62 9.75
0.18 -0.01 -0.14 -97.79 249.99 18.16
-1.11 0.46 1.41 -70.00 -101.47 -134.36
-0.09 0.11 -0.08 -52.83 -166.94 84.69
1.14 -0.85 2.00 249.99 -250.00 -9.83
1.34 0.23 0.53 -148.45 92.03 97.41
0.24 0.07 -0.41 -78.14 249.99 39.21
-0.18 -0.42 2.00 2.62 249.99 15.11
-1.32 0.23 2.00 -70.32 39.12 -171.07
-0.21 0.22 0.08 -56.98 -182.05 34.72
0.97 -0.32 1.80 89.13 -250.00 24.72
1.08 0.93 -0.09 -57.50 3.84 81.96
0.35 0.09 0.18 -95.87 231.27 20.42
-0.05 -0.24 -0.35 -113.69 249.99 4.10
-1.35 -0.39 2.00 249.99 -151.95 -15.53
-0.05 0.11 0.05 -172.43 -17.31 -5.41
0.57 -0.16 2.00 37.65 -250.00 24.65
1.39 0.26 0.11 -100.36 92.62 9.75
0.18 -0.01 -0.14 -97.79 249.99 18.16
-0.55 -0.88 2.00 218.86 101.96 -2.90 
0.57 -0.18 -0.02 -80.67 249.99 17.60
-1.47 -0.10 1.94 2.17 189.71 -104.21
-0.39 0.28 0.35 -50.90 -197.51 13.30
0.36 0.02 -0.19 -30.13 -180.68 56.48
1.16 -0.19 1.67 249.99 -250.00 -40.42
0.51 0.06 0.64 -99.65 98.53 38.29
0.03 -0.07 -0.27 -71.69 249.99 19.51
-0.66 -0.73 1.23 249.99 115.55 9.22
-0.78 0.43 0.63 -63.82 -186.02 -54.04
0.16 0.11 -0.10 -16.64 -198.82 49.93
1.12 -0.64 2.00 249.99 -250.00 -21.51
-0.05 -0.24 -0.35 -113.69 249.99 4.10
-1.35 -0.39 2.00 249.99 -151.95 -15.53
-0.05 0.11 0.05 -172.43 -17.31 -5.41
0.57 -0.16 2.00 37.65 -250.00 24.65
1.39 0.26 0.11 -100.36 92.62 9.75
0.18 -0.01 -0.14 -97.79 249.99 18.16
1.39 0.26 0.11 -100.36 92.62 9.75
0.18 -0.01 -0.14 -97.79 249.99 18.16
1.04 -0.23 1.88 110.08 -168.76 -2.89
0.96 0.21 1.59 -77.94 123.79 58.42
0.27 0.27 0.12 -51.44 229.03 -3.36
-0.15 -0.15 0.07 -40.95 249.99 30.21
-1.32 -0.09 2.00 -39.09 107.90 -83.69
-0.23 0.27 0.39 -20.05 -250.00 20.25
0.33 0.12 -0.22 4.75 -166.69 59.15
1.33 -0.17 1.99 232.25 -250.00 -57.09
0.91 0.01 0.95 -77.88 59.94 61.05
0.29 0.09 -0.17 -58.43 249.99 7.51
-0.17 -0.29 0.96 -23.66 249.99 12.37
0.20 0.23 0.55 -10.38 -34.33 13.81
-0.05 0.11 0.05 -172.43 -17.31 -5.41
0.57 -0.16 2.00 37.65 -250.00 24.65
1.39 0.26 0.11 -100.36 92.62 9.75
0.18 -0.01 -0.14 -97.79 249.99 18.16
-0.01 0.26 0.17 17.07 -250.00 31.82
0.62 0.07 -0.29 5.66 -179.09 25.95
1.39 0.80 1.20 110.31 -44.54 -15.71
0.70 0.17 0.49 -87.30 120.88 3.64
-0.02 0.11 -0.26 -56.53 249.99 -4.81
-0.27 -0.44 2.00 25.29 146.46 -3.64
-0.91 0.25 2.00 -63.43 -170.12 -85.43
0.08 0.18 -0.08 0.25 -237.30 27.65
0.60 0.10 -0.41 2.85 -124.79 27.88
1.29 0.72 1.01 90.76 -90.93 -28.24
-0.05 0.11 0.05 -172.43 -17.31 -5.41
0.57 -0.16 2.00 37.65 -250.00 24.65
1.39 0.26 0.11 -100.36 92.62 9.75
0.18 -0.01 -0.14 -97.79 249.99 18.16
0.23 0.05 -0.23 -62.81 236.61 -11.68
-0.53 -0.70 1.82 195.81 199.41 -11.07
-0.64 0.30 1.71 -16.85 -250.00 -73.31
0.17 0.25 -0.50 -11.51 -178.75 15.57
1.08 -0.12 1.49 -21.95 -34.31 21.69
1.14 0.46 0.96 -78.48 101.21 -6.07
0.49 -0.02 0.49 -71.97 121.64 -21.13
0.20 -0.53 1.68 24.50 230.04 -88.92
-0.88 0.46 1.70 -64.45 -3.94 -110.70
-0.09 0.18 -0.02 -83.22 -132.40 11.92
0.99 -0.60 1.64 246.69 -250.00 -54.69
-0.05 0.11 0.05 -172.43 -17.31 -5.41
0.57 -0.16 2.00 37.65 -250.00 24.65
1.39 0.26 0.11 -100.36 92.62 9.75
0.18 -0.01 -0.14 -97.79 249.99 18.16
-0.22 0.22 0.03 59.01 249.99 -57.97
-1.07 0.88 1.75 -5.37 -161.19 6.43
0.59 0.19 0.01 -80.86 -101.59 10.74
0.09 -0.04 -0.06 -87.23 75.09 18.91
0.34 -0.18 1.06 -31.54 -39.38 47.68
0.62 1.56 1.43 89.47 -235.44 51.40
0.44 0.34 0.46 -88.01 146.28 72.61
-0.04 0.00 -0.18 -81.53 249.99 42.61
-0.61 -0.63 2.00 159.69 8.03 14.61
-0.76 0.24 1.87 -27.41 -216.93 -41.43
0.20 0.20 -0.06 12.57 -199.72 47.45
-0.05 0.11 0.05 -172.43 -17.31 -5.41
0.57 -0.16 2.00 37.65 -250.00 24.65
1.39 0.26 0.11 -100.36 92.62 9.75
0.18 -0.01 -0.14 -97.79 249.99 18.16
-0.55 -0.88 2.00 218.86 101.96 -2.904
0.94 0.01 0.24 44.30 -158.31 5.02
1.10 0.93 0.82 -0.14 86.43 48.33
0.47 0.20 0.32 -98.79 159.39 48.37
-0.05 0.06 -0.24 -74.44 249.99 43.00
-0.66 -0.70 2.00 173.55 54.92 34.61
-0.82 0.27 1.67 -29.10 -250.00 -28.67
0.17 0.28 -0.21 -14.03 -250.00 38.81
1.15 -0.10 1.17 50.61 -128.71 6.14
0.95 0.40 1.16 -21.13 119.29 48.42
0.43 0.21 0.16 -80.20 198.72 12.18
-0.10 0.04 -0.05 -43.41 249.99 21.51
-0.67 -0.51 0.97 107.22 155.82 -53.73
-0.05 0.11 0.05 -172.43 -17.31 -5.41
0.57 -0.16 2.00 37.65 -250.00 24.65
1.39 0.26 0.11 -100.36 92.62 9.75
0.18 -0.01 -0.14 -97.79 249.99 18.16
0.26 0.31 -0.40 -14.83 -126.50 36.25
0.94 -0.12 2.00 67.83 -86.09 4.47
0.86 0.33 1.73 -39.24 93.99 51.57
0.57 0.26 0.54 -122.25 126.35 12.02
0.10 -0.01 0.02 -60.04 249.99 -4.80
-0.28 -0.68 0.87 135.80 200.06 -42.63
-0.53 0.13 1.28 -1.59 -201.03 -40.25
0.08 0.24 -0.12 10.16 -159.40 89.13
1.03 -0.18 1.63 85.99 -207.73 -17.04
0.88 0.64 1.51 -48.79 144.56 48.52
0.43 0.20 0.36 -113.64 134.82 -53.73
-0.05 0.11 0.05 -172.43 -17.31 -5.41
0.57 -0.16 2.00 37.65 -250.00 24.65
1.39 0.26 0.11 -100.36 92.62 9.75
0.18 -0.01 -0.14 -97.79 249.99 18.16
-0.55 -0.88 2.00 218.86 101.96 27.80
0.05 -0.04 -0.22 -73.87 249.99 23.87
-0.33 -0.79 1.05 228.62 103.68 13.66
-0.73 0.36 1.59 -16.62 -250.00 -61.49
0.14 0.32 -0.15 -5.77 -187.80 51.45
0.61 0.02 0.01 -17.17 -54.06 28.14
1.06 0.76 0.57 42.11 -64.26 -21.16
0.75 0.07 0.77 -101.16 29.69 52.41
0.27 0.03 0.08 -79.64 163.64 5.46
0.00 -0.43 1.78 40.80 160.19 -4.29
-1.20 -0.04 2.00 16.22 82.63 -140.05
-0.19 0.51 0.38 -12.66 -250.00 -15.26
-0.05 0.11 0.05 -172.43 -17.31 -5.41
0.57 -0.16 2.00 37.65 -250.00 24.65
1.39 0.26 0.11 -100.36 92.62 9.75
0.18 -0.01 -0.14 -97.79 249.99 18.16
1.16 -0.45 0.93 249.99 -147.95 -55.60
0.72 0.17 1.46 -83.12 69.97 50.29
0.30 0.19 0.51 -101.03 109.37 -0.75
0.18 -0.21 0.50 -52.60 180.50 -12.09
-0.37 -0.51 1.11 125.13 188.50 -61.78
-0.20 0.49 1.14 -37.61 -218.46 -58.75
0.10 0.27 -0.07 -52.56 -61.39 74.57
0.91 -0.31 1.94 39.76 -199.88 15.05
0.96 0.77 0.81 19.69 113.82 16.22
0.69 0.05 0.93 -98.14 81.95 67.58
0.15 0.09 0.14 -68.41 176.12 3.87
-0.05 0.11 0.05 -172.43 -17.31 -5.41
0.57 -0.16 2.00 37.65 -250.00 24.65
1.39 0.26 0.11 -100.36 92.62 9.75
0.18 -0.01 -0.14 -97.79 249.99 18.16
-0.17 0.11 1.90 -10.15 -167.62 -101.09
0.18 0.38 0.24 -40.90 -121.19 9.45
0.60 0.05 0.44 -22.25 -112.75 68.55
1.28 0.08 0.54 187.26 54.73 -31.95
0.69 0.06 1.15 -73.71 98.31 42.05
0.04 0.27 0.31 -51.90 184.48 -16.81
0.07 -0.09 0.54 -12.47 206.70 -22.12
-0.75 0.11 2.00 15.91 40.06 -88.76
-0.13 0.51 0.42 -32.85 -209.45 -7.07
0.25 0.15 -0.22 -18.24 -59.21 60.07
0.77 -0.25 2.00 144.38 -117.71 3.28
-0.05 0.11 0.05 -172.43 -17.31 -5.41
0.57 -0.16 2.00 37.65 -250.00 24.65
1.39 0.26 0.11 -100.36 92.62 9.75
0.18 -0.01 -0.14 -97.79 249.99 18.16
0.20 0.15 0.54 -85.24 150.40 49.36
0.08 -0.11 -0.05 -60.71 245.01 17.87
-0.51 -0.62 1.32 249.99 11.07 -38.42
-0.51 0.45 0.87 -43.05 -230.98 -78.48
0.09 0.19 -0.14 -18.73 -134.69 53.19
0.99 -0.49 2.00 154.41 -250.00 -18.59
0.46 0.20 1.58 -30.93 69.92 111.42
0.37 0.19 0.09 -47.79 173.23 -1.65
0.02 -0.09 0.93 22.57 248.84 -3.32
-0.59 0.24 2.00 -38.55 77.57 -117.00
-0.17 0.43 0.04 -75.917.71 3.28