-0.18 -0.39 0.56 -32.68 249.99 10.05
-1.95 0.35 2.00 -24.91 60.99 -104.84
-0.11 0.16 -0.09 -2.85 -240.26 23.54
0.58 -0.06 0.44 55.36 -250.00 7.08
0.54 0.40 1.39 -116.66 59.55 -3.72
0.14 0.05 -0.21 -54.88 215.39 29.16
-0.07 -0.35 0.20 -54.31 249.99 1.77
-2.00 0.18 2.00 -31.62 185.35 -123.90
-0.21 0.20 -0.07 -17.40 -240.84 16.81
0.54 0.06 -0.23 17.80 -250.00 1.68
0.83 0.42 1.48 -114.88 22.87 -9.22
0.25 0.04 -0.17 -35.10 209.18 14.52
-0.07 -0.29 -0.12 -53.79 249.99 8.37
-2.00 0.26 2.00 -53.58 198.74 -130.38
-0.25 0.15 -0.03 -12.36 -210.69 45.19
0.54 -0.12 0.29 22.36 -250.00 3.70
0.92 0.45 1.07 -120.96 19.92 -0.21
0.24 0.08 -0.22 -53.57 232.74 19.24
-0.08 -0.36 0.00 -70.96 249.99 10.60
-2.00 0.04 2.00 -30.79 249.99 -123.72
-0.27 0.22 0.06 -26.35 -224.28 28.09
0.69 -0.16 0.64 51.70 -250.00 1.80
0.03 0.11 -0.15 -56.88 219.00 37.96
-0.20 -0.22 -0.09 -57.95 249.99 48.64
-1.84 0.22 2.00 -86.37 57.16 -76.48
-0.19 0.18 -0.09 -17.69 -203.74 14.27
0.48 -0.06 0.08 18.14 -247.65 -8.45
1.24 0.41 1.25 -129.01 -27.43 -46.94
0.18 0.11 -0.23 -17.71 246.80 23.16
-0.07 -0.33 0.09 -36.61 249.99 20.02
-2.00 0.42 2.00 -50.54 101.38 -134.13
-0.15 0.16 -0.09 -22.70 -178.70 25.87
0.62 -0.26 1.93 85.88 -250.00 13.08
0.74 0.27 1.00 -121.99 135.38 42.80
0.01 0.08 -0.21 -62.71 249.99 53.03
-0.27 -0.32 1.38 -20.58 249.99 12.90
-1.62 0.41 1.48 -68.98 17.60 -115.62
0.01 0.07 -0.14 -28.97 -190.99 -5.70
0.56 -0.46 2.00 238.14 -250.00 22.18
0.53 0.15 0.60 -124.69 181.92 31.68
-0.03 -0.07 -0.26 -55.95 249.99 54.34
-1.40 -0.48 2.00 197.51 -19.00 14.27
-1.03 0.36 0.67 -58.54 -124.16 -38.97
0.28 0.00 -0.09 -9.00 -222.58 4.61
0.66 -1.00 2.00 249.99 -250.00 -2.18
0.50 0.18 0.08 -74.36 202.32 50.15
0.02 -0.18 -0.23 -59.94 249.99 52.77
-1.27 -1.08 0.98 207.33 164.70 -57.56
-0.83 0.38 0.32 -38.15 -204.08 8.61
0.41 -0.07 -0.05 5.08 -250.00 18.26
1.07 1.20 -0.15 -1.30 -227.17 -44.08
0.74 0.27 1.00 -121.99 135.38 42.80
0.01 0.08 -0.21 -62.71 249.99 53.03
-0.27 -0.32 1.38 -20.58 249.99 12.90
-1.62 0.41 1.48 -68.98 17.60 -115.62
0.01 0.07 -0.14 -28.97 -190.99 -5.70
0.56 -0.46 2.00 238.14 -250.00 22.18
-0.10 -0.30 -0.09 -76.60 249.99 11.17
-1.97 0.10 2.00 -21.52 198.49 -135.98
-0.19 0.20 -0.05 -36.25 -236.24 13.28
0.61 0.09 0.78 43.30 -250.00 28.23
0.93 0.29 0.83 -160.90 108.73 12.73
0.18 -0.05 -0.31 -41.51 249.99 54.99
-0.34 -0.74 2.00 67.65 212.49 -7.46
-1.75 0.72 1.16 -68.00 -18.94 -101.21
0.07 0.04 -0.10 -25.06 -217.96 27.58
0.38 -0.94 2.00 249.99 -250.00 18.38
0.54 0.16 0.21 -91.49 184.56 260.26 
0.74 0.27 1.00 -121.99 135.38 42.80
0.01 0.08 -0.21 -62.71 249.99 53.03
-0.27 -0.32 1.38 -20.58 249.99 12.90
-1.62 0.41 1.48 -68.98 17.60 -115.62
0.01 0.07 -0.14 -28.97 -190.99 -5.70
0.56 -0.46 2.00 238.14 -250.00 22.18
-0.02 -0.13 -0.24 -54.93 249.99 31.95
-1.36 -0.97 1.66 213.33 44.90 -67.62
-0.70 0.32 0.14 -41.88 -175.91 -39.62
0.38 0.00 -0.16 -14.18 -230.73 15.50
0.75 1.41 -0.46 57.52 -250.00 -6.77
0.33 0.11 -0.31 -61.54 241.36 44.53
-0.01 -0.35 -0.09 -69.33 249.99 30.40
-1.82 0.12 2.00 -84.21 249.99 -156.05
-0.33 0.21 -0.08 -21.84 -179.67 4.13
0.58 0.08 0.66 24.57 -250.00 38.30
0.94 0.37 0.81 -161.24 97.26 18.34
0.10 0.01 -0.25 -58.72 249.99 8
0.74 0.27 1.00 -121.99 135.38 42.80
0.01 0.08 -0.21 -62.71 249.99 53.03
-0.27 -0.32 1.38 -20.58 249.99 12.90
-1.62 0.41 1.48 -68.98 17.60 -115.62
0.01 0.07 -0.14 -28.97 -190.99 -5.70
0.56 -0.46 2.00 238.14 -250.00 22.18
-0.24 -0.52 2.00 27.20 248.48 6.88
-1.52 0.45 1.50 -64.86 7.22 -154.03
-0.07 0.06 -0.13 -28.08 -216.91 4.33
0.61 -0.10 2.00 98.71 -250.00 56.62
0.75 0.30 0.50 -187.93 128.36 15.39
0.10 -0.11 -0.30 -82.30 249.99 60.59
-1.25 -0.78 2.00 249.99 72.40 22.06
-1.38 0.67 0.54 -71.59 -97.72 -81.12
0.15 0.03 0.00 -28.69 -250.00 31.20
0.67 -0.68 0.03 249.99 -250.00 -45.91
0.39 0.12 -0.21 -91.58 238.91 52.12
-0.01 -0.29 -0.08 -74.13 249.999 8
0.74 0.27 1.00 -121.99 135.38 42.80
0.01 0.08 -0.21 -62.71 249.99 53.03
-0.27 -0.32 1.38 -20.58 249.99 12.90
-1.62 0.41 1.48 -68.98 17.60 -115.62
0.01 0.07 -0.14 -28.97 -190.99 -5.70
0.56 -0.46 2.00 238.14 -250.00 22.18
-2.00 0.28 1.78 -37.21 249.99 -156.60
-0.35 0.27 -0.12 -54.91 -214.13 -22.83
0.49 0.28 -0.11 -9.07 -250.00 47.23
1.26 0.31 0.74 -204.69 14.53 25.22
0.22 -0.08 -0.32 -78.03 249.99 46.69
-1.00 -0.88 2.00 248.79 249.99 31.84
-1.30 0.75 0.40 -79.99 -65.25 -96.23
0.13 0.22 -0.01 -27.34 -250.00 15.16
0.99 -0.33 -0.21 249.99 -250.00 -31.18
0.57 0.01 -0.23 -57.53 246.19 43.89
0.05 -0.37 -0.09 -62.36 249.99 17.20
0.74 0.27 1.00 -121.99 135.38 42.80
0.01 0.08 -0.21 -62.71 249.99 53.03
-0.27 -0.32 1.38 -20.58 249.99 12.90
-1.62 0.41 1.48 -68.98 17.60 -115.62
0.01 0.07 -0.14 -28.97 -190.99 -5.70
0.56 -0.46 2.00 238.14 -250.00 22.18
-0.41 0.36 -0.11 -59.05 -224.74 -8.75
0.47 0.24 -0.05 -2.30 -250.00 43.78
1.38 0.18 0.77 -171.58 -10.69 29.33
0.36 -0.09 -0.30 -58.78 249.99 18.39
-0.64 -0.94 2.00 200.00 249.99 -6.13
-1.57 0.67 0.50 -98.37 -33.13 -121.01
0.02 0.10 -0.04 -56.29 -229.16 39.19
0.48 -1.09 1.67 249.99 -250.00 6.71
0.99 -0.12 -0.17 -108.67 179.99 32.01
0.07 -0.22 -0.12 -65.13 249.99 18.31
-1.62 -0.48 1.75 113.39 249.99 -96.53
0.74 0.27 1.00 -121.99 135.38 42.80
0.01 0.08 -0.21 -62.71 249.99 53.03
-0.27 -0.32 1.38 -20.58 249.99 12.90
-1.62 0.41 1.48 -68.98 17.60 -115.62
0.01 0.07 -0.14 -28.97 -190.99 -5.70
0.56 -0.46 2.00 238.14 -250.00 22.18
0.39 -0.01 0.67 -29.52 -250.00 41.53
1.48 0.98 0.59 -99.85 -43.03 0.01
0.22 0.13 -0.16 -66.41 249.99 52.70
-0.01 -0.55 1.66 15.98 249.99 34.72
-1.83 0.66 1.94 -61.40 53.12 -164.22
-0.11 0.12 -0.13 -35.25 -221.66 26.70