-0.11 0.12 -0.13 -35.25 -221.66 26.70
0.56 -0.07 1.50 45.86 -250.00 35.07
0.93 0.22 0.62 -168.18 42.81 17.15
0.22 -0.07 -0.26 -53.00 249.99 35.69
-0.85 -0.79 2.00 230.13 213.34 0.40
-1.46 0.64 0.71 -81.82 -128 5.53
0.74 0.27 1.00 -121.99 135.38 42.80
0.01 0.08 -0.21 -62.71 249.99 53.03
-0.27 -0.32 1.38 -20.58 249.99 12.90
-1.62 0.41 1.48 -68.98 17.60 -115.62
0.01 0.07 -0.14 -28.97 -190.99 -5.70
0.56 -0.46 2.00 238.14 -250.00 22.18
0.13 0.03 -0.09 -41.73 -247.32 42.67
0.70 -1.10 1.70 249.99 -250.00 -34.23
0.68 0.11 -0.02 -104.11 217.25 34.63
-0.04 -0.21 -0.06 -60.82 249.99 51.07
-2.00 0.09 2.00 -20.72 249.99 -163.71
-0.41 0.25 -0.03 -46.65 -220.47 -10.21
0.60 -0.06 1.32 50.45 -250.00 15.11
1.24 0.50 0.67 -136.76 6.48 16.71
0.19 0.12 -0.21 -61.78 249.99 55.62
-0.06 -0.42 1.07 -22.57 249.99 35.25
-1.68 0.58 1.83 -76.45 36.32 -154.81
0.01 0.08 -0.21 -62.71 249.99 53.03
-0.27 -0.32 1.38 -20.58 249.99 12.90
-1.62 0.41 1.48 -68.98 17.60 -115.62
0.01 0.07 -0.14 -28.97 -190.99 -5.70
0.56 -0.46 2.00 238.14 -250.00 22.18
0.57 -0.16 2.00 77.78 -250.00 20.36
0.99 0.39 0.53 -189.67 77.91 27.24
0.11 -0.02 -0.24 -80.80 249.99 53.80
-1.08 -0.62 2.00 223.01 180.05 26.83
-1.16 0.46 0.63 -87.97 -134.97 -89.70
0.15 0.04 -0.05 -36.80 -246.82 34.63
0.81 -0.85 1.47 249.99 -250.00 -37.46
0.59 0.18 0.04 -94.25 190.02 38.02
0.03 -0.18 -0.16 -59.91 249.99 44.65
-1.61 -0.29 1.14 40.35 249.99 -123.15
-0.47 0.35 0.07 -58.36 -184.73 -21.21
0.01 0.08 -0.21 -62.71 249.99 53.03
-0.27 -0.32 1.38 -20.58 249.99 12.90
-1.62 0.41 1.48 -68.98 17.60 -115.62
0.01 0.07 -0.14 -28.97 -190.99 -5.70
0.56 -0.46 2.00 238.14 -250.00 22.18
0.53 0.10 0.03 -5.01 -250.00 20.92
1.08 0.94 0.92 -69.57 -132.06 30.06
0.40 0.09 -0.17 -59.52 245.45 45.81
0.00 -0.39 0.41 -36.50 249.99 28.31
-1.95 0.28 2.00 -37.14 180.98 -150.14
-0.21 0.21 0.02 -44.12 -202.76 33.85
0.53 0.03 0.06 8.40 -250.00 35.16
0.79 0.48 1.44 -152.36 -14.00 -3.80
0.30 -0.02 -0.27 -38.39 223.58 39.15
-0.02 -0.55 0.82 -33.84 249.99 0.76
-2.00 0.49 2.00 -9.07 156.14 -159.29
-0.16 0.23 -0.10 -28.98 -250.00 63.39
0.01 0.08 -0.21 -62.71 249.99 53.03
-0.27 -0.32 1.38 -20.58 249.99 12.90
-1.62 0.41 1.48 -68.98 17.60 -115.62
0.01 0.07 -0.14 -28.97 -190.99 -5.70
0.56 -0.46 2.00 238.14 -250.00 22.18
0.53 0.11 0.08 26.66 -250.00 54.95
0.81 0.15 1.01 -133.30 95.12 25.24
0.19 -0.00 -0.24 -52.61 240.78 11.04
-0.20 -0.59 1.74 11.19 249.99 -4.94
-1.78 0.53 1.46 -62.29 -7.27 -125.82
-0.06 0.13 -0.04 -32.01 -250.00 54.45
0.87 -0.58 2.00 185.70 -250.00 12.90
0.85 0.11 0.66 -128.78 147.44 31.75
0.16 -0.04 -0.25 -58.54 249.99 49.52
-0.92 -0.73 2.00 204.65 229.97 19.60
-1.45 0.60 0.84 -85.30 -113.69 -74.40
0.01 0.08 -0.21 -62.71 249.99 53.03
-0.27 -0.32 1.38 -20.58 249.99 12.90
-1.62 0.41 1.48 -68.98 17.60 -115.62
0.01 0.07 -0.14 -28.97 -190.99 -5.70
0.56 -0.46 2.00 238.14 -250.00 22.18
0.65 -0.86 2.00 249.99 -250.00 15.04
0.79 0.13 0.36 -118.24 187.61 16.99
0.03 -0.13 -0.15 -55.31 249.99 46.65
-1.26 -0.78 1.89 197.14 209.53 -27.69
-0.79 0.36 0.46 -72.67 -227.78 -12.99
0.37 -0.00 -0.19 -33.17 -228.15 16.73
0.84 -0.15 0.63 249.99 -250.00 -56.65
0.50 0.10 -0.22 -76.03 249.69 26.89
0.05 -0.47 0.82 -18.09 249.99 19.13
-2.00 0.20 2.00 -39.65 173.68 -158.16
-0.30 0.18 0.03 -43.84 -250.00 86.97
0.01 0.08 -0.21 -62.71 249.99 53.03
-0.27 -0.32 1.38 -20.58 249.99 12.90
-1.62 0.41 1.48 -68.98 17.60 -115.62
0.01 0.07 -0.14 -28.97 -190.99 -5.70
0.56 -0.46 2.00 238.14 -250.00 22.18
0.68 0.07 1.44 -111.22 80.70 77.74
0.24 0.04 -0.26 -96.72 249.99 32.46
-0.44 -0.63 1.99 -6.70 249.99 18.44
-1.77 -0.00 2.00 -55.56 134.38 -104.23
-0.40 0.06 0.04 -99.75 -217.96 78.30
0.39 -0.54 2.00 107.46 -250.00 33.45
1.16 0.44 1.09 -148.20 -169.65 99.72
0.53 -0.11 -0.35 -54.11 194.89 24.13
-0.36 -0.57 1.09 233.23 249.99 -10.12
-1.39 0.39 0.75 -88.34 -33.47 -91.91
-0.08 0.12 0.07 -66.07 -250.00 54.28
0.01 0.08 -0.21 -62.71 249.99 53.03
-0.27 -0.32 1.38 -20.58 249.99 12.90
-1.62 0.41 1.48 -68.98 17.60 -115.62
0.01 0.07 -0.14 -28.97 -190.99 -5.70
0.56 -0.46 2.00 238.14 -250.00 22.18
0.53 0.1 0.87 249.99 -250.00 -16.28
0.67 0.36 0.71 -119.06 -6.58 78.11
0.29 0.03 -0.23 -58.11 220.49 43.43
-0.36 -0.66 0.74 249.99 249.99 -35.31
-1.37 0.61 0.68 -80.70 -173.25 -101.10
-0.02 0.05 0.19 -72.44 -250.00 35.95
0.77 -0.64 0.61 249.99 -250.00 -41.79
1.19 0.01 0.37 -146.93 59.07 40.44
0.30 -0.19 0.21 -70.95 249.99 -13.49
-0.81 -0.43 1.47 210.61 249.99 -92.19
-0.97 0.61 0.87 -81.99 -225.04 -97.21
0.25 0.08 -0.19 -42.53 -250.00 66.82
-0.74 0.27 1.00 -121.99 135.38 42.80
0.01 0.08 -0.21 -62.71 249.99 53.03
-0.27 -0.32 1.38 -20.58 249.99 12.90
-1.62 0.41 1.48 -68.98 17.60 -115.62
0.01 0.07 -0.14 -28.97 -190.99 -5.70
0.56 -0.46 2.00 238.14 -250.00 22.18
0.94 0.05 0.36 -86.75 0.24 44.34
0.30 -0.09 -0.20 -61.12 194.27 18.69
-0.38 -0.59 0.05 249.99 249.99 -61.86
-1.37 0.54 0.50 -92.08 -123.24 -93.99
-0.05 0.12 0.10 -73.47 -219.10 88.82
0.69 -1.09 1.12 249.99 -250.00 1.26
1.06 0.05 0.58 -113.17 24.91 75.38
0.28 0.01 -0.22 -23.32 218.90 36.26
-0.17 -0.62 2.00 200.23 214.17 -49.67
-1.44 0.65 0.86 -29.65 -60.33 -112.97
0.01 0.08 -0.21 -62.71 249.99 53.03
-0.27 -0.32 1.38 -20.58 249.99 12.90
-1.62 0.41 1.48 -68.98 17.60 -115.62
0.01 0.07 -0.14 -28.97 -190.99 -5.70
0.56 -0.46 2.00 238.14 -250.00 22.18
0.73 -0.59 2.00 153.43 -250.00 55.13
0.69 0.33 0.93 -126.74 -102.14 80.64
0.37 -0.06 -0.25 -51.03 127.69 36.25
-0.08 -0.62 0.69 249.99 249.99 -74.74
-1.34 0.51 0.78 -16.20 -101.17 -154.82
-0.05 0.12 -0.04 -59.37 -233.57 88.57
1.20 -0.84 2.00 249.99 -250.00 6.69
0.96 0.01 0.59 -124.33 30.80 76.90
0.27 -0.15 -0.21 -86.63 208.01 52.25