-0.92 0.29 1.25 -50.10 -79.60 -50.61
-0.02 0.12 0.08 -24.88 -250.00 -18.35
0.88 -0.42 1.46 187.32 -250.00 -89.07
0.98 -0.23 0.55 -19.26 74.38 48.75
0.09 0.07 -0.16 -27.99 249.99 16.29
-0.71 -0.18 1.50 26.09 249.99 33.16
-1.58 -0.06 2.00 -6.65 55.53 -85.32
-0.31 0.19 0.20 -31.06 -250.00 -34.72
0.33 -0.08 0.07 -14.53 -250.00 -17.25
1.18 0.35 1.93 -32.27 79.40 11.43
0.42 0.13 0.42 -59.94 202.11 24.80
-0.05 -0.07 -0.13 -63.79 249.99 28.62
-1.25 0.51 1.12 -46.61 -236.08 -59.72
0.10 0.14 -0.10 -26.07 -250.00 -7.03
1.11 -0.29 2.00 119.96 -216.75 -49.87
0.66 -0.20 1.28 -27.29 53.93 49.03
0.13 0.06 -0.17 -35.35 211.98 28.88
-0.16 -0.21 -0.13 -65.25 249.99 14.72
-1.32 -0.42 1.14 83.14 146.29 -34.76
-0.39 0.20 0.44 -29.46 -250.00 -50.03
0.21 0.03 -0.08 -17.93 -250.00 -16.98
1.05 -0.23 0.42 249.99 -250.00 -94.91
0.90 0.13 0.38 -57.74 122.79 10.42
0.06 0.03 -0.22 -25.73 249.99 12.99
-0.32 -0.31 0.61 -34.30 249.99 16.20
-1.16 0.24 2.00 -19.73 49.03 -61.10
-0.09 0.19 0.13 -33.44 -250.00 -7.80
0.40 -0.05 -0.06 -31.39 -221.20 -24.15
1.07 0.20 1.76 -43.62 16.09 21.85
0.36 0.06 0.23 -21.37 198.62 12.06
-0.08 -0.12 -0.14 -36.75 249.99 13.79
-1.22 -0.59 1.49 144.13 188.80 24.79
-0.80 0.30 0.91 -46.23 -250.00 -36.98
0.07 0.02 -0.13 1.04 -199.13 -8.18
0.72 -0.55 2.00 249.99 -250.00 -25.92
0.85 0.19 0.27 -15.24 130.03 1.36
-0.01 0.03 -0.13 -27.18 249.99 -9.16
-0.56 -0.49 2.00 22.88 236.13 23.33
-1.27 0.36 1.94 -14.66 -63.34 -62.62
0.57 -0.05 -0.15 1.88 -233.56 -16.94
1.38 0.36 0.90 -115.55 41.06 3.96
0.26 0.11 -0.02 -58.06 249.99 25.93
-0.10 -0.19 -0.08 -98.15 249.99 -2.33
-1.55 -0.61 1.00 126.04 141.48 86.26
-0.65 0.21 0.30 -30.02 -243.79 0.45
0.32 -0.07 0.04 -21.56 -250.00 1.69
0.94 0.02 0.68 249.99 -250.00 -106.48
0.47 0.24 0.40 -40.74 162.28 48.34
0.08 -0.17 -0.21 -56.01 249.99 32.97
-1.10 -0.69 2.00 132.72 125.01 24.19
-1.32 0.45 1.16 -52.07 -56.69 -32.10
-0.02 0.07 -0.08 -24.21 -213.36 49.92
0.66 -0.57 2.00 152.33 -250.00 -77.64
0.97 0.02 1.53 -28.66 141.45 48.62
0.09 0.10 -0.28 -31.72 249.99 30.17
-0.19 -0.23 0.05 -60.21 249.99 11.31
-1.56 -0.01 1.24 -52.41 249.99 -25.72
-0.28 0.15 0.07 -25.45 -206.99 25.41
0.41 -0.18 0.33 -3.28 -239.94 5.17
1.15 0.48 1.12 -110.18 -4.10 30.62
0.07 0.02 -0.13 1.04 -199.13 -8.18
0.72 -0.55 2.00 249.99 -250.00 -25.92
0.85 0.19 0.27 -15.24 130.03 1.36
-0.01 0.03 -0.13 -27.18 249.99 -9.16
-0.56 -0.49 2.00 22.88 236.13 23.33
-1.27 0.36 1.94 -14.66 -63.34 -62.62
-0.08 -0.20 -0.16 -52.00 249.99 -13.24
-1.20 -0.83 0.88 193.85 224.45 59.10
-1.26 0.57 0.60 -47.69 -239.91 30.99
0.09 -0.06 -0.21 -0.11 -250.00 55.30
0.48 -0.59 2.00 249.99 -250.00 -95.33
0.81 0.21 0.67 -49.26 103.42 6.91
0.18 -0.08 -0.29 -40.08 249.99 -22.13
-0.38 -0.52 1.78 7.13 238.41 -32.15
-1.24 -0.03 2.00 -6.03 107.03 -49.95
-0.23 0.23 -0.01 0.94 -250.00 31.15
-1.32 0.45 1.16 -52.07 -56.69 -32.10
-0.02 0.07 -0.08 -24.21 -213.36 49.92
0.66 -0.57 2.00 152.33 -250.00 -77.64
0.97 0.02 1.53 -28.66 141.45 48.62
0.09 0.10 -0.28 -31.72 249.99 30.17
-0.19 -0.23 0.05 -60.21 249.99 11.31
-1.56 -0.01 1.24 -52.41 249.99 -25.72
-0.28 0.15 0.07 -25.45 -206.99 25.41
0.41 -0.18 0.33 -3.28 -239.94 5.17
1.15 0.48 1.12 -110.18 -4.10 30.62
0.07 0.02 -0.13 1.04 -199.13 -8.18
0.72 -0.55 2.00 249.99 -250.00 -25.92
0.85 0.19 0.27 -15.24 130.03 1.36
-0.01 0.03 -0.13 -27.18 249.99 -9.16
-0.56 -0.49 2.00 22.88 236.13 23.33
-1.27 0.36 1.94 -14.66 -63.34 -62.62
1.23 0.12 1.18 -84.53 -38.91 36.58
0.43 0.03 0.07 -44.81 242.14 -4.01
-0.07 -0.16 -0.21 -54.05 249.99 -7.15
-1.68 -0.48 2.00 249.99 76.72 85.27
-1.22 0.55 0.81 -37.45 -179.42 -12.05
0.11 -0.06 -0.13 -7.45 -250.00 43.00
0.97 -0.62 2.00 249.99 -250.00 -99.76
0.38 0.23 0.60 -47.51 249.99 41.56
-0.06 -0.18 -0.26 -54.77 249.99 59.09
-1.12 -0.52 2.00 104.55 101.37 43.73
-1.56 0.65 1.38 -35.06 -54.12 -33.61
0.01 0.45 1.16 -52.07 -56.69 -32.10
-0.02 0.07 -0.08 -24.21 -213.36 49.92
0.66 -0.57 2.00 152.33 -250.00 -77.64
0.97 0.02 1.53 -28.66 141.45 48.62
0.09 0.10 -0.28 -31.72 249.99 30.17
-0.19 -0.23 0.05 -60.21 249.99 11.31
-1.56 -0.01 1.24 -52.41 249.99 -25.72
-0.28 0.15 0.07 -25.45 -206.99 25.41
0.41 -0.18 0.33 -3.28 -239.94 5.17
1.15 0.48 1.12 -110.18 -4.10 30.62
0.07 0.02 -0.13 1.04 -199.13 -8.18
0.72 -0.55 2.00 249.99 -250.00 -25.92
0.85 0.19 0.27 -15.24 130.03 1.36
-0.01 0.03 -0.13 -27.18 249.99 -9.16
-0.56 -0.49 2.00 22.88 236.13 23.33
-1.27 0.36 1.94 -14.66 -63.34 -62.62
0.79 -0.36 2.00 88.60 -250.00 -46.97
0.56 0.44 0.48 -65.68 249.99 -20.77
-0.02 -0.11 -0.14 -15.14 249.99 18.49
-1.17 -0.52 2.00 78.70 27.63 30.90
-1.40 0.22 1.69 -18.01 -113.61 -30.82
0.04 0.11 -0.16 27.90 -203.58 35.84
0.96 -0.11 0.38 30.71 -250.00 -40.76
0.88 0.24 0.89 -92.61 249.99 -25.45
-0.16 0.17 -0.04 -68.03 249.99 21.17
-0.12 -0.24 0.23 -66.07 249.99 24.60
-0.02 0.07 -0.08 -24.21 -213.36 49.92
0.66 -0.57 2.00 152.33 -250.00 -77.64
0.97 0.02 1.53 -28.66 141.45 48.62
0.09 0.10 -0.28 -31.72 249.99 30.17
-0.19 -0.23 0.05 -60.21 249.99 11.31
-1.56 -0.01 1.24 -52.41 249.99 -25.72
-0.28 0.15 0.07 -25.45 -206.99 25.41
0.41 -0.18 0.33 -3.28 -239.94 5.17
1.15 0.48 1.12 -110.18 -4.10 30.62
0.07 0.02 -0.13 1.04 -199.13 -8.18
0.72 -0.55 2.00 249.99 -250.00 -25.92
0.85 0.19 0.27 -15.24 130.03 1.36
-0.01 0.03 -0.13 -27.18 249.99 -9.16
-0.56 -0.49 2.00 22.88 236.13 23.33
-1.27 0.36 1.94 -14.66 -63.34 -62.62
0.02 0.14 0.03 26.91 -123.92 10.51
0.58 -0.09 -0.18 25.78 -111.66 -21.58
0.72 0.40 2.00 27.68 -233.03 -17.20
-0.03 0.27 0.40 -54.86 197.82 17.46
-0.03 -0.15 -0.22 -63.03 249.99 25.18
-1.31 -0.68 2.00 218.40 -66.65 38.31
-1.21 0.36 1.14 -42.72 -95.65 19.74