0.05 0.05 -0.17 14.06 -166.53 62.95
0.62 -0.03 0.23 19.84 -250.00 -19.87
1.06 0.27 0.41 -91.23 74.58 15.98
0.40 0.11 -0.11 -24.99 219.06 9.40
-0.02 0.07 -0.08 -24.21 -213.36 49.92
0.66 -0.57 2.00 152.33 -250.00 -77.64
0.97 0.02 1.53 -28.66 141.45 48.62
0.09 0.10 -0.28 -31.72 249.99 30.17
-0.19 -0.23 0.05 -60.21 249.99 11.31
-1.56 -0.01 1.24 -52.41 249.99 -25.72
-0.28 0.15 0.07 -25.45 -206.99 25.41
0.41 -0.18 0.33 -3.28 -239.94 5.17
1.15 0.48 1.12 -110.18 -4.10 30.62
0.07 0.02 -0.13 1.04 -199.13 -8.18
0.72 -0.55 2.00 249.99 -250.00 -25.92
0.85 0.19 0.27 -15.24 130.03 1.36
-0.01 0.03 -0.13 -27.18 249.99 -9.16
-0.56 -0.49 2.00 22.88 236.13 23.33
-1.27 0.36 1.94 -14.66 -63.34 -62.62
-1.04 -0.94 0.98 145.74 21.56 -7.16
-0.66 0.49 0.70 -46.76 -250.00 -13.63
0.24 0.09 -0.10 -35.80 -229.72 19.86
0.95 -0.59 2.00 239.27 -250.00 -69.37
0.84 -0.17 0.58 -37.93 106.94 33.67
0.03 0.01 -0.26 -36.82 249.99 16.58
-0.78 -0.46 2.00 61.33 246.50 6.33
-1.33 0.34 2.00 -51.32 -30.11 -76.06
-0.07 0.07 -0.17 -21.58 -221.96 4.36
0.59 -0.00 -0.09 -28.47 -221.41 -34.93
-0.02 0.07 -0.08 -24.21 -213.36 49.92
0.66 -0.57 2.00 152.33 -250.00 -77.64
0.97 0.02 1.53 -28.66 141.45 48.62
0.09 0.10 -0.28 -31.72 249.99 30.17
-0.19 -0.23 0.05 -60.21 249.99 11.31
-1.56 -0.01 1.24 -52.41 249.99 -25.72
-0.28 0.15 0.07 -25.45 -206.99 25.41
0.41 -0.18 0.33 -3.28 -239.94 5.17
1.15 0.48 1.12 -110.18 -4.10 30.62
0.07 0.02 -0.13 1.04 -199.13 -8.18
0.72 -0.55 2.00 249.99 -250.00 -25.92
0.85 0.19 0.27 -15.24 130.03 1.36
-0.01 0.03 -0.13 -27.18 249.99 -9.16
-0.56 -0.49 2.00 22.88 236.13 23.33
-1.27 0.36 1.94 -14.66 -63.34 -62.62
0.33 0.07 -0.30 -23.64 249.99 28.28
-0.12 -0.29 0.18 -28.88 249.99 2.09
-1.60 -0.20 2.00 -65.58 245.78 -92.41
-0.36 0.23 0.13 -60.58 -225.04 21.66
0.35 -0.20 0.57 -13.47 -241.95 11.86
1.15 0.28 -0.04 117.19 -129.75 -94.54
0.70 0.09 0.10 -74.84 207.27 28.75
-0.02 -0.05 -0.23 -73.65 249.99 24.15
-1.52 -0.58 2.00 93.11 194.14 60.19
-1.56 0.14 2.00 -22.96 79.93 -80.97
-0.24 0.16 -0.04 -36.44 -250.00 53.36
-0.02 0.07 -0.08 -24.21 -213.36 49.92
0.66 -0.57 2.00 152.33 -250.00 -77.64
0.97 0.02 1.53 -28.66 141.45 48.62
0.09 0.10 -0.28 -31.72 249.99 30.17
-0.19 -0.23 0.05 -60.21 249.99 11.31
-1.56 -0.01 1.24 -52.41 249.99 -25.72
-0.28 0.15 0.07 -25.45 -206.99 25.41
0.41 -0.18 0.33 -3.28 -239.94 5.17
1.15 0.48 1.12 -110.18 -4.10 30.62
0.07 0.02 -0.13 1.04 -199.13 -8.18
0.72 -0.55 2.00 249.99 -250.00 -25.92
0.85 0.19 0.27 -15.24 130.03 1.36
-0.01 0.03 -0.13 -27.18 249.99 -9.16
-0.56 -0.49 2.00 22.88 236.13 23.33
-1.27 0.36 1.94 -14.66 -63.34 -62.62
1.22 0.25 0.76 -105.96 106.58 19.52
0.28 0.06 -0.12 -39.57 240.64 5.59
-0.09 -0.22 -0.12 -62.26 249.99 -12.86
-1.22 -1.09 1.08 249.99 145.54 105.45
-1.03 0.51 0.66 -68.59 -250.00 46.65
0.21 0.16 0.01 -69.63 -250.00 96.02
1.11 -0.74 1.53 223.05 -250.00 -78.88
0.46 -0.14 1.17 -55.85 127.02 38.48
-0.06 0.20 -0.16 -55.67 233.51 15.80
-0.33 -0.20 -0.15 -78.75 249.99 38.78
-1.58 -0.22 0.63 27.98 249.99 -15.028
-0.02 0.07 -0.08 -24.21 -213.36 49.92
0.66 -0.57 2.00 152.33 -250.00 -77.64
0.97 0.02 1.53 -28.66 141.45 48.62
0.09 0.10 -0.28 -31.72 249.99 30.17
-0.19 -0.23 0.05 -60.21 249.99 11.31
-1.56 -0.01 1.24 -52.41 249.99 -25.72
-0.28 0.15 0.07 -25.45 -206.99 25.41
0.41 -0.18 0.33 -3.28 -239.94 5.17
1.15 0.48 1.12 -110.18 -4.10 30.62
0.07 0.02 -0.13 1.04 -199.13 -8.18
0.72 -0.55 2.00 249.99 -250.00 -25.92
0.85 0.19 0.27 -15.24 130.03 1.36
-0.01 0.03 -0.13 -27.18 249.99 -9.16
-0.56 -0.49 2.00 22.88 236.13 23.33
-1.27 0.36 1.94 -14.66 -63.34 -62.62
-0.62 0.30 0.97 -57.79 -250.00 64.24
0.23 0.05 -0.15 -34.42 -250.00 54.20
0.93 -0.55 2.00 217.86 -237.05 -65.33
0.34 0.06 1.26 -63.77 98.86 56.76
-0.01 -0.00 -0.08 -66.83 212.51 72.97
-0.23 -0.34 0.09 -87.39 249.99 36.48
-1.03 -0.80 0.04 238.50 114.68 64.18
-0.91 0.34 1.05 -69.73 -250.00 38.39
0.13 0.05 0.02 -60.27 -250.00 45.50
0.75 -0.69 2.00 144.94 -250.00 -85.08
0.46 0.13 1.94 -11.83 115.07 51.37
-0.02 0.07 -0.08 -24.21 -213.36 49.92
0.66 -0.57 2.00 152.33 -250.00 -77.64
0.97 0.02 1.53 -28.66 141.45 48.62
0.09 0.10 -0.28 -31.72 249.99 30.17
-0.19 -0.23 0.05 -60.21 249.99 11.31
-1.56 -0.01 1.24 -52.41 249.99 -25.72
-0.28 0.15 0.07 -25.45 -206.99 25.41
0.41 -0.18 0.33 -3.28 -239.94 5.17
1.15 0.48 1.12 -110.18 -4.10 30.62
0.07 0.02 -0.13 1.04 -199.13 -8.18
0.72 -0.55 2.00 249.99 -250.00 -25.92
0.85 0.19 0.27 -15.24 130.03 1.36
-0.01 0.03 -0.13 -27.18 249.99 -9.16
-0.56 -0.49 2.00 22.88 236.13 23.33
-1.27 0.36 1.94 -14.66 -63.34 -62.62
0.05 -0.19 -0.17 -92.12 216.92 31.68
-1.23 -0.57 1.83 204.27 249.99 106.46
-1.42 -0.09 0.89 -25.81 -103.75 21.00
-0.14 -0.03 0.11 -30.99 -250.00 75.90
0.47 -0.41 0.79 70.76 -250.00 -23.30
0.82 0.39 1.35 2.46 156.93 100.94
0.07 -0.03 0.77 -102.06 125.04 84.66
-0.08 -0.28 0.32 -66.80 231.83 48.58
-1.04 -0.64 1.14 115.67 249.99 146.10
-1.58 -0.52 1.23 22.45 -25.81 47.87
-0.56 0.19 0.62 -66.51 -250.00 97.76
-0.02 0.07 -0.08 -24.21 -213.36 49.92
0.66 -0.57 2.00 152.33 -250.00 -77.64
0.97 0.02 1.53 -28.66 141.45 48.62
0.09 0.10 -0.28 -31.72 249.99 30.17
-0.19 -0.23 0.05 -60.21 249.99 11.31
-1.56 -0.01 1.24 -52.41 249.99 -25.72
-0.28 0.15 0.07 -25.45 -206.99 25.41
0.41 -0.18 0.33 -3.28 -239.94 5.17
1.15 0.48 1.12 -110.18 -4.10 30.62
0.07 0.02 -0.13 1.04 -199.13 -8.18
0.72 -0.55 2.00 249.99 -250.00 -25.92
0.85 0.19 0.27 -15.24 130.03 1.36
-0.01 0.03 -0.13 -27.18 249.99 -9.16
-0.56 -0.49 2.00 22.88 236.13 23.33
-1.27 0.36 1.94 -14.66 -63.34 -62.62
1.10 -0.39 0.94 223.63 -164.12 -33.44
0.12 -0.13 1.90 46.82 208.62 93.35
-0.36 0.26 0.92 -113.77 6.69 104.59