-0.56 -0.49 2.00 22.88 236.13 23.33
-1.27 0.36 1.94 -14.66 -63.34 -62.62
-0.96 -0.30 0.70 -64.38 249.99 109.54
-0.96 -0.93 1.04 34.91 69.47 146.40
-0.94 -0.35 1.35 102.78 -233.06 69.15
-0.10 0.31 1.10 -119.46 -129.55 102.66
-0.26 0.13 0.57 -64.31 -122.25 110.38
0.30 -0.35 0.65 -38.41 -250.00 106.72
0.70 -0.35 0.35 157.42 224.11 94.89
-0.07 -0.53 1.54 27.33 58.65 235.25
-0.05 0.38 1.00 -15.85 59.75 190.28
-0.12 0.12 0.81 -60.55 4.65 95.38
-0.05 -0.20 0.86 -28.92 -22.93 48.79
-0.02 0.07 -0.08 -24.21 -213.36 49.92
0.66 -0.57 2.00 152.33 -250.00 -77.64
0.97 0.02 1.53 -28.66 141.45 48.62
0.09 0.10 -0.28 -31.72 249.99 30.17
-0.19 -0.23 0.05 -60.21 249.99 11.31
-1.56 -0.01 1.24 -52.41 249.99 -25.72
-0.28 0.15 0.07 -25.45 -206.99 25.41
0.41 -0.18 0.33 -3.28 -239.94 5.17
1.15 0.48 1.12 -110.18 -4.10 30.62
0.07 0.02 -0.13 1.04 -199.13 -8.18
0.72 -0.55 2.00 249.99 -250.00 -25.92
0.85 0.19 0.27 -15.24 130.03 1.36
-0.01 0.03 -0.13 -27.18 249.99 -9.16
-0.56 -0.49 2.00 22.88 236.13 23.33
-1.27 0.36 1.94 -14.66 -63.34 -62.62
-0.19 -0.12 0.99 8.73 -48.64 51.44
-0.29 -0.19 0.99 23.54 -52.51 37.86
0.03 -0.36 0.84 8.35 -33.34 78.45
0.07 -0.22 0.91 12.80 53.41 85.65
-0.32 -0.01 0.96 -33.17 40.66 95.54
-0.36 -0.08 1.07 -30.53 -50.67 114.08
0.28 -0.21 0.66 -7.71 -99.72 126.28
0.56 -0.25 0.73 14.90 -73.36 113.61
0.48 -0.08 0.82 43.27 59.57 136.95
0.08 -0.09 1.29 43.16 61.72 120.91
-0.05 0.02 0.83 1.02 58.46 36.03
-0.02 0.07 -0.08 -24.21 -213.36 49.92
0.66 -0.57 2.00 152.33 -250.00 -77.64
0.97 0.02 1.53 -28.66 141.45 48.62
0.09 0.10 -0.28 -31.72 249.99 30.17
-0.19 -0.23 0.05 -60.21 249.99 11.31
-1.56 -0.01 1.24 -52.41 249.99 -25.72
-0.28 0.15 0.07 -25.45 -206.99 25.41
0.41 -0.18 0.33 -3.28 -239.94 5.17
1.15 0.48 1.12 -110.18 -4.10 30.62
0.07 0.02 -0.13 1.04 -199.13 -8.18
0.72 -0.55 2.00 249.99 -250.00 -25.92
0.85 0.19 0.27 -15.24 130.03 1.36
-0.01 0.03 -0.13 -27.18 249.99 -9.16
-0.56 -0.49 2.00 22.88 236.13 23.33
-1.27 0.36 1.94 -14.66 -63.34 -62.62
0.06 -0.10 0.84 -7.88 -25.02 42.59
0.01 0.02 0.99 -23.27 -20.56 23.32
0.07 -0.10 0.98 -8.16 -14.14 26.31
0.03 -0.18 0.92 -1.88 8.61 30.41
0.08 -0.20 0.95 6.68 8.51 21.42
0.04 -0.04 0.80 -11.55 31.93 11.49
-0.04 -0.18 0.96 -0.82 17.81 5.55
-0.04 -0.17 0.96 1.05 16.49 14.56
-0.08 -0.08 0.91 -9.25 20.38 1.45
-0.11 -0.10 0.97 -11.22 0.57 -7.26
-0.06 -0.14 0.90 -5.55 -2.49 0.39
-0.02 0.07 -0.08 -24.21 -213.36 49.92
0.66 -0.57 2.00 152.33 -250.00 -77.64
0.97 0.02 1.53 -28.66 141.45 48.62
0.09 0.10 -0.28 -31.72 249.99 30.17
-0.19 -0.23 0.05 -60.21 249.99 11.31
-1.56 -0.01 1.24 -52.41 249.99 -25.72
-0.28 0.15 0.07 -25.45 -206.99 25.41
0.41 -0.18 0.33 -3.28 -239.94 5.17
1.15 0.48 1.12 -110.18 -4.10 30.62
0.07 0.02 -0.13 1.04 -199.13 -8.18
0.72 -0.55 2.00 249.99 -250.00 -25.92
0.85 0.19 0.27 -15.24 130.03 1.36
-0.01 0.03 -0.13 -27.18 249.99 -9.16
-0.56 -0.49 2.00 22.88 236.13 23.33
-1.27 0.36 1.94 -14.66 -63.34 -62.62
-0.05 -0.06 0.96 -4.90 1.48 -9.16
-0.03 -0.03 0.91 -9.19 -26.02 -10.96
-0.02 -0.14 0.99 5.10 -24.77 -19.55
0.18 -0.11 0.96 3.34 -19.39 -13.98
0.09 -0.09 0.96 -12.31 5.83 -15.64
0.02 -0.15 1.03 0.97 -1.53 -13.63
0.04 -0.13 1.00 0.99 -21.37 2.56
0.13 -0.08 0.83 -13.49 -9.51 -0.14
0.15 -0.24 1.03 13.99 5.33 -6.28
0.11 -0.10 0.95 6.44 9.20 -3.27
0.08 -0.04 0.86 15.95 15.07 7.81
-0.02 0.07 -0.08 -24.21 -213.36 49.92
0.66 -0.57 2.00 152.33 -250.00 -77.64
0.97 0.02 1.53 -28.66 141.45 48.62
0.09 0.10 -0.28 -31.72 249.99 30.17
-0.19 -0.23 0.05 -60.21 249.99 11.31
-1.56 -0.01 1.24 -52.41 249.99 -25.72
-0.28 0.15 0.07 -25.45 -206.99 25.41
0.41 -0.18 0.33 -3.28 -239.94 5.17
1.15 0.48 1.12 -110.18 -4.10 30.62
0.07 0.02 -0.13 1.04 -199.13 -8.18
0.72 -0.55 2.00 249.99 -250.00 -25.92
0.85 0.19 0.27 -15.24 130.03 1.36
-0.01 0.03 -0.13 -27.18 249.99 -9.16
-0.56 -0.49 2.00 22.88 236.13 23.33
-1.27 0.36 1.94 -14.66 -63.34 -62.62
0.13 -0.17 0.91 10.34 -7.69 1.88
0.13 -0.07 0.86 10.30 18.26 7.18
0.01 -0.06 0.98 -0.22 12.84 8.93
0.03 -0.12 1.03 -5.68 -29.30 6.73
0.16 -0.17 0.96 8.08 -16.75 2.46
0.18 -0.24 0.85 15.60 -15.14 -3.56
0.10 -0.11 0.98 2.46 16.54 -12.06
0.11 -0.17 1.03 -4.30 4.79 -28.81
0.03 -0.07 0.81 -12.78 -12.98 -51.54
0.11 0.01 1.15 -24.38 -41.01 -33.09
0.16 -0.09 1.06 -5.50 -19.36 -48.87
-0.02 0.07 -0.08 -24.21 -213.36 49.92
0.66 -0.57 2.00 152.33 -250.00 -77.64
0.97 0.02 1.53 -28.66 141.45 48.62
0.09 0.10 -0.28 -31.72 249.99 30.17
-0.19 -0.23 0.05 -60.21 249.99 11.31
-1.56 -0.01 1.24 -52.41 249.99 -25.72
-0.28 0.15 0.07 -25.45 -206.99 25.41
0.41 -0.18 0.33 -3.28 -239.94 5.17
1.15 0.48 1.12 -110.18 -4.10 30.62
0.07 0.02 -0.13 1.04 -199.13 -8.18
0.72 -0.55 2.00 249.99 -250.00 -25.92
0.85 0.19 0.27 -15.24 130.03 1.36
-0.01 0.03 -0.13 -27.18 249.99 -9.16
-0.56 -0.49 2.00 22.88 236.13 23.33
-1.27 0.36 1.94 -14.66 -63.34 -62.62
0.54 0.12 0.92 -44.44 -84.27 -128.20
0.71 0.09 0.75 -47.28 -10.73 -188.10
0.59 0.06 0.56 -6.65 92.55 -189.96
0.12 -0.09 0.79 -31.33 170.02 -118.42
-0.28 -0.16 1.20 35.05 140.03 -57.02
0.11 0.07 1.57 41.60 -37.73 -58.20
0.20 0.17 1.11 31.43 25.19 -119.48
0.33 0.23 0.80 -18.13 -31.34 -95.54
0.14 0.14 0.15 -58.13 40.18 -64.38
0.19 -0.13 0.63 -11.76 12.03 -32.70
0.27 -0.41 0.98 151.88 56.17 -45.23
-0.02 0.07 -0.08 -24.21 -213.36 49.92
0.66 -0.57 2.00 152.33 -250.00 -77.64
0.97 0.02 1.53 -28.66 141.45 48.62
0.09 0.10 -0.28 -31.72 249.99 30.17
-0.19 -0.23 0.05 -60.21 249.99 11.31
-1.56 -0.01 1.24 -52.41 249.99 -25.72
-0.28 0.15 0.07 -25.45 -206.99 25.41
0.41 -0.18 0.33 -3.28 -239.94 5.17