1.15 0.48 1.12 -110.18 -4.10 30.62
0.07 0.02 -0.13 1.04 -199.13 -8.18
0.72 -0.55 2.00 249.99 -250.00 -25.92
0.85 0.19 0.27 -15.24 130.03 1.36
-0.01 0.03 -0.13 -27.18 249.99 -9.16
-0.56 -0.49 2.00 22.88 236.13 23.33
-1.27 0.36 1.94 -14.66 -63.34 -62.62
0.42 0.43 0.93 4.04 -76.43 -86.03
0.54 -0.03 0.47 -26.47 73.13 -136.68
-0.22 -0.39 1.23 12.65 221.92 -96.81
-0.49 -0.40 1.63 10.25 18.37 -46.11
0.03 0.19 1.20 30.03 -62.19 -108.70
0.05 0.31 0.43 -13.57 -26.27 -16.80
0.24 0.03 -0.00 21.67 -44.27 -4.37
0.28 -0.08 2.00 128.78 -76.84 13.47
-0.02 0.09 2.00 30.70 5.22 -52.60
0.07 0.55 0.88 -78.03 -3.11 6.59
0.09 0.08 -0.00 -85.29 117.01 -31.81
-0.02 0.07 -0.08 -24.21 -213.36 49.92
0.66 -0.57 2.00 152.33 -250.00 -77.64
0.97 0.02 1.53 -28.66 141.45 48.62
0.09 0.10 -0.28 -31.72 249.99 30.17
-0.19 -0.23 0.05 -60.21 249.99 11.31
-1.56 -0.01 1.24 -52.41 249.99 -25.72
-0.28 0.15 0.07 -25.45 -206.99 25.41
0.41 -0.18 0.33 -3.28 -239.94 5.17
1.15 0.48 1.12 -110.18 -4.10 30.62
0.07 0.02 -0.13 1.04 -199.13 -8.18
0.72 -0.55 2.00 249.99 -250.00 -25.92
0.85 0.19 0.27 -15.24 130.03 1.36
-0.01 0.03 -0.13 -27.18 249.99 -9.16
-0.56 -0.49 2.00 22.88 236.13 23.33
-1.27 0.36 1.94 -14.66 -63.34 -62.62
-0.47 -0.37 1.93 52.66 -2.72 -51.90
-0.35 0.17 1.00 27.08 -105.93 -71.00
0.09 0.26 0.01 2.60 -144.75 44.67
0.68 0.06 0.57 24.93 -148.70 41.58
0.52 0.02 2.00 -14.95 213.64 -23.48
-0.25 0.49 0.97 -99.24 60.49 -9.00
0.11 0.06 -0.10 -63.37 139.76 56.51
-0.02 -0.32 0.89 -21.13 89.89 -2.78
-0.68 -0.23 2.00 -0.96 249.99 -77.47
-0.79 0.58 0.85 -45.75 -165.74 34.93
0.12 0.09 -0.04 -20.44 -130.37 59.20
-0.02 0.07 -0.08 -24.21 -213.36 49.92
0.66 -0.57 2.00 152.33 -250.00 -77.64
0.97 0.02 1.53 -28.66 141.45 48.62
0.09 0.10 -0.28 -31.72 249.99 30.17
-0.19 -0.23 0.05 -60.21 249.99 11.31
-1.56 -0.01 1.24 -52.41 249.99 -25.72
-0.28 0.15 0.07 -25.45 -206.99 25.41
0.41 -0.18 0.33 -3.28 -239.94 5.17
1.15 0.48 1.12 -110.18 -4.10 30.62
0.07 0.02 -0.13 1.04 -199.13 -8.18
0.72 -0.55 2.00 249.99 -250.00 -25.92
0.85 0.19 0.27 -15.24 130.03 1.36
-0.01 0.03 -0.13 -27.18 249.99 -9.16
-0.56 -0.49 2.00 22.88 236.13 23.33
-1.27 0.36 1.94 -14.66 -63.34 -62.62
0.46 0.17 1.91 -24.63 74.90 54.21
0.10 0.30 0.28 -82.82 133.97 34.84
0.02 -0.20 0.02 -71.11 215.09 38.23
-0.72 -0.65 1.20 210.24 179.24 56.11
-0.95 0.23 1.14 -36.98 -175.42 -37.28
0.03 0.15 -0.07 -31.49 -226.77 17.34
0.95 -0.05 0.83 -18.42 -250.00 -56.87
0.92 0.17 0.35 -2.40 239.81 25.90
0.11 -0.79 0.39 -164.45 121.38 164.21
-0.06 -0.59 0.87 -49.22 83.85 134.99
-0.56 -0.67 0.52 -20.74 80.15 87.35
-0.02 0.07 -0.08 -24.21 -213.36 49.92
0.66 -0.57 2.00 152.33 -250.00 -77.64
0.97 0.02 1.53 -28.66 141.45 48.62
0.09 0.10 -0.28 -31.72 249.99 30.17
-0.19 -0.23 0.05 -60.21 249.99 11.31
-1.56 -0.01 1.24 -52.41 249.99 -25.72
-0.28 0.15 0.07 -25.45 -206.99 25.41
0.41 -0.18 0.33 -3.28 -239.94 5.17
1.15 0.48 1.12 -110.18 -4.10 30.62
0.07 0.02 -0.13 1.04 -199.13 -8.18
0.72 -0.55 2.00 249.99 -250.00 -25.92
0.85 0.19 0.27 -15.24 130.03 1.36
-0.01 0.03 -0.13 -27.18 249.99 -9.16
-0.56 -0.49 2.00 22.88 236.13 23.33
-1.27 0.36 1.94 -14.66 -63.34 -62.62
0.47 -0.45 0.97 163.11 -250.00 50.26
-0.31 -0.38 1.46 -113.97 75.67 157.69
-0.32 -0.37 0.92 -30.88 -64.33 140.97
0.31 -0.35 0.86 18.33 -173.03 100.39
0.58 -0.29 0.73 -50.80 -115.08 128.59
0.75 -0.38 0.60 -24.64 -52.57 143.51
0.46 -0.59 0.78 18.42 -0.43 135.07
0.38 -0.67 0.67 107.14 -5.94 109.62
0.25 -0.41 0.98 107.73 -39.15 112.71
0.48 -0.02 0.99 -17.99 32.95 98.57
-0.02 0.07 -0.08 -24.21 -213.36 49.92
0.66 -0.57 2.00 152.33 -250.00 -77.64
0.97 0.02 1.53 -28.66 141.45 48.62
0.09 0.10 -0.28 -31.72 249.99 30.17
-0.19 -0.23 0.05 -60.21 249.99 11.31
-1.56 -0.01 1.24 -52.41 249.99 -25.72
-0.28 0.15 0.07 -25.45 -206.99 25.41
0.41 -0.18 0.33 -3.28 -239.94 5.17
1.15 0.48 1.12 -110.18 -4.10 30.62
0.07 0.02 -0.13 1.04 -199.13 -8.18
0.72 -0.55 2.00 249.99 -250.00 -25.92
0.85 0.19 0.27 -15.24 130.03 1.36
-0.01 0.03 -0.13 -27.18 249.99 -9.16
-0.56 -0.49 2.00 22.88 236.13 23.33
-1.27 0.36 1.94 -14.66 -63.34 -62.62
-0.04 -0.37 0.93 12.44 -5.15 60.87
0.13 -0.40 0.84 25.49 -35.49 44.71
0.11 -0.24 0.83 -1.01 -38.06 50.99
0.26 -0.26 0.95 -15.23 -9.89 29.65
0.06 -0.35 1.05 7.32 -7.86 36.61
-0.10 -0.25 0.98 -28.48 -45.12 68.79
-0.18 -0.41 0.83 32.49 -65.73 71.85
0.28 -0.43 0.84 34.80 -87.72 40.98
0.34 -0.24 0.76 20.80 -33.24 70.63
0.35 -0.25 0.97 2.46 -9.19 81.54
0.32 -0.34 0.91 -20.09 -20.82 60.86
0.29 -0.36 1.01 68.50 -33.94 42.56
0.33 -0.202 1.16 -52.07 -56.69 -32.10
-0.02 0.07 -0.08 -24.21 -213.36 49.92
0.66 -0.57 2.00 152.33 -250.00 -77.64
0.97 0.02 1.53 -28.66 141.45 48.62
0.09 0.10 -0.28 -31.72 249.99 30.17
-0.19 -0.23 0.05 -60.21 249.99 11.31
-1.56 -0.01 1.24 -52.41 249.99 -25.72
-0.28 0.15 0.07 -25.45 -206.99 25.41
0.41 -0.18 0.33 -3.28 -239.94 5.17
1.15 0.48 1.12 -110.18 -4.10 30.62
0.07 0.02 -0.13 1.04 -199.13 -8.18
0.72 -0.55 2.00 249.99 -250.00 -25.92
0.85 0.19 0.27 -15.24 130.03 1.36
-0.01 0.03 -0.13 -27.18 249.99 -9.16
-0.56 -0.49 2.00 22.88 236.13 23.33
-1.27 0.36 1.94 -14.66 -63.34 -62.62
0.41 -0.05 0.45 34.84 22.16 81.89
0.15 -0.28 1.00 19.18 15.59 89.39
0.27 -0.19 0.86 -8.84 -27.74 60.45
0.24 -0.31 0.91 2.72 -16.96 63.18
0.27 -0.36 1.00 9.31 -23.41 55.13
0.25 -0.24 0.90 23.95 29.76 43.10
0.10 -0.21 0.99 22.13 32.52 33.63
0.15 -0.19 0.94 2.62 -15.53 21.82
0.15 -0.25 0.89 4.60 12.37 8.09
0.05 -0.23 0.94 -24.11 -26.42 11.08
0.24 -0.33 0.86 -1.13 -3.68 -10.01
0.33 -0.202 1.16 -52.07 -56.69 -32.10