-0.38 -0.19 0.83 21.37 18.39 -52.81
-0.44 -0.40 1.66 157.01 -158.50 -54.08
-0.35 -0.09 1.24 89.52 -133.13 -108.02
0.52 0.24 0.85 61.45 -183.66 -150.54
0.56 0.39 0.84 7.20 -41.34 -103.70
0.56 0.29 0.78 -39.50 0.15 -94.41
0.38 0.27 0.94 -58.58 16.33 -67.42
0.51 0.07 0.86 -40.11 0.15 -96.70
0.40 0.04 0.91 -52.91 35.98 -86.65
0.38 0.06 0.82 -48.15 48.41 -95.34
0.53 0.04 0.85 -42.10 14.87 -102.91
0.34 -0.14 1.02 -53.39 20.11 -124.22
0.39 -0.05 1.05 -35.88 -31.69 -101.33
0.50 -0.05 0.73 -2.89 -51.92 22.95
-0.46 -0.18 0.98 -38.18 54.94 -39.73
-0.32 -0.36 0.74 97.82 -44.73 -6.02
-0.10 -0.10 1.36 -12.08 -87.39 -37.57
0.06 0.40 1.08 12.88 -102.49 -29.67
0.06 0.39 0.74 -50.75 -25.75 16.62
0.48 0.02 0.66 -57.20 -37.10 0.77
0.73 -0.21 0.58 83.47 39.38 -64.05
-0.14 -0.11 1.15 12.65 171.70 8.81
-0.20 0.21 1.28 -18.00 -25.83 50.65
0.07 0.00 0.82 -37.59 2.50 -0.08
-0.07 -0.07 0.46 -57.70 72.55 -40.18
-0.38 -0.19 0.83 21.37 18.39 -52.81
-0.44 -0.40 1.66 157.01 -158.50 -54.08
0.53 0.08 0.88 -62.61 104.55 -84.02
0.00 -0.11 0.66 -30.14 222.07 -74.23
-0.69 -0.01 0.94 31.78 105.06 -78.41
-0.60 0.04 0.96 94.35 -133.42 -134.74
0.07 0.06 1.54 63.10 -250.00 -219.10
0.80 0.45 1.27 54.34 -109.35 -194.47
0.68 0.51 0.81 -29.79 -22.87 -116.55
0.31 0.29 1.00 -75.03 -13.15 -89.74
0.70 0.03 0.80 -54.58 -25.30 -113.53
0.80 -0.02 0.70 -73.51 64.04 -88.90
0.73 -0.08 0.78 -24.24 84.53 23.64
0.50 -0.05 0.73 -2.89 -51.92 22.95
-0.46 -0.18 0.98 -38.18 54.94 -39.73
-0.32 -0.36 0.74 97.82 -44.73 -6.02
-0.10 -0.10 1.36 -12.08 -87.39 -37.57
0.06 0.40 1.08 12.88 -102.49 -29.67
0.06 0.39 0.74 -50.75 -25.75 16.62
0.48 0.02 0.66 -57.20 -37.10 0.77
0.73 -0.21 0.58 83.47 39.38 -64.05
-0.14 -0.11 1.15 12.65 171.70 8.81
-0.20 0.21 1.28 -18.00 -25.83 50.65
0.07 0.00 0.82 -37.59 2.50 -0.08
-0.07 -0.07 0.46 -57.70 72.55 -40.18
-0.38 -0.19 0.83 21.37 18.39 -52.81
-0.44 -0.40 1.66 157.01 -158.50 -54.08
0.26 -0.10 0.95 -31.62 86.35 -40.85
0.12 0.06 1.02 -32.74 34.84 -2.87
0.30 0.07 0.84 -53.18 71.56 -49.33
-0.17 -0.05 0.84 -24.91 107.64 -58.87
-0.46 -0.18 0.92 11.44 29.62 -43.37
-0.30 -0.04 0.81 85.06 -102.49 -47.83
0.47 0.09 0.96 48.28 -199.47 -108.70
0.56 0.45 0.95 -6.03 -25.54 -42.73
0.29 0.22 1.05 -76.51 23.09 -10.41
0.53 0.02 1.15 -47.20 -8.57 -29.08
0.50 -0.05 0.73 -2.89 -51.92 22.95
-0.46 -0.18 0.98 -38.18 54.94 -39.73
-0.32 -0.36 0.74 97.82 -44.73 -6.02
-0.10 -0.10 1.36 -12.08 -87.39 -37.57
0.06 0.40 1.08 12.88 -102.49 -29.67
0.06 0.39 0.74 -50.75 -25.75 16.62
0.48 0.02 0.66 -57.20 -37.10 0.77
0.73 -0.21 0.58 83.47 39.38 -64.05
-0.14 -0.11 1.15 12.65 171.70 8.81
-0.20 0.21 1.28 -18.00 -25.83 50.65
0.07 0.00 0.82 -37.59 2.50 -0.08
-0.07 -0.07 0.46 -57.70 72.55 -40.18
-0.38 -0.19 0.83 21.37 18.39 -52.81
-0.44 -0.40 1.66 157.01 -158.50 -54.08
0.56 -0.02 0.60 -18.95 146.13 -41.68
0.25 0.08 0.94 21.72 70.65 -34.37
-0.18 -0.13 1.21 -14.80 98.55 4.53
0.06 0.04 1.06 -21.32 -54.63 -24.37
0.08 0.08 0.96 -29.79 32.09 -21.84
-0.30 -0.14 0.91 -32.16 67.22 6.43
-0.33 -0.09 0.98 -8.16 -25.99 -8.29
-0.13 -0.10 0.62 42.27 -74.50 -67.44
0.14 -0.04 1.02 23.07 -173.17 -79.81
0.41 0.16 0.88 -39.86 8.42 -0.42
0.54 -0.10 1.25 -14.33 -2.06 -3.28
0.61 -0.11 0.80 -11.20 28.24 -64.82
0.38 0.03 0.67 1.37 104.39 49.05
0.50 -0.05 0.73 -2.89 -51.92 22.95
-0.46 -0.18 0.98 -38.18 54.94 -39.73
-0.32 -0.36 0.74 97.82 -44.73 -6.02
-0.10 -0.10 1.36 -12.08 -87.39 -37.57
0.06 0.40 1.08 12.88 -102.49 -29.67
0.06 0.39 0.74 -50.75 -25.75 16.62
0.48 0.02 0.66 -57.20 -37.10 0.77
0.73 -0.21 0.58 83.47 39.38 -64.05
-0.14 -0.11 1.15 12.65 171.70 8.81
-0.20 0.21 1.28 -18.00 -25.83 50.65
0.07 0.00 0.82 -37.59 2.50 -0.08
-0.07 -0.07 0.46 -57.70 72.55 -40.18
-0.38 -0.19 0.83 21.37 18.39 -52.81
-0.44 -0.40 1.66 157.01 -158.50 -54.08
0.30 0.02 0.73 46.16 120.50 3.91
0.03 -0.18 0.98 26.35 85.76 26.53
-0.28 0.11 1.18 -34.95 -40.69 -3.62
0.05 0.07 1.03 -47.77 -11.08 -1.46
-0.34 -0.24 0.90 -26.66 74.81 34.19
-0.40 -0.20 1.03 -23.32 -26.37 30.46
-0.12 -0.05 0.75 23.07 -110.27 -36.58
-0.10 -0.04 1.18 35.66 -131.36 -101.56
0.54 0.15 0.68 -15.37 -96.50 -14.71
0.53 -0.11 1.27 -6.19 32.97 42.85
0.56 -0.07 0.79 6.51 1.04 -25.13
0.50 -0.05 0.73 -2.89 -51.92 22.95
-0.46 -0.18 0.98 -38.18 54.94 -39.73
-0.32 -0.36 0.74 97.82 -44.73 -6.02
-0.10 -0.10 1.36 -12.08 -87.39 -37.57
0.06 0.40 1.08 12.88 -102.49 -29.67
0.06 0.39 0.74 -50.75 -25.75 16.62
0.48 0.02 0.66 -57.20 -37.10 0.77
0.73 -0.21 0.58 83.47 39.38 -64.05
-0.14 -0.11 1.15 12.65 171.70 8.81
-0.20 0.21 1.28 -18.00 -25.83 50.65
0.07 0.00 0.82 -37.59 2.50 -0.08
-0.07 -0.07 0.46 -57.70 72.55 -40.18
-0.38 -0.19 0.83 21.37 18.39 -52.81
-0.44 -0.40 1.66 157.01 -158.50 -54.08
0.34 0.00 0.79 35.18 120.32 8.87
0.15 -0.01 1.00 56.18 81.38 41.79
-0.11 -0.12 1.25 -16.94 72.01 5.19
0.01 0.06 1.13 -44.78 -42.15 -19.09
-0.22 -0.16 1.04 -12.95 47.16 16.63
-0.26 -0.26 0.98 -15.15 23.64 28.39
-0.22 -0.01 0.90 -6.65 -54.59 2.75
-0.20 -0.06 0.81 28.08 -44.20 -32.08
0.06 -0.04 1.08 2.90 -138.45 -30.67
0.38 -0.14 1.06 -4.83 -25.44 12.75
0.50 -0.05 0.73 -2.89 -51.92 22.95
-0.46 -0.18 0.98 -38.18 54.94 -39.73
-0.32 -0.36 0.74 97.82 -44.73 -6.02
-0.10 -0.10 1.36 -12.08 -87.39 -37.57
0.06 0.40 1.08 12.88 -102.49 -29.67
0.06 0.39 0.74 -50.75 -25.75 16.62
0.48 0.02 0.66 -57.20 -37.10 0.77
0.73 -0.21 0.58 83.47 39.38 -64.05
-0.14 -0.11 1.15 12.65 171.70 8.81
-0.20 0.21 1.28 -18.00 -25.83 50.65
0.07 0.00 0.82 -37.59 2.50 -0.08
-0.07 -0.07 0.46 -57.70 72.55 -40.18
-0.38 -0.19 0.83 21.37 18.39 -52.81
-0.44 -0.40 1.66 157.01 -158.50 -54.08