0.28 -0.29 0.88 7.42 -4.78 -0.02
0.30 -0.25 0.94 11.12 -1.05 -4.14
0.23 -0.17 0.86 -17.52 10.22 10.06
0.22 -0.25 0.86 -10.70 -5.07 4.47
0.28 -0.28 0.93 3.35 -8.51 -6.66
0.34 -0.31 0.96 5.97 7.86 -7.13
0.21 -0.17 0.81 -8.16 18.62 8.61
0.21 -0.23 0.90 -13.69 -14.32 0.82
0.27 -0.33 0.93 -3.69 -13.38 -1.11
0.23 -0.25 0.93 -8.10 -1.97 16.23
0.27 -0.20 0.76 9.51 3.40 9.94
0.36 -0.32 1.02 8.36 -9.53 -0.85
0.22 -0.15 0.79 -13.85 11.48 10.70
0.26 -0.36 0.90 19.08 -12.21 -9.37
0.38 -0.32 0.95 9.54 -9.74 -4.65
0.20 -0.19 0.83 -9.67 10.49 6.39
0.26 -0.35 0.96 25.44 -9.99 -2.37
0.28 -0.27 0.99 9.28 -7.82 7.32
0.34 -0.19 0.87 13.67 -10.70 -4.60
0.27 -0.22 0.89 5.36 10.15 8.08
0.25 -0.23 0.87 1.37 4.91 9.65
0.26 -0.24 0.97 -2.93 -9.13 3.39
0.29 -0.16 0.85 -17.72 0.77 7.87
0.30 -0.34 0.93 -3.10 3.28 0.11
0.29 -0.24 0.79 12.69 14.67 3.56
0.27 -0.20 0.93 2.78 -4.46 -3.29
0.24 -0.21 0.94 -4.02 2.07 -2.85
0.31 -0.22 0.78 -21.00 -2.03 -4.80
0.29 -0.42 0.98 0.81 13.67 -1.32
0.28 -0.21 0.87 -3.04 11.73 -4.94
0.23 -0.25 0.82 22.96 10.89 -0.93
0.28 -0.32 1.01 3.02 2.45 -4.75
0.25 -0.18 0.80 18.28 10.46 -1.79
0.26 -0.34 1.06 -6.42 -1.02 -4.36
0.22 -0.20 0.84 -4.36 -13.36 -3.19
0.27 -0.19 0.81 11.72 -4.10 -10.54
0.31 -0.28 0.95 -2.07 9.80 -7.12
0.22 -0.18 0.68 -10.75 18.68 2.92
0.27 -0.31 0.95 9.03 1.78 -17.36
0.25 -0.25 0.88 7.92 2.02 -5.96
0.25 -0.13 0.84 -6.65 17.18 1.89
0.20 -0.24 0.85 -9.58 14.40 -3.13
0.19 -0.36 0.95 10.46 17.97 -0.77
0.20 -0.19 0.83 -9.67 10.49 6.39
0.26 -0.35 0.96 25.44 -9.99 -2.37
0.28 -0.27 0.99 9.28 -7.82 7.32
0.34 -0.19 0.87 13.67 -10.70 -4.60
0.27 -0.22 0.89 5.36 10.15 8.08
0.25 -0.23 0.87 1.37 4.91 9.65
0.26 -0.24 0.97 -2.93 -9.13 3.39
0.29 -0.16 0.85 -17.72 0.77 7.87
0.30 -0.34 0.93 -3.10 3.28 0.11
0.29 -0.24 0.79 12.69 14.67 3.56
0.27 -0.20 0.93 2.78 -4.46 -3.29
0.24 -0.21 0.94 -4.02 2.07 -2.85
0.31 -0.22 0.78 -21.00 -2.03 -4.80
0.29 -0.42 0.98 0.81 13.67 -1.32
0.28 -0.21 0.87 -3.04 11.73 -4.94
0.11 -0.38 0.92 46.58 -12.62 -7.56
0.32 -0.07 1.02 -24.16 -71.95 2.86
0.48 0.00 0.92 -0.59 -65.69 -4.35
0.48 -0.11 0.95 -11.09 -28.05 20.39
0.49 -0.09 0.69 -51.38 5.51 34.39
0.63 -0.14 0.62 -44.74 64.33 16.59
0.22 -0.30 0.88 -30.95 160.60 16.42
-0.13 -0.53 0.89 -11.84 109.09 8.76
-0.12 -0.33 0.90 -1.98 -14.85 -20.18
0.07 -0.31 0.93 11.31 -23.41 -4.27
0.10 -0.38 1.01 2.82 11.35 3.21
0.19 -0.36 0.95 10.46 17.97 -0.77
0.20 -0.19 0.83 -9.67 10.49 6.39
0.26 -0.35 0.96 25.44 -9.99 -2.37
0.28 -0.27 0.99 9.28 -7.82 7.32
0.34 -0.19 0.87 13.67 -10.70 -4.60
0.27 -0.22 0.89 5.36 10.15 8.08
0.25 -0.23 0.87 1.37 4.91 9.65
0.26 -0.24 0.97 -2.93 -9.13 3.39
0.29 -0.16 0.85 -17.72 0.77 7.87
0.30 -0.34 0.93 -3.10 3.28 0.11
0.29 -0.24 0.79 12.69 14.67 3.56
0.27 -0.20 0.93 2.78 -4.46 -3.29
0.24 -0.21 0.94 -4.02 2.07 -2.85
0.31 -0.22 0.78 -21.00 -2.03 -4.80
0.29 -0.42 0.98 0.81 13.67 -1.32
0.28 -0.21 0.87 -3.04 11.73 -4.94
0.25 -0.32 0.87 3.24 -16.79 -19.35
0.20 -0.33 0.81 -7.52 15.27 -21.76
0.11 -0.34 0.95 -11.12 3.46 -17.94
0.24 -0.28 0.92 -28.47 -24.63 -27.66
0.29 -0.43 0.94 -25.76 0.35 -34.77
0.22 -0.40 0.80 -4.04 24.80 -20.90
0.15 -0.26 0.86 -3.20 9.44 -23.70
0.24 -0.36 0.87 13.24 22.58 -18.27
0.12 -0.32 0.88 26.33 17.78 -19.68
0.13 -0.33 0.94 39.41 3.50 -13.40
0.19 -0.23 0.85 37.77 -1.59 -11.86
0.19 -0.18 0.86 18.95 -6.86 -11.75
0.19 -0.36 0.95 10.46 17.97 -0.77
0.20 -0.19 0.83 -9.67 10.49 6.39
0.26 -0.35 0.96 25.44 -9.99 -2.37
0.28 -0.27 0.99 9.28 -7.82 7.32
0.34 -0.19 0.87 13.67 -10.70 -4.60
0.27 -0.22 0.89 5.36 10.15 8.08
0.25 -0.23 0.87 1.37 4.91 9.65
0.26 -0.24 0.97 -2.93 -9.13 3.39
0.29 -0.16 0.85 -17.72 0.77 7.87
0.30 -0.34 0.93 -3.10 3.28 0.11
0.29 -0.24 0.79 12.69 14.67 3.56
0.27 -0.20 0.93 2.78 -4.46 -3.29
0.24 -0.21 0.94 -4.02 2.07 -2.85
0.31 -0.22 0.78 -21.00 -2.03 -4.80
0.29 -0.42 0.98 0.81 13.67 -1.32
0.28 -0.21 0.87 -3.04 11.73 -4.94
0.24 -0.18 0.93 -0.16 -21.78 -20.99
0.29 -0.25 0.94 4.48 -1.14 -21.97
0.23 -0.26 0.95 20.53 7.61 -10.20
0.18 -0.22 0.86 22.93 9.82 0.92
0.23 -0.20 0.88 27.05 5.13 -2.76
0.24 -0.14 0.93 28.61 -0.30 -15.70
0.24 -0.14 0.95 34.74 8.16 -7.95
0.23 -0.09 0.93 25.87 8.51 -6.19
0.21 -0.10 0.95 18.90 14.41 -5.34
0.21 -0.06 0.95 14.14 10.50 -8.50
0.19 -0.06 0.98 6.74 11.36 -4.78
0.19 -0.36 0.95 10.46 17.97 -0.77
0.20 -0.19 0.83 -9.67 10.49 6.39
0.26 -0.35 0.96 25.44 -9.99 -2.37
0.28 -0.27 0.99 9.28 -7.82 7.32
0.34 -0.19 0.87 13.67 -10.70 -4.60
0.27 -0.22 0.89 5.36 10.15 8.08
0.25 -0.23 0.87 1.37 4.91 9.65
0.26 -0.24 0.97 -2.93 -9.13 3.39
0.29 -0.16 0.85 -17.72 0.77 7.87
0.30 -0.34 0.93 -3.10 3.28 0.11
0.29 -0.24 0.79 12.69 14.67 3.56
0.27 -0.20 0.93 2.78 -4.46 -3.29
0.24 -0.21 0.94 -4.02 2.07 -2.85
0.31 -0.22 0.78 -21.00 -2.03 -4.80
0.29 -0.42 0.98 0.81 13.67 -1.32
0.28 -0.21 0.87 -3.04 11.73 -4.94
0.20 -0.07 0.97 1.94 -3.54 -0.29
0.20 -0.05 0.95 0.72 0.70 1.65
0.19 -0.07 0.94 1.00 8.80 -0.37
0.17 -0.10 0.94 4.33 6.03 1.70
0.18 -0.06 0.95 9.96 1.38 -0.14
0.21 -0.06 0.95 10.31 0.39 -0.07
0.17 -0.05 0.95 7.78 8.65 1.61
0.17 -0.05 0.95 0.95 -1.30 -2.78
0.20 -0.03 0.94 5.74 5.09 -1.01
0.17 -0.03 0.96 3.97 6.76 -2.43
0.18 -0.05 0.95 -0.39 8.13 -1.77
0.17 -0.03 0.95 0.21 3.84 -4.23
0.19 -0.36 0.95 10.46 17.97 -0.77
0.20 -0.19 0.83 -9.67 10.49 6.39
0.26 -0.35 0.96 25.44 -9.99 -2.37
0.28 -0.27 0.99 9.28 -7.82 7.32
0.34 -0.19 0.87 13.67 -10.70 -4.60
0.27 -0.22 0.89 5.36 10.15 8.08
0.25 -0.23 0.87 1.37 4.91 9.65
0.26 -0.24 0.97 -2.93 -9.13 3.39
0.29 -0.16 0.85 -17.72 0.77 7.87
0.30 -0.34 0.93 -3.10 3.28 0.11
0.29 -0.24 0.79 12.69 14.67 3.56
0.27 -0.20 0.93 2.78 -4.46 -3.29
0.24 -0.21 0.94 -4.02 2.07 -2.85
0.31 -0.22 0.78 -21.00 -2.03 -4.80
0.29 -0.42 0.98 0.81 13.67 -1.32
0.28 -0.21 0.87 -3.04 11.73 -4.94
0.17 -0.00 0.94 3.66 4.31 -4.38
0.14 -0.03 0.96 -1.12 3.27 -1.37
0.13 0.00 0.84 -34.18 -20.02 15.57
0.29 0.00 1.01 -38.89 -25.33 -9.26
0.27 -0.01 1.06 -12.59 27.26 -18.61
0.04 0.02 0.81 -18.16 24.77 -10.87
0.01 -0.01 0.99 -5.20 -40.35 7.67
0.27 0.16 0.98 -19.75 -45.94 18.91
0.41 0.16 1.00 9.01 -13.15 -29.02
0.31 0.14 0.97 -27.15 -24.86 -22.93
0.24 0.06 0.56 15.72 -29.38 34.95
0.19 -0.36 0.95 10.46 17.97 -0.77
0.20 -0.19 0.83 -9.67 10.49 6.39
0.26 -0.35 0.96 25.44 -9.99 -2.37
0.28 -0.27 0.99 9.28 -7.82 7.32
0.34 -0.19 0.87 13.67 -10.70 -4.60
0.27 -0.22 0.89 5.36 10.15 8.08
0.25 -0.23 0.87 1.37 4.91 9.65
0.26 -0.24 0.97 -2.93 -9.13 3.39
0.29 -0.16 0.85 -17.72 0.77 7.87
0.30 -0.34 0.93 -3.10 3.28 0.11
0.29 -0.24 0.79 12.69 14.67 3.56
0.27 -0.20 0.93 2.78 -4.46 -3.29
0.24 -0.21 0.94 -4.02 2.07 -2.85
0.31 -0.22 0.78 -21.00 -2.03 -4.80
0.29 -0.42 0.98 0.81 13.67 -1.32
0.28 -0.21 0.87 -3.04 11.73 -4.94
0.45 -0.14 0.88 82.66 98.08 40.50
-0.14 0.22 1.58 -32.01 -49.90 -29.05
0.47 0.29 0.79 -117.00 -101.01 59.44
0.79 -0.40 0.49 -39.11 1.75 -32.86
-0.01 -0.45 0.61 41.00 138.98 -90.20
-0.48 -0.50 1.30 80.13 23.25 -73.05
0.24 0.26 1.77 2.09 -185.71 -53.44
0.58 0.34 0.53 -62.23 -17.56 37.41
0.14 0.00 -0.06 -10.34 132.43 12.07
0.15 -0.04 0.39 41.73 66.80 5.17
0.23 -0.75 1.94 249.99 -239.91 22.72
0.51 0.78 1.52 -42.82 -36.90 51.41
0.19 -0.36 0.95 10.46 17.97 -0.77
0.20 -0.19 0.83 -9.67 10.49 6.39
0.26 -0.35 0.96 25.44 -9.99 -2.37
0.28 -0.27 0.99 9.28 -7.82 7.32
0.34 -0.19 0.87 13.67 -10.70 -4.60
0.27 -0.22 0.89 5.36 10.15 8.08
0.25 -0.23 0.87 1.37 4.91 9.65
0.26 -0.24 0.97 -2.93 -9.13 3.39
0.29 -0.16 0.85 -17.72 0.77 7.87
0.30 -0.34 0.93 -3.10 3.28 0.11
0.29 -0.24 0.79 12.69 14.67 3.56
0.27 -0.20 0.93 2.78 -4.46 -3.29
0.24 -0.21 0.94 -4.02 2.07 -2.85
0.31 -0.22 0.78 -21.00 -2.03 -4.80
0.29 -0.42 0.98 0.81 13.67 -1.32
0.28 -0.21 0.87 -3.04 11.73 -4.94
0.16 -0.30 -0.13 -79.39 183.86 19.27
-0.17 -0.84 1.84 166.87 9.13 -87.70
-0.50 0.27 2.00 -37.83 -114.68 -63.75
0.15 0.42 0.27 -60.78 -196.49 77.42
0.43 0.04 0.00 -37.09 -77.15 74.03
0.79 -0.66 1.27 249.99 -7.97 -30.88
0.06 0.13 1.82 -5.71 -46.78 24.96
0.69 0.32 0.64 -76.05 28.88 9.43
0.21 0.03 -0.03 -15.66 126.19 8.26
0.08 -0.56 1.16 49.95 140.66 -25.00
0.19 -0.36 0.95 10.46 17.97 -0.77
0.20 -0.19 0.83 -9.67 10.49 6.39
0.26 -0.35 0.96 25.44 -9.99 -2.37
0.28 -0.27 0.99 9.28 -7.82 7.32
0.34 -0.19 0.87 13.67 -10.70 -4.60
0.27 -0.22 0.89 5.36 10.15 8.08
0.25 -0.23 0.87 1.37 4.91 9.65
0.26 -0.24 0.97 -2.93 -9.13 3.39
0.29 -0.16 0.85 -17.72 0.77 7.87
0.30 -0.34 0.93 -3.10 3.28 0.11
0.29 -0.24 0.79 12.69 14.67 3.56
0.27 -0.20 0.93 2.78 -4.46 -3.29
0.24 -0.21 0.94 -4.02 2.07 -2.85
0.31 -0.22 0.78 -21.00 -2.03 -4.80
0.29 -0.42 0.98 0.81 13.67 -1.32
0.28 -0.21 0.87 -3.04 11.73 -4.94
0.22 0.36 1.15 -73.08 -212.33 49.96
0.51 0.27 -0.13 -37.64 -76.23 34.05
0.53 -0.28 0.79 69.90 50.62 -19.62
0.34 -0.08 2.00 22.65 111.08 -18.52
0.57 0.30 0.91 -86.05 -39.57 -18.55
0.11 0.13 0.29 -16.72 119.03 9.57
-0.19 -0.37 0.56 39.18 144.38 -2.98
-0.71 -0.14 2.00 21.13 -65.91 -79.49
0.52 0.57 1.15 -16.82 -250.00 -66.08
0.62 0.30 -0.29 -39.00 11.22 16.37
0.48 -0.21 0.36 2.72 51.29 -34.61
0.68 0.05 1.52 55.69 16.90 51.41
0.19 -0.36 0.95 10.46 17.97 -0.77
0.20 -0.19 0.83 -9.67 10.49 6.39
0.26 -0.35 0.96 25.44 -9.99 -2.37
0.28 -0.27 0.99 9.28 -7.82 7.32
0.34 -0.19 0.87 13.67 -10.70 -4.60
0.27 -0.22 0.89 5.36 10.15 8.08
0.25 -0.23 0.87 1.37 4.91 9.65
0.26 -0.24 0.97 -2.93 -9.13 3.39
0.29 -0.16 0.85 -17.72 0.77 7.87
0.30 -0.34 0.93 -3.10 3.28 0.11
0.29 -0.24 0.79 12.69 14.67 3.56
0.27 -0.20 0.93 2.78 -4.46 -3.29
0.24 -0.21 0.94 -4.02 2.07 -2.85
0.31 -0.22 0.78 -21.00 -2.03 -4.80
0.29 -0.42 0.98 0.81 13.67 -1.32
0.28 -0.21 0.87 -3.04 11.73 -4.94
0.42 0.35 1.48 -102.95 -25.38 -52.02
0.18 0.21 0.57 -106.79 129.66 -11.66
-0.01 -0.21 0.13 -36.12 142.79 -76.86
-0.63 -0.43 1.79 229.18 7.34 -84.75
0.14 0.45 1.62 37.52 -250.00 -95.54
0.65 0.51 -0.03 -83.79 -64.13 12.33
0.63 -0.10 0.23 -49.57 23.86 -35.27
0.78 0.01 1.20 55.54 121.77 -67.10
0.40 0.07 1.27 -93.55 5.80 -44.62
0.14 0.08 0.46 -86.18 168.20 -30.33
-0.15 -0.15 0.13 -3.88 196.09 -60.24
0.20 -0.19 0.83 -9.67 10.49 6.39
0.26 -0.35 0.96 25.44 -9.99 -2.37
0.28 -0.27 0.99 9.28 -7.82 7.32
0.34 -0.19 0.87 13.67 -10.70 -4.60
0.27 -0.22 0.89 5.36 10.15 8.08
0.25 -0.23 0.87 1.37 4.91 9.65
0.26 -0.24 0.97 -2.93 -9.13 3.39
0.29 -0.16 0.85 -17.72 0.77 7.87
0.30 -0.34 0.93 -3.10 3.28 0.11
0.29 -0.24 0.79 12.69 14.67 3.56
0.27 -0.20 0.93 2.78 -4.46 -3.29
0.24 -0.21 0.94 -4.02 2.07 -2.85
0.31 -0.22 0.78 -21.00 -2.03 -4.80
0.29 -0.42 0.98 0.81 13.67 -1.32
0.28 -0.21 0.87 -3.04 11.73 -4.94
0.07 0.62 1.52 -14.53 -250.00 -75.03
0.58 0.31 -0.26 -43.85 -30.82 -1.97
0.57 -0.25 0.89 21.58 58.44 -37.03
0.83 -0.09 1.78 -40.58 112.54 -63.95
0.29 0.18 0.33 -105.03 110.97 -71.42
-0.06 0.01 -0.01 -29.88 171.49 -55.18
-0.54 -0.51 2.00 233.17 27.46 -67.80
-0.27 0.27 1.88 23.32 -183.52 -76.18
0.32 0.36 -0.13 -11.67 -110.50 28.24
0.61 -0.05 0.45 23.42 -16.00 -0.68
0.74 0.23 1.90 -64.70 14.96 -36.03
0.20 -0.19 0.83 -9.67 10.49 6.39
0.26 -0.35 0.96 25.44 -9.99 -2.37
0.28 -0.27 0.99 9.28 -7.82 7.32
0.34 -0.19 0.87 13.67 -10.70 -4.60
0.27 -0.22 0.89 5.36 10.15 8.08
0.25 -0.23 0.87 1.37 4.91 9.65
0.26 -0.24 0.97 -2.93 -9.13 3.39
0.29 -0.16 0.85 -17.72 0.77 7.87
0.30 -0.34 0.93 -3.10 3.28 0.11
0.29 -0.24 0.79 12.69 14.67 3.56
0.27 -0.20 0.93 2.78 -4.46 -3.29
0.24 -0.21 0.94 -4.02 2.07 -2.85
0.31 -0.22 0.78 -21.00 -2.03 -4.80
0.29 -0.42 0.98 0.81 13.67 -1.32
0.28 -0.21 0.87 -3.04 11.73 -4.94
0.21 -0.11 -0.27 -24.89 157.26 -0.16
-0.12 -0.50 1.98 75.51 163.59 -71.37
-1.03 0.36 2.00 -40.50 -113.09 -69.64
0.13 0.25 0.16 -5.25 -215.02 23.70
0.58 0.15 -0.30 6.52 -126.84 7.50
1.44 0.38 0.78 -19.49 56.69 14.71
0.30 0.00 0.36 -79.25 157.81 31.49
0.01 -0.06 -0.30 -60.89 249.99 18.36
-0.90 -0.59 2.00 207.64 -51.04 -37.81
-0.83 0.31 1.36 -63.38 -162.20 -36.50
0.15 0.11 -0.16 29.07 -211.49 24.00 
0.20 -0.19 0.83 -9.67 10.49 6.39
0.26 -0.35 0.96 25.44 -9.99 -2.37
0.28 -0.27 0.99 9.28 -7.82 7.32
0.34 -0.19 0.87 13.67 -10.70 -4.60
0.27 -0.22 0.89 5.36 10.15 8.08
0.25 -0.23 0.87 1.37 4.91 9.65
0.26 -0.24 0.97 -2.93 -9.13 3.39
0.29 -0.16 0.85 -17.72 0.77 7.87
0.30 -0.34 0.93 -3.10 3.28 0.11
0.29 -0.24 0.79 12.69 14.67 3.56
0.27 -0.20 0.93 2.78 -4.46 -3.29
0.24 -0.21 0.94 -4.02 2.07 -2.85
0.31 -0.22 0.78 -21.00 -2.03 -4.80
0.29 -0.42 0.98 0.81 13.67 -1.32
0.28 -0.21 0.87 -3.04 11.73 -4.94
0.82 -0.15 2.00 164.83 -248.52 20.37
0.68 0.05 1.45 -47.84 7.42 53.13
0.32 0.02 -0.17 -38.54 224.66 6.57
-0.08 -0.24 0.23 -21.53 249.99 -15.24
-1.44 0.42 2.00 -90.51 67.82 -104.45
-0.04 0.18 0.29 -0.70 -188.32 -11.06
0.42 0.05 -0.18 5.65 -170.26 16.31
1.41 0.59 0.66 25.00 -52.70 19.21
0.77 0.09 0.24 -68.01 110.43 16.99
0.04 0.01 -0.27 -51.64 249.99 -1.07
-0.93 -0.63 2.00 241.25 10.00 -24.09
0.20 -0.19 0.83 -9.67 10.49 6.39
0.26 -0.35 0.96 25.44 -9.99 -2.37
0.28 -0.27 0.99 9.28 -7.82 7.32
0.34 -0.19 0.87 13.67 -10.70 -4.60
0.27 -0.22 0.89 5.36 10.15 8.08
0.25 -0.23 0.87 1.37 4.91 9.65
0.26 -0.24 0.97 -2.93 -9.13 3.39
0.29 -0.16 0.85 -17.72 0.77 7.87
0.30 -0.34 0.93 -3.10 3.28 0.11
0.29 -0.24 0.79 12.69 14.67 3.56
0.27 -0.20 0.93 2.78 -4.46 -3.29
0.24 -0.21 0.94 -4.02 2.07 -2.85
0.31 -0.22 0.78 -21.00 -2.03 -4.80
0.29 -0.42 0.98 0.81 13.67 -1.32
0.28 -0.21 0.87 -3.04 11.73 -4.94
0.18 0.09 -0.27 12.39 -186.12 25.74
0.87 -0.19 2.00 147.35 -250.00 15.05
1.01 0.04 1.20 -84.60 29.27 62.26
0.21 0.03 -0.37 -47.55 249.99 -7.51
-0.10 -0.35 1.96 5.36 249.99 -29.70
-1.20 0.35 1.91 -79.99 -60.27 -145.96
-0.05 0.09 -0.13 18.05 -186.67 19.03
0.58 0.08 0.09 16.56 -173.01 42.49
1.03 0.38 1.46 -143.65 61.84 43.71
0.44 -0.04 -0.28 -33.49 242.33 2.58
0.03 -0.35 0.25 -50.74 249.99 -27.95
-1.62 0.18 2.00 -71.948 -180.566 0.95 
0.20 -0.19 0.83 -9.67 10.49 6.39
0.26 -0.35 0.96 25.44 -9.99 -2.37
0.28 -0.27 0.99 9.28 -7.82 7.32
0.34 -0.19 0.87 13.67 -10.70 -4.60
0.27 -0.22 0.89 5.36 10.15 8.08
0.25 -0.23 0.87 1.37 4.91 9.65
0.26 -0.24 0.97 -2.93 -9.13 3.39
0.29 -0.16 0.85 -17.72 0.77 7.87
0.30 -0.34 0.93 -3.10 3.28 0.11
0.29 -0.24 0.79 12.69 14.67 3.56
0.27 -0.20 0.93 2.78 -4.46 -3.29
0.24 -0.21 0.94 -4.02 2.07 -2.85
0.31 -0.22 0.78 -21.00 -2.03 -4.80
0.29 -0.42 0.98 0.81 13.67 -1.32
0.28 -0.21 0.87 -3.04 11.73 -4.94
-0.23 0.20 0.14 -18.59 -195.84 25.60
0.59 0.02 -0.20 -4.17 -224.74 46.49
1.29 0.64 0.80 -95.66 81.92 24.77
0.50 0.08 -0.27 -42.30 189.78 27.53
0.02 -0.25 -0.03 -58.30 249.99 -9.57
-1.74 0.04 2.00 -42.82 193.99 -167.76
-0.30 0.27 0.26 0.65 -250.00 25.76
0.54 0.04 -0.32 23.95 -242.69 40.81
1.46 0.58 0.20 -115.71 -23.27 22.76
0.45 0.05 -0.41 -100.14 237.31 74.81
0.04 -0.71 1.93 -21.43 242.71 -4.33
0.20 -0.19 0.83 -9.67 10.49 6.39
0.26 -0.35 0.96 25.44 -9.99 -2.37
0.28 -0.27 0.99 9.28 -7.82 7.32
0.34 -0.19 0.87 13.67 -10.70 -4.60
0.27 -0.22 0.89 5.36 10.15 8.08
0.25 -0.23 0.87 1.37 4.91 9.65
0.26 -0.24 0.97 -2.93 -9.13 3.39
0.29 -0.16 0.85 -17.72 0.77 7.87
0.30 -0.34 0.93 -3.10 3.28 0.11
0.29 -0.24 0.79 12.69 14.67 3.56
0.27 -0.20 0.93 2.78 -4.46 -3.29
0.24 -0.21 0.94 -4.02 2.07 -2.85
0.31 -0.22 0.78 -21.00 -2.03 -4.80
0.29 -0.42 0.98 0.81 13.67 -1.32
0.28 -0.21 0.87 -3.04 11.73 -4.94
-0.57 -0.01 0.36 -63.63 -85.77 108.76
0.32 -0.18 0.63 38.82 -250.00 68.11
1.18 1.39 0.70 -136.60 -176.48 71.75
0.53 -0.07 -0.22 -51.42 160.34 58.36
-0.08 -0.77 2.00 83.33 240.23 -39.07
-1.29 -0.19 1.68 18.72 132.06 -65.82
-0.50 -0.03 0.29 -69.22 -192.07 153.67
0.31 -0.75 1.68 211.71 -250.00 110.32
0.69 0.47 0.70 -183.56 -13.70 108.45
0.18 -0.10 -0.25 -118.10 232.16 19.71
0.20 -0.19 0.83 -9.67 10.49 6.39
0.26 -0.35 0.96 25.44 -9.99 -2.37
0.28 -0.27 0.99 9.28 -7.82 7.32
0.34 -0.19 0.87 13.67 -10.70 -4.60
0.27 -0.22 0.89 5.36 10.15 8.08
0.25 -0.23 0.87 1.37 4.91 9.65
0.26 -0.24 0.97 -2.93 -9.13 3.39
0.29 -0.16 0.85 -17.72 0.77 7.87
0.30 -0.34 0.93 -3.10 3.28 0.11
0.29 -0.24 0.79 12.69 14.67 3.56
0.27 -0.20 0.93 2.78 -4.46 -3.29
0.24 -0.21 0.94 -4.02 2.07 -2.85
0.31 -0.22 0.78 -21.00 -2.03 -4.80
0.29 -0.42 0.98 0.81 13.67 -1.32
0.28 -0.21 0.87 -3.04 11.73 -4.94
-0.89 -0.79 1.63 -36.02 -26.27 -113.01
-0.07 0.23 0.26 -34.65 -250.00 -31.39
0.70 0.23 -0.41 48.76 -99.27 62.42
0.95 0.74 0.42 128.13 -29.37 25.76
0.54 -0.05 0.67 -45.87 76.73 -13.47
0.10 -0.01 -0.26 13.75 249.99 -59.95
-1.08 -0.40 2.00 212.04 10.92 -104.52
-0.52 0.24 1.23 -50.51 -208.05 -89.76
0.13 0.16 -0.08 -14.13 -139.52 32.26
0.71 -0.24 1.57 85.88 -137.89 19.65
0.67 0.04 1.85 -100.09 87.65 0.89
0.20 -0.19 0.83 -9.67 10.49 6.39
0.26 -0.35 0.96 25.44 -9.99 -2.37
0.28 -0.27 0.99 9.28 -7.82 7.32
0.34 -0.19 0.87 13.67 -10.70 -4.60
0.27 -0.22 0.89 5.36 10.15 8.08
0.25 -0.23 0.87 1.37 4.91 9.65
0.26 -0.24 0.97 -2.93 -9.13 3.39
0.29 -0.16 0.85 -17.72 0.77 7.87
0.30 -0.34 0.93 -3.10 3.28 0.11
0.29 -0.24 0.79 12.69 14.67 3.56
0.27 -0.20 0.93 2.78 -4.46 -3.29
0.24 -0.21 0.94 -4.02 2.07 -2.85
0.31 -0.22 0.78 -21.00 -2.03 -4.80
0.29 -0.42 0.98 0.81 13.67 -1.32
0.28 -0.21 0.87 -3.04 11.73 -4.94
-0.12 -0.11 0.03 -14.49 249.99 -2.66
-1.28 0.16 1.80 -25.02 162.13 -91.49
-0.24 0.30 0.47 -24.14 -205.47 12.25
0.34 0.02 -0.16 -14.42 -150.19 37.91
1.36 0.30 1.05 151.05 -21.06 -8.71
0.62 -0.02 0.58 -66.50 53.36 20.52
0.08 0.04 -0.32 -42.18 249.99 1.95
-0.22 -0.45 1.90 59.74 164.51 -13.55
-1.24 0.44 2.00 -65.95 -116.13 -109.41
0.07 0.17 -0.17 -13.45 -245.21 39.79
0.20 -0.19 0.83 -9.67 10.49 6.39
0.26 -0.35 0.96 25.44 -9.99 -2.37
0.28 -0.27 0.99 9.28 -7.82 7.32
0.34 -0.19 0.87 13.67 -10.70 -4.60
0.27 -0.22 0.89 5.36 10.15 8.08
0.25 -0.23 0.87 1.37 4.91 9.65
0.26 -0.24 0.97 -2.93 -9.13 3.39
0.29 -0.16 0.85 -17.72 0.77 7.87
0.30 -0.34 0.93 -3.10 3.28 0.11
0.29 -0.24 0.79 12.69 14.67 3.56
0.27 -0.20 0.93 2.78 -4.46 -3.29
0.24 -0.21 0.94 -4.02 2.07 -2.85
0.31 -0.22 0.78 -21.00 -2.03 -4.80
0.29 -0.42 0.98 0.81 13.67 -1.32
0.28 -0.21 0.87 -3.04 11.73 -4.94
0.95 0.40 1.46 -125.72 6.96 -15.98
0.40 0.03 0.15 -67.62 156.26 1.30
-0.03 -0.21 -0.18 -81.12 249.99 5.82
-0.88 -0.92 1.29 249.99 194.37 -38.58
-0.46 0.30 0.78 -6.13 -250.00 -34.77
0.43 0.09 -0.39 19.26 -246.60 36.22
1.60 0.32 1.59 153.85 -21.05 -29.25
0.52 0.14 0.63 -71.77 136.59 -7.75
-0.03 0.03 -0.29 -62.74 249.99 -4.43
-0.82 -0.63 2.00 201.32 27.77 1.92
-1.14 0.31 1.32 -76.71 -156.39 -73.26
0.20 -0.19 0.83 -9.67 10.49 6.39
0.26 -0.35 0.96 25.44 -9.99 -2.37
0.28 -0.27 0.99 9.28 -7.82 7.32
0.34 -0.19 0.87 13.67 -10.70 -4.60
0.27 -0.22 0.89 5.36 10.15 8.08
0.25 -0.23 0.87 1.37 4.91 9.65
0.26 -0.24 0.97 -2.93 -9.13 3.39
0.29 -0.16 0.85 -17.72 0.77 7.87
0.30 -0.34 0.93 -3.10 3.28 0.11
0.29 -0.24 0.79 12.69 14.67 3.56
0.27 -0.20 0.93 2.78 -4.46 -3.29
0.24 -0.21 0.94 -4.02 2.07 -2.85
0.31 -0.22 0.78 -21.00 -2.03 -4.80
0.29 -0.42 0.98 0.81 13.67 -1.32
0.28 -0.21 0.87 -3.04 11.73 -4.94
0.82 -0.04 1.90 107.15 -250.00 4.20
0.45 0.18 2.00 -88.94 69.66 71.66
0.30 -0.01 -0.16 -50.32 203.47 30.58
0.03 -0.25 -0.02 -74.39 249.99 12.12
-1.53 0.07 1.81 -65.79 205.23 -96.32
-0.28 0.16 0.44 -38.20 -208.92 40.23
0.50 -0.10 -0.10 -10.86 -222.91 28.90
1.13 1.13 0.58 52.99 2.78 28.85
0.55 0.07 0.18 -67.09 121.80 70.46
-0.03 -0.05 -0.27 -64.62 249.99 37.35
-0.83 -0.65 1.18 249.99 107.32 -1.67
0.20 -0.19 0.83 -9.67 10.49 6.39
0.26 -0.35 0.96 25.44 -9.99 -2.37
0.28 -0.27 0.99 9.28 -7.82 7.32
0.34 -0.19 0.87 13.67 -10.70 -4.60
0.27 -0.22 0.89 5.36 10.15 8.08
0.25 -0.23 0.87 1.37 4.91 9.65
0.26 -0.24 0.97 -2.93 -9.13 3.39
0.29 -0.16 0.85 -17.72 0.77 7.87
0.30 -0.34 0.93 -3.10 3.28 0.11
0.29 -0.24 0.79 12.69 14.67 3.56
0.27 -0.20 0.93 2.78 -4.46 -3.29
0.24 -0.21 0.94 -4.02 2.07 -2.85
0.31 -0.22 0.78 -21.00 -2.03 -4.80
0.29 -0.42 0.98 0.81 13.67 -1.32
0.28 -0.21 0.87 -3.04 11.73 -4.94
0.28 0.04 -0.28 4.93 -231.98 51.90
0.79 -0.53 2.00 249.99 -250.00 -6.81
0.72 0.05 0.87 -72.67 50.46 68.31
0.11 0.03 -0.35 -49.62 249.99 20.04
-0.27 -0.45 1.83 8.48 249.99 2.62
-1.82 0.36 2.00 -84.60 20.92 -84.09
-0.02 0.16 0.01 -17.38 -250.00 66.79
0.74 -0.12 0.22 0.82 -248.24 18.68
0.86 0.59 2.00 -99.14 63.75 1.05
0.43 0.09 0.05 -60.68 150.60 34.93
-0.03 -0.15 -0.27 -84.30 249.99 21.06
0.20 -0.19 0.83 -9.67 10.49 6.39
0.26 -0.35 0.96 25.44 -9.99 -2.37
0.28 -0.27 0.99 9.28 -7.82 7.32
0.34 -0.19 0.87 13.67 -10.70 -4.60
0.27 -0.22 0.89 5.36 10.15 8.08
0.25 -0.23 0.87 1.37 4.91 9.65
0.26 -0.24 0.97 -2.93 -9.13 3.39
0.29 -0.16 0.85 -17.72 0.77 7.87
0.30 -0.34 0.93 -3.10 3.28 0.11
0.29 -0.24 0.79 12.69 14.67 3.56
0.27 -0.20 0.93 2.78 -4.46 -3.29
0.24 -0.21 0.94 -4.02 2.07 -2.85
0.31 -0.22 0.78 -21.00 -2.03 -4.80
0.29 -0.42 0.98 0.81 13.67 -1.32
0.28 -0.21 0.87 -3.04 11.73 -4.94
-0.65 0.26 0.65 -41.99 -250.00 55.24
0.43 -0.04 -0.15 -6.41 -250.00 61.95
1.59 0.40 0.69 115.68 -15.37 -68.24
0.80 0.03 0.23 -67.02 104.42 35.15
0.05 -0.02 -0.33 -54.54 249.99 6.18
-1.08 -0.90 2.00 204.97 178.50 28.75
-1.57 0.55 1.08 -65.12 -193.70 -2.04
0.25 0.12 -0.17 -53.43 -250.00 91.76
1.24 -0.69 1.82 213.07 -136.59 -43.90
0.29 0.32 1.51 -122.44 15.91 21.69
0.20 -0.19 0.83 -9.67 10.49 6.39
0.26 -0.35 0.96 25.44 -9.99 -2.37
0.28 -0.27 0.99 9.28 -7.82 7.32
0.34 -0.19 0.87 13.67 -10.70 -4.60
0.27 -0.22 0.89 5.36 10.15 8.08
0.25 -0.23 0.87 1.37 4.91 9.65
0.26 -0.24 0.97 -2.93 -9.13 3.39
0.29 -0.16 0.85 -17.72 0.77 7.87
0.30 -0.34 0.93 -3.10 3.28 0.11
0.29 -0.24 0.79 12.69 14.67 3.56
0.27 -0.20 0.93 2.78 -4.46 -3.29
0.24 -0.21 0.94 -4.02 2.07 -2.85
0.31 -0.22 0.78 -21.00 -2.03 -4.80
0.29 -0.42 0.98 0.81 13.67 -1.32
0.28 -0.21 0.87 -3.04 11.73 -4.94
-0.06 -0.20 -0.16 -97.41 249.99 9.81
-1.20 -0.88 1.24 186.71 249.38 -50.46
-0.55 0.24 0.74 -11.55 -250.00 34.38
0.47 0.01 -0.33 -10.70 -239.58 59.56
1.48 0.22 0.81 200.28 -28.90 -50.48
0.27 0.09 0.84 -67.34 40.78 12.12
0.21 0.01 -0.23 -63.80 137.05 13.87
-0.00 -0.39 0.96 -37.76 181.05 0.96
-1.52 0.10 2.00 -43.40 141.39 -142.20
-0.11 0.21 0.45 -6.14 -250.00 16.40
0.49 0.10 -0.43 -32.74 -211.40 37.39
0.20 -0.19 0.83 -9.67 10.49 6.39
0.26 -0.35 0.96 25.44 -9.99 -2.37
0.28 -0.27 0.99 9.28 -7.82 7.32
0.34 -0.19 0.87 13.67 -10.70 -4.60
0.27 -0.22 0.89 5.36 10.15 8.08
0.25 -0.23 0.87 1.37 4.91 9.65
0.26 -0.24 0.97 -2.93 -9.13 3.39
0.29 -0.16 0.85 -17.72 0.77 7.87
0.30 -0.34 0.93 -3.10 3.28 0.11
0.29 -0.24 0.79 12.69 14.67 3.56
0.27 -0.20 0.93 2.78 -4.46 -3.29
0.24 -0.21 0.94 -4.02 2.07 -2.85
0.31 -0.22 0.78 -21.00 -2.03 -4.80
0.29 -0.42 0.98 0.81 13.67 -1.32
0.28 -0.21 0.87 -3.04 11.73 -4.94
0.76 0.04 0.61 -92.85 19.50 17.45
0.21 0.02 -0.21 -74.91 209.53 -6.54
-0.35 -0.62 2.00 67.34 195.77 15.12
-1.45 0.22 2.00 -25.10 41.54 -185.98
-0.16 0.34 0.60 2.94 -250.00 24.43
0.46 0.08 -0.58 -28.31 -161.52 53.81
1.21 0.13 0.93 231.96 -9.03 -81.44
0.76 0.06 1.08 -91.96 17.98 27.35
0.27 0.06 -0.13 -69.92 161.25 -16.44
-0.08 -0.42 1.71 19.39 186.33 -14.40
-1.17 0.35 2.00 -43.66 154.21 -197.28
0.20 -0.19 0.83 -9.67 10.49 6.39
0.26 -0.35 0.96 25.44 -9.99 -2.37
0.28 -0.27 0.99 9.28 -7.82 7.32
0.34 -0.19 0.87 13.67 -10.70 -4.60
0.27 -0.22 0.89 5.36 10.15 8.08
0.25 -0.23 0.87 1.37 4.91 9.65
0.26 -0.24 0.97 -2.93 -9.13 3.39
0.29 -0.16 0.85 -17.72 0.77 7.87
0.30 -0.34 0.93 -3.10 3.28 0.11
0.29 -0.24 0.79 12.69 14.67 3.56
0.27 -0.20 0.93 2.78 -4.46 -3.29
0.24 -0.21 0.94 -4.02 2.07 -2.85
0.31 -0.22 0.78 -21.00 -2.03 -4.80
0.29 -0.42 0.98 0.81 13.67 -1.32
0.28 -0.21 0.87 -3.04 11.73 -4.94
0.36 -0.08 -0.10 -44.35 -133.01 60.23
0.86 0.09 1.12 178.49 -134.99 -63.58
0.90 0.05 1.10 -102.94 24.99 39.53
0.24 0.10 0.08 -90.69 146.52 -13.85
-0.19 -0.60 2.00 120.97 171.74 -11.86
-1.20 0.20 1.97 -15.82 -22.93 -142.95
0.02 0.32 0.43 -24.45 -226.38 1.01
0.51 0.05 0.05 -2.54 -117.52 62.13
0.99 0.01 0.63 95.44 2.49 -29.81
0.77 0.00 1.30 -84.56 40.41 -6.65
0.30 0.25 0.39 -63.10 133.76 -50.73
0.20 -0.19 0.83 -9.67 10.49 6.39
0.26 -0.35 0.96 25.44 -9.99 -2.37
0.28 -0.27 0.99 9.28 -7.82 7.32
0.34 -0.19 0.87 13.67 -10.70 -4.60
0.27 -0.22 0.89 5.36 10.15 8.08
0.25 -0.23 0.87 1.37 4.91 9.65
0.26 -0.24 0.97 -2.93 -9.13 3.39
0.29 -0.16 0.85 -17.72 0.77 7.87
0.30 -0.34 0.93 -3.10 3.28 0.11
0.29 -0.24 0.79 12.69 14.67 3.56
0.27 -0.20 0.93 2.78 -4.46 -3.29
0.24 -0.21 0.94 -4.02 2.07 -2.85
0.31 -0.22 0.78 -21.00 -2.03 -4.80
0.29 -0.42 0.98 0.81 13.67 -1.32
0.28 -0.21 0.87 -3.04 11.73 -4.94
-0.81 -0.10 1.77 13.02 249.99 -142.85
-0.24 0.59 0.84 -73.56 -250.00 -9.79
0.33 0.16 -0.38 -70.03 -125.50 42.99
1.04 -0.43 0.89 184.52 -65.86 -73.43
1.35 -0.16 1.10 -69.79 -9.17 -18.00
0.49 0.17 0.34 -104.72 162.70 -96.24
-0.00 -0.13 0.04 -43.07 249.99 -68.57
-0.83 -0.07 1.81 51.03 148.00 -166.66
-0.01 0.41 0.54 -24.11 -250.00 -98.56
0.54 0.21 -0.57 -68.34 -141.40 17.23
0.20 -0.19 0.83 -9.67 10.49 6.39
0.26 -0.35 0.96 25.44 -9.99 -2.37
0.28 -0.27 0.99 9.28 -7.82 7.32
0.34 -0.19 0.87 13.67 -10.70 -4.60
0.27 -0.22 0.89 5.36 10.15 8.08
0.25 -0.23 0.87 1.37 4.91 9.65
0.26 -0.24 0.97 -2.93 -9.13 3.39
0.29 -0.16 0.85 -17.72 0.77 7.87
0.30 -0.34 0.93 -3.10 3.28 0.11
0.29 -0.24 0.79 12.69 14.67 3.56
0.27 -0.20 0.93 2.78 -4.46 -3.29
0.24 -0.21 0.94 -4.02 2.07 -2.85
0.31 -0.22 0.78 -21.00 -2.03 -4.80
0.29 -0.42 0.98 0.81 13.67 -1.32
0.28 -0.21 0.87 -3.04 11.73 -4.94
1.08 -0.20 1.10 -58.17 -0.94 -41.82
0.24 0.16 0.10 -62.81 189.13 -95.57
-0.17 -0.15 0.45 -1.60 249.99 -26.50
-1.27 0.52 2.00 -12.77 -59.01 -151.60
0.19 0.40 -0.07 -29.88 -250.00 -43.39
0.57 0.07 -0.23 -78.07 -70.34 41.85
1.40 0.01 0.85 38.80 -56.50 -16.34
1.07 -0.06 0.40 -96.74 121.95 -23.51
-0.08 0.03 -0.19 -75.58 249.99 -3.41
-0.90 -0.55 2.00 232.96 162.04 36.86
-0.85 0.42 1.22 -50.37 -250.00 -43.02
0.20 -0.19 0.83 -9.67 10.49 6.39
0.26 -0.35 0.96 25.44 -9.99 -2.37
0.28 -0.27 0.99 9.28 -7.82 7.32
0.34 -0.19 0.87 13.67 -10.70 -4.60
0.27 -0.22 0.89 5.36 10.15 8.08
0.25 -0.23 0.87 1.37 4.91 9.65
0.26 -0.24 0.97 -2.93 -9.13 3.39