0.53 -0.29 0.74 -34.45 50.34 -3.45
0.36 -0.16 0.80 -25.51 22.35 -6.08
0.40 -0.22 0.92 -11.13 2.27 -41.05
0.59 -0.14 0.72 -28.37 24.83 -21.29
0.44 -0.23 0.87 -23.96 79.78 -19.80
0.30 -0.15 0.94 -29.01 46.24 -8.13
0.20 -0.31 0.88 -30.68 52.05 -8.38
0.23 -0.16 0.84 -20.35 5.17 -22.45
0.29 -0.21 1.01 -38.89 -4.70 -39.12
0.33 -0.31 0.80 -11.44 -3.59 9.59
0.44 -0.21 0.82 -24.25 -2.11 -28.44
0.31 -0.32 0.92 0.21 47.78 -2.54
0.31 -0.26 0.80 -15.06 -1.22 -10.19
0.39 -0.33 0.80 -2.12 18.46 3.04
0.32 -0.30 0.83 -30.97 37.78 14.83
0.12 -0.44 0.92 -2.06 14.50 38.60
0.27 -0.45 0.85 18.88 -6.53 -8.71
0.40 -0.26 0.76 35.76 19.37 -27.24
0.23 -0.31 0.87 23.45 81.76 -21.29
0.12 -0.20 0.96 32.89 23.80 -34.87
0.19 -0.25 0.99 -23.66 43.42 -19.35
0.11 -0.19 0.85 -53.16 -19.46 -4.02
0.05 -0.50 1.02 -6.68 -16.47 14.86
0.20 -0.26 0.84 2.61 -75.40 7.32
0.32 -0.34 0.88 1.28 -52.80 -6.32
0.35 -0.11 0.84 2.82 7.83 -3.91
0.38 -0.14 0.92 21.10 55.34 13.75
-0.02 -0.17 1.06 29.19 67.28 14.15
-0.25 -0.17 0.96 69.26 -17.25 34.16
0.18 -0.04 0.86 59.87 -132.72 2.66
0.41 -0.07 0.94 86.78 -86.08 13.72
0.48 -0.09 1.02 29.13 8.64 48.65
0.30 -0.10 1.00 27.39 47.99 55.95
0.23 -0.05 0.85 24.92 -5.50 51.80
0.21 0.04 0.50 47.64 -44.40 74.62
0.61 -0.01 0.76 96.61 -39.19 79.12
-0.21 0.21 1.37 -1.08 7.42 -17.95
0.20 0.17 1.00 -19.96 -41.23 55.50
0.38 -0.12 0.50 -19.71 -15.94 -3.11
0.06 -0.04 0.86 -3.06 18.40 -42.56
-0.03 -0.21 1.08 94.56 13.20 -64.13
0.49 0.10 1.32 37.96 -168.05 -54.26
0.58 0.32 1.12 -21.64 11.80 2.01
0.11 0.50 0.58 -78.22 -14.30 46.37
0.69 -0.09 0.88 -71.68 -48.32 78.24
0.86 -0.35 0.52 84.44 107.32 15.64
0.41 -0.25 1.01 79.06 27.79 87.22
0.31 0.24 0.97 -75.94 -9.29 40.15
0.01 0.01 0.71 -66.90 86.71 -7.64
-0.07 -0.29 0.68 -19.94 79.22 -10.67
0.02 -0.47 0.96 124.77 16.38 -64.99
0.07 0.05 1.07 14.55 -88.42 -65.11
0.32 0.51 1.06 -37.37 -26.94 23.65
0.14 0.26 0.38 -46.49 5.42 76.87
0.48 -0.19 1.02 33.54 -46.86 49.60
0.58 -0.15 0.82 113.38 66.59 -8.39
-0.03 0.06 1.64 -42.40 11.06 47.09
0.16 0.45 0.85 -71.14 -16.59 13.38
0.24 -0.04 0.07 -63.71 7.08 -10.87
-0.03 -0.05 1.80 61.06 14.41 -104.00
0.04 0.52 1.05 -47.45 -50.77 -26.34
0.11 0.30 0.23 -47.00 -6.37 16.18
0.55 -0.24 1.69 34.68 -69.56 8.61
0.91 0.06 0.98 43.79 87.07 9.64
0.36 -0.03 1.03 -55.52 -26.10 38.22
0.11 0.12 0.52 -54.74 50.53 19.64
0.29 -0.14 0.12 -24.94 76.28 -8.79
0.06 -0.34 0.64 162.12 104.19 -122.22
-0.16 0.32 1.17 -7.68 -153.97 -38.66
0.27 0.24 0.23 -53.89 -62.46 62.41
1.23 0.02 0.97 175.32 31.93 -26.54
0.61 0.21 1.15 -87.14 115.55 89.34
-0.15 0.18 0.59 -134.73 142.05 72.22
0.14 -0.24 0.73 -76.26 133.26 3.25
-0.29 -0.82 0.85 206.47 95.81 -48.88
-0.31 -0.20 1.51 29.60 -147.29 -83.14
0.22 0.43 0.51 9.35 -192.61 23.81
0.44 0.19 0.05 -21.47 -141.16 85.60
1.38 -0.28 0.15 187.58 6.21 -68.39
0.62 0.03 1.28 -6.64 172.45 45.61
0.19 0.36 0.87 -99.95 139.73 7.647
-0.05 0.15 0.22 -86.14 144.38 13.25
-0.09 -0.46 1.58 60.43 -7.94 -20.60
-0.35 -0.31 1.65 59.17 -15.17 -77.91
0.06 0.36 0.75 0.13 -173.26 -37.17
0.32 0.53 0.43 -85.50 -111.47 61.97
0.90 -0.13 0.84 -9.31 -73.62 41.00
1.02 -0.36 0.74 139.60 128.15 -49.58
0.59 -0.03 0.70 -33.96 143.55 18.91
0.06 0.23 0.93 -80.15 54.22 -0.71
0.04 -0.05 0.76 -51.73 71.98 -54.92
0.00 -0.38 0.85 -4.05 37.88 -62.39
0.08 -0.38 0.86 62.74 28.45 -127.44
0.37 0.44 0.91 -56.33 -35.75 14.88
0.27 0.18 0.97 -76.21 6.19 28.04
0.11 0.06 0.83 -62.96 17.68 -15.83
-0.02 -0.07 1.08 -13.10 -70.22 51.35
0.53 -0.18 0.77 39.13 -186.67 40.12
1.18 -0.01 0.44 30.87 -74.44 -8.64
0.96 0.00 0.61 58.53 100.67 36.59
0.31 -0.03 0.58 -49.15 158.22 47.78
0.12 -0.06 1.17 -37.51 46.22 -11.77
0.01 -0.08 0.98 -25.12 24.26 12.68
0.15 -0.09 0.87 -43.91 15.40 -21.32
0.10 -0.13 1.08 41.54 8.09 -68.47
0.23 0.11 1.06 13.30 -78.80 -27.18
0.24 0.25 1.08 -43.69 -4.02 65.42
0.21 0.08 1.02 -30.92 -32.50 69.92
0.58 0.05 0.55 -4.64 -118.60 37.77
0.77 0.08 0.52 64.87 37.70 27.94
0.52 -0.14 1.12 171.18 65.25 78.14
0.30 0.08 1.37 -24.64 121.29 12.98
0.03 0.37 1.30 -56.05 -17.46 74.67
0.37 0.12 0.20 -61.69 59.43 5.33
0.08 -0.22 0.82 -27.04 37.00 -30.11
0.19 0.09 1.06 5.58 -57.00 -69.40
0.16 0.66 1.10 -83.10 -45.36 29.19
0.11 0.14 0.39 -75.04 4.26 44.56
0.60 -0.57 1.30 52.52 -189.99 0.85
0.75 -0.03 1.25 118.91 8.89 57.36
0.10 0.10 1.40 -45.56 102.65 142.40
-0.23 0.28 0.83 -49.10 82.24 78.28
0.07 -0.07 0.16 -48.03 75.41 31.75
-0.09 -0.67 1.55 158.13 -79.57 -14.72
-0.16 -0.28 1.79 44.90 -52.80 -23.64
0.13 0.36 1.20 -50.50 -97.11 93.16
0.43 -0.06 0.60 34.21 -35.96 75.42
0.81 0.14 0.80 4.41 81.67 19.97
0.00 0.32 1.09 -35.98 4.12 31.35
0.11 0.08 0.55 -56.03 94.80 49.43
0.08 -0.22 0.13 -41.48 102.20 8.84
-0.15 -0.55 1.35 225.30 -6.97 -40.56
-0.12 0.30 1.61 41.71 -149.44 -5.28
0.39 0.55 0.38 -35.93 -68.86 74.42
0.55 0.05 0.29 -3.43 3.32 18.91
0.81 0.09 0.99 49.55 77.38 -9.41
0.17 0.13 1.30 -50.38 5.22 10.12
-0.03 -0.15 -0.09 -26.79 167.61 3.94
-0.51 -0.39 1.50 213.37 -31.07 -45.64
-0.36 0.44 1.69 -12.89 -250.00 -26.70
0.37 0.32 -0.01 -16.61 -74.52 36.54
0.42 -0.03 0.05 1.97 -7.89 27.67
1.17 0.11 0.56 42.01 -21.77 -2.45
0.50 0.11 0.95 -86.58 16.03 -10.61
0.39 0.01 0.26 -34.68 106.86 -13.40
0.08 -0.28 0.17 -6.26 173.01 -41.79
-0.75 -0.07 1.53 36.83 129.23 -69.84
-0.23 0.44 0.96 -18.38 -230.67 26.37
0.96 -0.44 1.96 132.97 -211.29 -57.80
0.91 0.10 1.71 -51.45 101.94 11.96
0.39 0.28 0.44 -98.33 182.52 -4.58
-0.04 0.06 -0.20 -40.66 249.99 -2.34
-0.48 -0.50 2.00 122.12 38.89 -27.51
-0.71 0.10 1.94 -3.11 -161.66 -25.31
0.31 0.38 0.18 -54.38 -218.66 55.08
0.61 -0.03 -0.03 -28.95 -73.76 24.92
1.05 0.19 1.18 91.93 81.70 -36.06
0.36 0.04 0.98 -59.30 42.54 -3.26
0.13 0.16 0.23 -53.98 153.82 3.23
-1.12 -0.14 1.70 42.48 -58.12 -64.95
-0.01 0.46 1.19 -35.27 -250.00 -14.33
0.50 0.22 -0.32 -39.54 -80.63 45.82
1.12 -0.35 1.52 120.80 -52.99 -53.89
0.81 -0.19 1.58 -48.04 55.26 -10.68
0.38 0.18 0.33 -90.35 180.42 -42.99
-0.06 -0.09 -0.13 -28.69 249.99 -42.65
-0.75 -0.61 1.45 249.99 54.73 -58.91
-0.34 0.43 1.50 10.96 -250.00 -39.37
0.32 0.27 -0.22 -1.81 -125.46 23.70
1.25 0.28 1.43 -18.03 56.93 -33.43
0.47 0.11 0.51 -100.68 142.27 -15.72
-0.08 0.01 -0.16 -37.93 242.28 -7.21
-0.55 -0.59 2.00 151.45 14.82 -18.30
-0.36 0.10 2.00 12.42 -240.94 -74.18
0.38 0.45 -0.20 -46.56 -193.25 39.44
0.85 -0.08 0.41 -22.56 -61.26 32.18
1.17 0.14 0.51 73.13 100.76 -41.73
0.42 0.10 0.86 -70.60 56.92 2.88
0.12 0.14 0.33 -46.93 170.30 -6.48
0.05 -0.20 0.55 -8.90 199.99 -24.93
-0.14 0.58 0.44 -63.14 -193.41 -42.06
0.08 0.16 -0.17 -56.23 -76.88 48.79
0.83 -0.82 2.00 149.29 -250.00 -9.25
0.65 0.47 0.93 -82.56 7.13 101.91
0.80 0.11 0.53 -156.68 108.55 65.44
0.25 -0.22 0.05 -83.70 174.64 -25.24
-0.11 -0.78 0.85 209.56 232.10 -74.05
-0.55 0.08 1.15 -58.90 -23.86 -118.90
-0.34 0.44 0.40 -52.97 -63.37 86.26
0.44 -0.09 -0.00 -7.60 -130.91 61.89
0.92 -0.65 0.74 249.99 -192.12 -108.73
0.68 0.12 0.59 -123.70 76.86 23.21
0.45 -0.29 0.06 -74.93 138.88 -20.45
-0.18 -0.73 1.04 145.81 249.99 -79.89
-0.87 -0.38 1.40 5.29 -36.68 -119.83
-0.04 0.30 1.40 12.68 -250.00 -49.00
0.37 0.34 0.22 -142.59 -129.21 53.52
1.00 -0.30 0.58 1.06 -166.63 -43.35
1.14 -0.36 0.77 101.98 49.73 -69.85
1.09 -0.39 0.60 46.65 156.68 0.77
0.07 0.10 1.32 -32.05 143.49 60.40
-0.32 0.13 0.78 -52.91 71.97 -13.58
-0.18 -0.34 0.89 6.81 -17.46 -24.69
-0.10 -0.34 1.17 109.06 -165.28 -93.02
0.52 0.28 1.09 9.30 -88.12 -14.63
0.31 0.39 0.85 -28.40 0.08 74.93
0.52 0.19 0.57 -28.81 -69.88 82.24
0.84 -0.10 0.34 67.71 52.95 19.37
0.44 -0.26 1.05 147.50 117.99 48.90
0.18 0.11 1.19 -12.10 95.46 20.39
0.16 0.47 0.98 -65.06 -54.15 23.63
0.40 0.23 0.41 -91.74 20.59 -21.80
-0.13 -0.66 1.16 89.61 17.38 -38.50
0.08 -0.15 1.01 64.40 -112.72 -87.74
0.22 0.58 1.12 -51.64 -50.29 38.06
0.08 0.31 0.82 -45.58 -54.46 63.41
0.61 0.02 0.62 -20.91 -137.79 39.22
0.92 -0.14 0.45 105.25 105.32 37.45
0.58 -0.16 0.71 82.89 101.49 101.94
-0.18 0.29 1.49 -39.82 39.90 42.18
0.24 0.49 0.91 -72.53 -53.19 11.36
-0.15 0.03 1.04 -53.46 25.65 22.97
-0.06 -0.53 0.92 32.49 14.27 32.07
0.34 0.25 1.15 27.71 -79.43 24.73
0.16 0.53 0.52 -31.08 -57.98 95.58
0.83 0.17 0.77 -28.66 -98.34 108.80
0.81 -0.15 0.75 160.19 229.33 65.12
0.13 -0.15 1.02 -42.01 148.35 73.83
-0.12 0.33 1.08 -79.03 -13.05 32.97
0.08 0.06 0.67 -53.07 40.80 -8.82
-0.17 -0.51 1.13 96.12 9.43 7.61
-0.07 -0.44 1.46 70.20 -97.05 -74.11
0.18 0.64 0.94 1.47 -143.94 16.18
0.39 0.47 0.39 -55.60 -50.06 128.59
0.33 -0.08 1.15 18.83 77.95 34.88
0.37 0.19 0.79 -88.13 32.39 83.54
0.15 0.17 0.61 -57.05 42.28 9.78
0.19 -0.21 0.58 4.11 28.04 -36.82
-0.09 -0.40 1.31 82.48 40.05 -95.11
0.33 0.14 1.09 21.79 -173.20 -86.98
0.41 0.49 0.53 -50.39 -37.45 83.08
0.44 0.13 0.47 -26.09 3.52 47.58
0.94 -0.23 0.70 136.64 40.93 -35.31
0.63 -0.05 1.40 -44.12 9.35 52.16
0.50 0.30 0.79 -141.71 96.03 19.06
-0.46 -0.70 1.40 130.01 97.47 -45.32
-0.47 -0.33 1.77 -2.50 -143.20 -61.83
0.31 0.33 0.62 -5.86 -121.09 -0.16
0.36 0.25 -0.06 -15.23 -13.31 45.55
0.83 -0.14 1.67 125.84 -102.46 -18.84
0.74 0.05 1.73 -31.19 20.29 11.99
0.53 0.27 0.65 -92.95 101.79 -10.60
0.22 -0.05 0.01 -46.50 141.85 -36.06
-0.19 -0.78 1.76 198.21 54.05 -95.63
-0.41 0.12 2.00 30.77 -155.22 -136.69
0.20 0.61 0.55 -57.34 -78.61 33.76
0.46 0.02 0.46 -28.10 -69.71 52.89
1.06 -0.36 0.42 187.00 -11.23 -94.58
0.68 -0.03 1.20 -39.28 63.08 48.13
0.41 0.35 0.64 -88.48 105.77 -20.20
0.16 -0.09 0.40 -57.03 132.26 -58.35
-0.10 -0.63 0.76 174.64 124.14 -113.90
-0.36 -0.04 1.50 -2.56 -176.87 -145.74
0.31 0.38 0.68 -32.48 -166.73 7.93
0.40 0.13 0.78 -56.35 -61.29 36.80
0.77 -0.25 0.65 -16.42 -129.75 16.82
1.04 -0.37 0.58 59.83 68.44 -43.37
0.51 -0.34 0.99 19.68 150.36 68.78
0.44 -0.06 0.78 -44.41 -31.34 -10.67
0.36 -0.20 0.96 -17.09 -10.52 6.53
0.29 -0.06 0.86 -17.36 7.82 16.73
0.20 -0.07 0.95 -31.12 14.70 8.95
0.18 -0.19 0.93 -16.50 -16.39 12.31
0.29 -0.12 0.97 -16.42 -29.46 -12.47
0.44 -0.06 0.99 -111.69 -32.90 19.40
0.36 -0.29 0.87 -77.32 30.91 8.53
0.26 -0.54 0.90 31.74 37.90 -7.49
0.28 -0.17 0.82 9.36 -31.73 -16.86
0.29 -0.31 0.93 5.55 2.27 -4.88
0.22 -0.28 0.98 47.03 -12.34 -17.65
0.38 -0.10 0.90 -7.82 -38.56 -6.09
0.36 -0.13 0.70 -7.88 5.54 -6.67
0.39 -0.33 0.99 3.86 12.76 -2.72
0.27 -0.19 0.79 -12.83 4.31 2.49
0.32 -0.16 0.88 19.02 -10.57 -11.10
0.44 -0.20 1.01 -11.76 -18.17 -4.58
0.36 -0.18 0.79 -6.50 -0.45 -13.82
0.39 -0.17 0.84 8.84 1.76 -17.27
0.36 -0.15 0.84 26.31 0.69 -12.35
0.40 -0.18 0.94 17.29 -6.24 -5.74
0.39 -0.14 0.80 -6.74 5.01 -3.01
0.46 -0.21 0.86 -21.52 -9.36 -1.53
0.36 -0.12 0.72 10.99 9.88 3.43
0.46 -0.22 0.94 -3.71 -2.89 3.91
0.38 -0.15 0.87 5.70 8.64 1.21
0.42 -0.16 1.01 -17.30 -6.90 11.10
0.35 -0.17 0.76 4.62 5.91 6.72
0.45 -0.23 0.92 20.42 3.52 -7.21
0.30 -0.04 0.81 7.26 0.79 15.63
0.50 -0.24 1.05 7.70 -11.14 3.95
0.37 -0.11 0.85 -9.22 2.91 7.33
0.48 -0.23 0.98 1.82 -3.11 -3.40
0.41 -0.21 0.90 12.02 0.56 -1.25
0.35 -0.08 0.83 -6.45 -0.47 9.39
0.41 -0.18 0.88 -4.88 -10.71 -3.36
0.41 -0.10 0.95 -40.99 -6.65 2.06
0.41 -0.12 0.98 -53.36 0.67 5.04
0.33 -0.23 0.91 -39.92 19.20 -13.39
0.25 -0.19 0.78 -40.56 -2.56 -24.72
0.28 -0.15 0.83 -5.86 -17.42 -32.14
0.41 -0.24 0.99 28.82 12.22 -10.67
0.36 -0.15 0.91 2.05 28.02 29.31
0.22 -0.16 1.15 23.65 22.77 26.44
0.23 0.20 0.44 22.87 -74.68 75.07
0.95 -0.01 0.70 83.31 -85.08 37.22
0.82 -0.29 1.13 201.09 130.65 28.11
0.34 -0.08 1.01 36.32 153.63 57.43
0.08 0.40 1.33 -39.05 -20.30 34.71
0.47 0.22 0.42 -52.97 17.91 -5.40
0.01 -0.09 0.77 -21.80 56.68 -38.35
0.03 -0.64 1.27 115.34 0.04 -73.60
0.31 -0.02 1.40 20.77 -77.46 -123.41
0.28 0.61 1.11 -43.62 -56.14 43.72
0.20 0.33 0.40 -53.49 -35.70 65.57
0.65 -0.09 1.02 42.89 62.48 36.33
0.41 0.11 0.82 -65.66 82.14 84.01
0.06 0.25 0.65 -50.08 85.30 9.80
0.06 0.07 0.49 -3.89 81.79 -65.46
-0.19 -0.49 1.42 115.46 -20.20 -81.05
0.01 0.14 1.31 -5.98 -105.43 -42.80
0.28 0.37 0.57 -14.92 -33.68 101.60
0.27 0.15 0.39 5.82 -27.26 87.17
0.92 -0.27 1.10 148.38 -85.32 4.47
0.21 0.23 1.53 -21.00 27.85 88.69
0.40 0.24 0.69 -86.47 80.32 65.95
-0.14 -0.63 1.60 178.34 -33.82 -43.09
-0.28 0.16 1.71 55.08 -170.01 -60.30
0.36 0.52 0.51 -55.02 -127.55 77.96
0.54 0.17 0.27 -34.40 -56.76 109.23
1.15 -0.34 0.56 182.28 107.15 -30.66
0.53 -0.06 1.16 -37.71 102.23 56.91
0.05 0.40 0.69 -76.79 153.13 -8.45
-0.06 -0.03 0.11 -60.77 212.42 -2.56
-0.51 -0.45 0.92 156.93 34.74 -36.46
-0.23 0.06 1.40 13.70 -236.14 -36.20
0.34 0.35 0.38 -17.85 -167.46 52.01
1.20 0.36 0.70 50.90 87.31 10.51
0.37 0.08 1.02 -64.54 85.98 16.84
0.06 0.21 0.42 -54.13 139.52 2.47
-0.05 -0.21 0.46 -15.98 174.58 -7.18
-0.78 -0.19 1.75 18.06 41.64 -86.23
-0.01 0.39 1.02 -8.20 -250.00 -21.24
0.41 0.33 -0.07 -30.39 -56.08 54.69
0.66 -0.10 0.83 10.25 -41.85 26.92
1.36 0.33 0.76 -6.54 74.58 -4.62
0.39 0.18 0.65 -107.60 137.47 39.15
0.04 0.03 -0.14 -55.10 206.97 34.78
-0.56 -0.07 2.00 -5.13 -43.21 -78.42
-0.09 0.40 0.44 -26.25 -174.35 28.24
0.26 0.08 -0.16 -10.82 -69.31 112.69
1.15 -0.40 1.04 183.94 -166.72 2.54
0.32 0.01 1.74 -43.42 97.20 46.46
0.15 0.27 0.54 -63.69 153.90 25.99
-0.02 -0.08 -0.15 -31.58 247.63 27.89
-0.87 -0.57 2.00 243.17 -143.56 -53.92
-0.34 0.35 1.20 -29.59 -250.00 8.82
0.31 0.27 -0.17 -35.87 -134.67 54.12
0.97 0.16 1.43 -18.77 114.59 23.96
0.41 0.22 0.50 -74.22 206.62 -8.13
-0.14 0.05 -0.22 -36.14 249.99 8.10
-1.03 -0.51 2.00 143.04 -147.06 -28.32
-0.44 0.07 1.57 -9.63 -213.72 -80.44
0.12 0.30 0.09 -7.02 -176.39 9.76
0.61 0.02 -0.02 -2.57 -126.50 38.04
1.34 0.26 0.34 9.63 19.90 15.26
0.54 -0.09 0.60 -70.66 92.79 24.22
0.09 0.04 -0.23 -23.08 220.22 -21.30
-0.16 -0.34 1.95 53.27 120.95 -38.21
0.12 0.25 0.27 -20.11 -132.14 31.19
0.48 0.03 -0.07 14.65 -120.05 25.70
1.19 0.44 1.07 99.03 -60.44 -13.09
0.50 0.11 0.91 -54.69 77.23 -1.66
0.04 0.15 -0.05 -36.09 218.73 5.84
-0.23 -0.45 1.48 49.26 129.81 17.59
-1.05 0.15 2.00 -5.62 -113.01 -60.59
0.18 0.39 0.08 -8.74 -250.00 33.89
0.56 0.18 -0.38 -6.36 -71.70 52.45
1.20 0.10 1.93 125.92 -1.25 -35.94
0.47 0.07 1.09 -71.69 66.09 9.49
-0.13 -0.20 0.07 -62.33 249.99 7.38
-1.07 -0.16 1.12 89.25 32.53 -69.90
-0.35 0.23 0.76 -13.46 -227.41 -22.35
0.24 0.08 -0.21 -14.67 -175.67 47.52
1.38 -0.46 1.61 211.03 -180.49 -60.23
0.62 0.02 1.35 -62.94 53.54 54.49
0.18 0.22 -0.03 -88.96 206.50 -12.35
-0.09 -0.23 0.96 -59.88 212.81 -7.21
-1.15 -0.48 1.79 -0.20 65.60 -63.27
-0.40 0.00 0.76 -57.54 -102.27 -7.26
0.03 0.00 -0.05 -13.18 -128.78 93.83
0.69 0.29 1.18 -81.70 118.48 101.55
-0.05 0.01 -0.27 -57.37 249.99 51.15
-0.71 -0.51 2.00 85.76 -3.76 16.43
-0.91 0.00 1.69 -30.43 -133.00 -25.32
-0.03 0.20 -0.01 18.41 -174.93 62.68
0.73 -0.01 0.89 73.53 -247.76 62.39
0.98 0.23 1.94 -68.92 126.86 60.58
0.39 0.22 0.19 -71.15 202.95 27.72
-0.06 -0.15 -0.16 -71.55 249.99 29.46
-1.08 -0.68 1.72 243.14 42.75 -6.54
0.29 0.14 -0.11 12.29 -189.38 47.99
1.68 0.33 0.93 102.62 -250.00 -5.11
0.93 0.02 0.22 -60.57 130.84 -6.54
0.04 -0.04 -0.33 -34.75 249.99 -17.57
-0.76 -0.44 2.00 158.50 74.17 -19.42
-0.73 0.41 0.96 -65.54 -161.89 -25.22
0.15 0.07 -0.10 -20.36 -140.40 26.22
0.84 -0.85 2.00 249.99 -250.00 -42.40
0.89 0.03 1.19 -52.69 87.97 28.17
0.03 0.12 -0.23 -19.50 249.99 -13.93
-0.21 -0.31 1.43 -2.30 237.67 22.79
0.04 0.17 -0.05 -13.05 -154.66 13.31
0.71 -0.25 1.87 63.16 -250.00 5.97
1.39 0.36 0.63 -46.05 130.55 -18.71
0.20 0.14 -0.22 -67.57 249.99 -48.51
-0.55 -0.10 1.26 -19.00 249.99 -7.66
-0.54 0.03 2.00 -57.88 -133.31 -78.28
0.02 0.25 -0.05 -5.14 -144.71 -41.92
0.56 0.00 0.14 15.70 -201.60 -1.55
1.66 0.47 0.37 -42.70 -47.76 -10.15
0.52 0.21 0.03 -45.61 189.66 -40.29
-0.16 -0.06 -0.14 -36.77 249.99 -11.31
-0.13 0.24 0.16 -19.85 -202.90 19.57
0.37 0.07 -0.17 -0.45 -115.95 47.95
1.41 0.37 1.12 149.08 -196.25 -10.21
0.58 0.04 0.56 -47.45 113.13 9.79
-0.02 0.05 -0.27 -23.67 249.99 -5.17
-0.33 -0.50 2.00 83.02 81.15 -2.98
-0.71 0.26 2.00 -61.67 -131.01 -41.86
0.07 0.19 -0.11 0.21 -149.29 11.34
0.57 0.02 -0.06 6.90 -146.30 7.04
1.64 0.49 0.06 12.07 -108.07 -7.29
0.82 0.12 0.16 -58.18 117.81 -2.39
-1.02 -0.48 1.85 58.19 -54.96 -66.63
-0.24 0.12 0.43 -44.74 -139.88 13.41
0.26 0.03 -0.11 -21.05 -114.75 9.37
0.74 -0.65 2.00 249.99 -250.00 -25.14
0.97 0.08 1.59 -101.31 125.48 27.31
0.09 0.06 -0.32 -38.19 249.99 -5.53
-0.14 -0.30 1.18 -23.32 249.99 -21.43
-1.06 0.46 2.00 -70.81 -107.19 -71.42
0.07 0.23 -0.10 -2.14 -178.41 37.43
0.83 0.04 0.35 31.83 -200.16 24.26
0.33 0.15 -0.07 -52.57 238.57 -33.01
-0.17 -0.21 0.27 -38.47 249.99 9.87
-1.37 0.13 2.00 -66.47 14.31 -97.24
-0.12 0.27 0.11 -12.15 -203.45 14.37
0.45 0.05 -0.15 6.18 -145.10 52.44
1.55 0.63 0.48 42.16 -95.63 14.25
0.79 0.04 -0.05 -72.19 197.60 13.37
-0.10 -0.00 -0.23 -58.16 249.99 -7.48
-1.28 -0.68 2.00 206.67 -31.93 -1.43
-0.83 0.36 0.93 -52.58 -210.74 -25.57
0.29 0.07 -0.15 -4.88 -224.88 31.34
0.61 -0.06 1.22 -74.23 128.88 -3.40
0.00 0.10 -0.28 -46.33 249.99 -14.19
-0.36 -0.39 2.00 57.87 134.19 -18.75
-0.62 0.32 1.62 -37.74 -221.19 -84.07
0.12 0.11 -0.23 -5.13 -173.22 19.07
0.91 -0.22 1.27 29.82 -182.75 -2.68
1.35 0.31 0.83 -75.10 118.48 -8.99
0.29 0.14 0.01 -29.04 240.46 -18.90
-0.08 -0.21 0.27 -22.22 249.99 -4.39
-1.45 0.30 2.00 -63.75 9.45 -92.70
-0.03 0.22 -0.09 -20.05 -170.40 34.61
0.78 -0.38 2.00 249.99 -250.00 -5.65
0.71 0.19 0.63 -45.93 116.07 30.63
-0.06 0.02 -0.28 -55.44 249.99 20.28
-1.03 -0.60 2.00 114.73 -64.02 7.32
-0.71 0.18 0.96 -15.40 -187.81 -12.21
0.30 0.15 -0.09 30.56 -158.88 47.40
0.64 0.58 2.00 138.81 -250.00 50.51
0.51 0.15 0.29 -58.66 129.72 37.55
-0.04 -0.02 -0.30 -75.74 249.99 52.02
-1.10 -0.77 2.00 183.71 -140.86 6.53
0.14 0.10 -0.01 20.08 -119.71 40.45
0.40 -0.25 2.00 249.99 -250.00 66.23
0.68 0.14 0.30 -55.95 30.08 75.72
0.16 -0.15 -0.34 -56.72 249.99 11.64
-0.77 -0.69 2.00 235.60 34.00 -32.29
-0.78 0.35 0.61 -108.94 -41.27 -50.77
0.17 0.03 0.01 -50.06 -108.98 40.75
0.56 -1.12 2.00 249.99 -250.00 19.42
0.74 0.04 0.51 -77.12 143.52 26.31
0.02 -0.10 -0.24 -16.23 249.99 22.38
-1.11 -0.40 2.00 249.99 -10.89 -13.55
0.42 0.04 -0.11 -10.30 -157.11 4.73
1.07 0.01 1.93 249.99 -250.00 -27.23
0.62 0.08 0.08 -89.71 187.97 52.93
-0.04 -0.18 -0.30 -76.55 249.99 32.05
-1.44 0.00 1.56 92.82 20.84 -105.98
-0.21 0.26 0.00 -68.34 -137.71 -18.94
0.41 0.09 0.00 -29.88 -162.85 35.02
1.34 1.15 -0.32 1.67 -48.96 31.49
0.46 0.03 -0.21 -75.31 222.94 47.45
0.01 -0.32 0.05 -75.17 249.99 16.09
-1.62 0.01 1.62 -48.47 39.63 -125.31
0.70 -0.17 1.50 59.46 -250.00 26.54
0.91 0.23 0.71 -133.15 128.25 8.50
0.17 0.01 -0.42 -56.25 220.72 37.00
-0.12 -0.76 2.00 111.97 174.58 -1.74
-1.42 0.49 1.61 -54.15 -182.71 -59.91
0.21 0.12 -0.20 19.29 -211.17 82.60
0.97 -0.10 2.00 197.67 -250.00 2.30
0.43 0.10 0.77 -33.95 116.01 23.85
-0.02 0.00 -0.29 -55.14 249.99 33.47
-0.43 -0.72 2.00 103.57 94.67 5.16
0.40 0.08 -0.29 0.34 -190.46 33.14
0.84 -0.66 2.00 249.99 -250.00 -49.13
0.68 0.28 0.49 -55.66 148.65 7.27
-0.07 0.03 -0.22 -28.96 249.99 13.92
-1.11 -0.40 2.00 83.42 -68.04 -83.02
-0.05 0.28 0.47 -22.03 -232.19 -21.80
0.48 0.15 -0.34 -26.54 -78.87 18.03
0.91 -0.19 2.00 178.86 -89.55 -24.70
0.67 0.02 0.25 -63.48 103.64 -5.92
-0.07 0.03 -0.26 -49.89 249.99 13.68
-1.17 -0.67 2.00 197.22 -33.69 -28.63
0.43 0.10 -0.28 9.28 -205.02 -13.03
1.29 0.23 2.00 143.60 -198.03 -31.22
0.68 0.18 0.03 -42.69 177.55 -15.11
-0.18 -0.10 -0.18 -54.37 249.99 7.94
-1.37 -0.63 2.00 236.43 -63.05 -23.89
-0.38 0.37 0.52 4.23 -232.17 -44.65
0.36 0.08 -0.33 19.36 -182.85 -5.85
0.63 -0.74 2.00 249.99 -250.00 4.41
0.91 0.16 0.79 -79.38 96.80 16.60
0.05 -0.00 -0.25 -69.39 249.99 -22.58
-0.72 -0.76 1.68 205.89 142.59 -16.04
0.31 0.08 -0.14 0.81 -173.26 60.55
0.96 -0.47 2.00 249.99 -250.00 -31.80
0.77 0.11 0.25 -45.07 145.10 28.22
-0.05 -0.14 -0.17 -51.34 249.99 10.11
-1.30 -0.49 1.68 16.85 155.40 -106.80
-0.32 0.30 0.19 -10.60 -217.26 42.48
0.44 0.08 -0.19 19.84 -163.14 65.21
1.39 0.59 1.56 -23.64 -185.97 -22.05
0.70 0.08 0.04 -46.88 120.45 37.08
-0.04 -0.18 -0.36 -92.98 249.99 40.82
-0.75 0.32 0.63 7.44 -153.26 -0.69
0.41 0.07 -0.15 63.19 -195.78 81.49
1.58 0.58 2.00 119.54 -250.00 -57.59
0.45 0.23 0.06 -40.15 97.88 8.80
0.06 -0.00 -0.13 -23.78 227.75 21.85
-0.53 -0.72 2.00 211.94 -15.70 -35.44
-0.24 0.48 1.20 -49.77 -228.01 -1.01
0.18 0.20 -0.23 -39.02 -73.36 55.33
0.73 -0.20 1.83 43.53 -118.34 7.64
1.03 0.30 1.51 -70.08 87.67 4.48
0.52 0.13 -0.01 -59.00 228.10 -20.28
-1.58 0.24 2.00 -83.20 10.71 -106.67
-0.09 0.16 0.01 -23.40 -160.22 34.19
0.45 0.01 -0.10 4.52 -147.76 24.83
1.77 0.61 1.04 80.47 -250.00 -46.23
0.72 0.05 0.08 -37.19 234.16 -11.72
-0.09 -0.12 -0.22 -35.29 249.99 -13.14
-1.73 0.01 2.00 -31.11 36.96 -145.20
-0.13 0.39 -0.12 -27.09 -250.00 29.89
0.63 0.15 -0.44 -14.98 -136.15 32.78
1.53 0.20 1.09 94.51 -119.90 -58.97
0.64 0.10 0.03 -69.09 222.63 -2.46
-1.41 -0.46 1.67 80.47 -126.67 -93.07
-0.08 0.18 0.13 -11.05 -210.49 -43.10
0.47 0.14 -0.23 -3.86 -197.74 28.05
1.60 0.51 0.88 85.95 -75.16 -23.89
0.72 0.09 -0.13 -49.17 172.72 -30.71
-0.18 -0.07 -0.27 -47.83 249.99 2.30
-1.62 0.09 2.00 5.00 -89.78 -91.74
-0.12 0.27 0.57 -13.92 -250.00 3.13
0.40 0.04 -0.31 -16.28 -130.31 16.34
0.83 -0.54 2.00 249.99 -176.52 10.02
0.04 0.03 -0.31 -30.02 249.99 20.91
-0.49 -0.43 2.00 103.06 37.60 -0.95
-0.92 0.58 1.17 -52.65 -134.03 -81.63
0.10 0.04 -0.19 -12.65 -151.98 32.89
0.58 -0.99 2.00 249.99 -250.00 23.62
1.21 0.18 0.80 -117.84 75.46 48.28
0.28 -0.03 -0.38 -47.10 249.99 2.94
-0.54 -0.77 1.96 212.63 249.99 -63.10
-0.86 0.44 0.82 -38.50 -230.63 -40.05
0.35 0.08 -0.24 -19.62 -184.52 72.59
1.19 0.30 1.24 154.30 -125.31 -26.58
0.01 -0.03 -0.13 -53.88 249.28 -14.96
-1.07 -0.39 2.00 27.55 249.88 -158.97
-0.30 0.20 0.28 6.05 -250.00 10.46
0.43 -0.01 -0.29 -6.08 -155.90 64.67
1.08 0.75 2.00 128.56 -151.23 -45.32
0.92 0.23 0.18 -89.15 143.94 4.86
0.00 -0.05 -0.33 -70.11 249.99 10.93
-0.97 -0.78 1.83 218.05 189.80 0.23
-0.83 0.28 0.69 -48.61 -208.11 -21.68
0.14 -0.01 -0.19 -9.67 -150.93 74.74
0.97 -1.02 2.00 249.99 -250.00 -28.99
0.93 0.09 1.00 -84.61 92.06 55.44
0.13 0.13 -0.36 -54.92 249.99 8.37
-0.23 -0.33 1.78 -26.49 249.99 -6.21
-1.06 0.23 1.69 -36.10 -174.61 -47.29
0.15 0.08 -0.22 6.89 -175.59 67.69
0.88 0.04 1.09 118.78 -124.02 31.87
0.32 0.46 1.49 -67.50 3.07 66.09
0.13 0.13 -0.34 -93.99 236.79 47.74
-0.06 -0.43 0.44 -114.17 249.99 20.62
-0.96 0.11 1.75 -51.43 -84.08 -119.38
0.22 0.14 -0.06 -1.02 -215.49 -22.77
0.55 0.29 0.50 -79.77 45.61 102.55
0.00 -0.27 -0.45 -78.52 249.99 72.42
-0.90 -0.71 2.00 197.56 -46.46 -40.56
-0.41 0.30 0.53 -80.10 -78.95 -58.40
0.37 0.07 -0.03 -49.05 -143.77 -4.30
0.35 -0.54 1.94 249.99 -250.00 74.02
0.72 0.14 -0.33 -91.49 155.20 73.73
0.06 -0.31 -0.13 -91.26 249.99 58.75
-1.66 0.09 2.00 -37.32 249.99 -188.35
-0.35 0.12 -0.12 -93.40 -143.34 -21.48
1.19 0.29 -0.12 0.00 -249.95 105.38
0.21 0.03 -0.13 -178.21 240.20 30.01
-0.55 -0.75 2.00 102.65 168.07 84.03
-1.52 -0.34 1.91 13.51 -45.20 -145.87
-0.20 -0.09 -0.03 -18.16 -250.00 62.65
1.07 -0.18 0.00 121.84 -186.71 -54.12
1.15 0.82 0.88 145.77 -250.00 8.03
0.85 0.13 0.43 -157.07 192.16 -15.93
-0.17 -0.08 0.12 -176.99 249.99 23.08
-0.75 -0.77 2.00 120.22 175.54 91.75
-1.37 0.15 1.84 18.89 -205.37 -98.38
0.56 0.26 -0.63 7.62 -145.92 43.04
1.35 0.15 1.50 241.78 140.49 -28.63
0.79 -0.25 1.58 0.46 108.12 -9.19
0.25 0.52 0.92 -107.64 82.56 -56.72
-0.13 0.18 0.04 -135.21 122.54 -31.61
-0.42 -0.27 1.28 0.69 112.71 -12.86
-0.73 -0.54 1.99 73.67 -68.95 -91.36
0.25 -0.08 0.78 54.97 -247.94 -27.73
0.30 0.65 0.67 -6.90 -106.66 54.01
0.48 0.61 0.13 -65.66 22.77 89.65
0.74 0.04 0.80 91.26 175.16 28.59
0.11 0.24 1.01 -60.18 -58.56 -14.25
0.09 0.22 0.60 -98.62 38.06 -29.69
-0.39 -0.04 0.57 -14.62 92.48 -43.59
-0.16 -0.56 1.35 124.45 -65.72 -44.07
0.09 0.16 1.24 109.31 -250.00 -59.82
0.18 0.77 0.30 -40.69 -111.07 61.74
1.10 0.42 0.89 -22.16 -58.69 50.68
0.87 0.07 0.90 95.48 217.10 -8.88
0.22 -0.16 0.87 -40.56 125.18 -30.23
-0.01 0.16 0.87 -94.52 11.69 13.66
0.01 0.33 0.76 -97.41 23.64 -29.43
-0.34 -0.14 0.93 41.53 67.49 -46.11
-0.09 -0.30 1.60 79.68 -169.04 -84.25
0.41 0.33 0.55 2.69 -104.43 -13.98
0.41 0.51 0.26 -36.00 -95.34 66.47
1.22 0.05 0.66 66.31 87.85 -14.53
0.34 -0.16 1.40 101.14 160.64 26.06
0.15 0.02 1.30 -54.00 63.92 -1.71
0.02 0.60 0.75 -92.78 15.11 17.36
0.12 0.14 0.37 -146.13 55.39 -27.81
-0.22 -0.51 1.00 83.96 69.34 -79.21
-0.22 -0.49 1.66 93.28 -152.31 -84.95
0.28 0.31 0.52 -41.49 -132.81 30.68
0.29 0.17 0.78 -42.25 -12.08 37.37
0.98 -0.12 0.57 74.49 -127.87 -20.76
0.96 -0.24 0.79 57.93 88.29 22.13
0.79 -0.17 0.76 63.46 156.16 36.99
-0.20 0.39 1.26 -62.45 133.11 -14.44
-0.02 0.29 0.79 -97.53 13.22 -11.89
-0.02 -0.03 0.74 -37.62 82.84 -11.04
-0.26 -0.40 1.06 -22.90 64.82 -20.90
-0.32 -0.15 1.03 53.68 -58.76 -17.36
-0.08 -0.11 0.99 61.31 -86.92 -11.28
0.48 0.25 0.98 15.47 -124.99 1.53
0.42 0.24 0.73 -8.34 -41.39 46.59
0.69 0.24 0.56 27.28 -2.04 21.66
0.53 0.03 1.04 58.12 134.97 63.32
-0.22 0.12 1.37 -35.94 83.55 10.15
0.03 0.19 0.93 -71.49 -75.25 8.20
0.20 -0.04 0.65 -44.78 72.19 -18.52
-0.31 -0.34 0.89 -27.27 76.61 10.84
-0.18 -0.54 1.09 88.61 28.36 -15.08
-0.24 -0.09 1.08 48.81 -83.18 4.79
0.08 0.28 0.98 -19.33 -66.65 14.40
0.14 0.25 0.66 -12.31 -19.65 53.59
0.79 -0.13 0.65 140.36 -64.90 -5.91
0.61 0.13 0.83 15.05 68.77 51.02
0.02 0.22 1.21 -18.33 43.59 36.89
0.16 0.12 0.86 2.30 -41.95 -8.44
0.47 0.27 0.79 -21.38 -18.84 7.80
0.46 0.06 0.75 -52.68 29.20 -31.26
0.14 0.03 0.68 10.46 121.15 -43.24
-0.36 -0.12 0.86 19.17 133.24 -52.76
-0.45 0.19 1.29 46.49 -122.95 -1.01
0.36 0.34 0.89 20.23 -145.77 1.74
0.39 0.45 0.93 -53.51 -64.11 -5.52
0.68 -0.10 0.69 72.54 -99.41 1.13
1.12 0.01 0.38 90.84 72.72 4.77
0.63 0.06 0.54 -2.62 161.96 62.65
-0.21 0.46 1.01 -76.89 120.48 15.85
0.16 0.13 1.05 -71.56 24.96 -2.86
-0.16 -0.30 1.08 -33.97 84.60 0.40
-0.09 -0.37 0.95 -9.18 -1.53 -30.49
-0.07 -0.13 1.15 45.51 -53.05 -59.59
0.18 -0.04 0.81 29.96 -84.32 -2.99
0.28 0.05 0.71 -14.53 -26.38 -2.11
0.03 0.05 1.37 -37.34 -34.24 46.33