0.98 0.21 1.18 91.16 210.29 -25.50
0.20 0.16 0.74 -64.09 233.25 39.73
-0.33 0.13 0.13 -112.09 249.99 16.79
-0.71 -0.06 1.36 -54.70 119.78 19.07
-0.79 -0.63 1.54 196.88 -146.53 -29.62
-0.09 0.14 1.01 3.69 -250.00 -71.84
0.32 0.50 0.40 -58.01 -250.00 -13.93
1.33 -0.27 0.28 64.00 -74.52 -89.79
0.61 -0.05 1.29 88.62 134.09 4.21
0.13 0.29 0.87 -62.16 229.30 5.10
-0.37 0.13 0.16 -98.38 249.99 14.99
-0.88 -0.16 1.92 67.89 150.52 43.27
-0.92 -0.01 1.63 4.52 -250.00 -62.51
0.18 0.43 0.95 -12.64 -250.00 -31.25
0.40 0.45 0.05 -61.49 -203.07 31.59
1.11 -0.48 0.64 71.40 -43.01 -41.07
0.86 0.16 0.92 81.23 243.68 9.57
-0.52 0.28 0.99 -98.35 249.99 38.88
-0.56 0.08 0.33 -174.46 246.37 73.24
-0.88 -0.27 1.24 54.08 140.19 80.86
-0.72 -0.41 0.65 98.98 -188.35 -26.22
-0.16 0.14 1.33 -1.88 -250.00 -96.61
0.23 0.56 0.76 7.79 -250.00 -18.65
1.15 -0.20 0.26 73.24 -149.91 -20.59
0.54 0.03 1.20 119.26 249.99 69.58
-0.59 0.35 1.28 -70.08 211.01 10.45
-0.47 0.30 0.39 -117.15 127.78 67.64
-0.43 -0.50 0.97 126.49 -189.99 -29.47
-0.14 0.10 1.18 27.89 -250.00 -57.00
0.52 0.58 0.33 -23.57 -193.88 31.92
1.01 0.13 0.52 -23.45 -35.81 23.40
0.67 -0.19 0.70 116.90 204.85 -28.02
-0.12 0.00 1.25 -47.07 247.77 0.65
-0.55 0.21 0.80 -78.66 136.03 80.33
-0.61 0.13 0.65 -120.74 105.90 31.93
-0.75 -0.20 1.15 11.72 -13.57 32.90
-0.13 -0.69 0.98 88.22 -250.00 -101.03
0.42 0.59 0.76 38.80 -250.00 -85.93
1.28 0.12 0.62 -56.74 46.15 22.74
0.52 -0.20 0.22 33.23 215.15 -38.00
-0.17 -0.11 0.70 57.37 249.99 75.48
-0.60 0.00 1.73 -46.78 80.67 22.08
-0.48 0.30 1.31 -57.35 -3.35 50.07
-0.57 -0.05 0.98 -59.85 -80.90 23.55
0.09 -0.25 0.99 -24.73 -164.71 -62.92
0.61 -0.16 0.49 53.74 -56.85 -133.46
-0.07 0.05 1.20 -22.71 52.33 -85.04
0.12 0.07 1.28 -69.79 43.42 96.54
-0.03 -0.33 0.54 9.54 20.40 107.55
0.48 -0.49 0.94 94.65 -102.16 25.23
1.54 0.40 0.61 -41.13 7.34 -105.64
-0.26 -0.05 0.02 -12.59 249.99 -99.84
-2.00 -0.36 1.07 -180.65 249.99 130.11
-1.50 -0.25 0.81 -23.22 -173.48 249.99
2.00 -0.26 2.00 14.10 -245.93 -250.00
-0.66 -0.18 0.62 -89.97 249.99 -116.38
-2.00 -0.87 2.00 -250.00 249.99 249.99
1.68 -1.46 0.32 114.24 -250.00 82.32
0.94 0.03 0.25 -134.35 249.99 -250.00
-2.00 1.04 -0.61 14.90 249.99 -32.87
-1.04 -0.88 1.35 -250.00 -250.00 249.99
2.00 -1.73 -1.07 -169.75 -250.00 -250.00
-0.48 1.32 2.00 122.95 249.99 -218.08
-2.00 -0.93 0.14 -250.00 249.99 249.99
2.00 -1.95 1.73 -156.37 -250.00 -142.44
-0.60 0.80 -1.50 249.99 249.99 -250.00
-2.00 0.23 -0.60 -250.00 249.99 249.99
2.00 -2.00 2.00 -250.00 -250.00 249.99
0.08 -0.21 -1.82 249.99 249.99 -250.00
-2.00 0.18 0.04 99.91 -244.03 239.63
0.78 -1.38 -0.41 -190.51 14.26 249.99
2.00 0.70 0.10 92.84 -227.31 -250.00
-2.00 0.53 1.39 -247.82 249.99 249.99
0.09 -1.65 2.00 -250.00 -250.00 249.99
2.00 -0.22 -2.00 74.73 -108.65 -250.00
-2.00 0.85 0.24 -250.00 249.99 191.09
-0.21 -1.54 2.00 -250.00 -250.00 214.42
1.14 -0.05 -2.00 137.28 -67.21 -250.00
-2.00 0.26 1.41 -250.00 249.99 120.39
-0.41 0.22 0.47 -250.00 -250.00 249.99
0.98 0.21 2.00 249.99 -102.36 -224.04
-0.10 0.54 -0.75 -180.63 249.99 -20.54
0.08 0.27 1.01 -19.08 221.87 76.71
-0.69 -0.82 0.48 148.57 157.91 105.32
-2.00 0.37 1.25 -7.98 92.30 173.55
-0.03 -0.12 1.01 -173.93 -250.00 -33.10
-0.29 0.19 -0.29 38.31 -189.57 -61.63
0.83 -0.18 1.04 134.39 -75.16 -44.91
-0.02 0.28 1.53 17.65 249.99 -53.69
-0.72 0.49 0.98 -48.79 21.90 67.67
-0.02 0.03 0.37 -60.22 -12.15 7.29
-0.35 0.15 0.33 -67.14 118.97 -73.45
-0.67 -0.21 1.14 72.14 85.30 -36.34
-0.62 -0.52 1.09 65.61 -71.37 -66.67
-0.39 0.37 1.16 11.05 -161.51 -31.07
-0.09 0.59 0.47 -32.20 -124.57 18.38
0.66 0.11 0.66 -3.99 -179.04 10.84
0.19 -0.14 1.62 -10.99 234.74 36.86
-0.30 -0.05 0.92 -44.29 93.37 84.43
-0.03 0.02 -0.04 -60.26 138.18 -26.20
-0.46 0.03 1.29 -8.01 43.14 -73.95
-0.68 -0.10 1.25 10.68 -5.26 -7.39
-0.28 0.15 0.85 -6.70 -158.97 -8.73
0.05 0.27 0.03 -2.97 -133.00 18.20
0.67 0.06 1.75 22.16 -80.59 8.91
-0.37 0.05 2.00 18.44 139.93 23.12
-0.12 0.08 0.43 -53.48 57.55 67.75
-0.96 -0.37 2.00 146.77 -61.52 -4.75
-0.97 0.13 1.73 -1.14 -150.06 -11.10
0.06 0.23 0.27 -22.61 -237.06 -3.91
0.38 0.09 -0.03 3.73 -199.88 -19.91
0.78 -0.17 1.63 -7.10 175.43 -0.42
0.00 0.29 0.64 -57.50 144.73 19.33
-0.08 -0.08 -0.27 -52.17 230.81 36.09
-0.71 -0.35 2.00 3.66 96.92 -11.03
-0.83 -0.15 2.00 -30.13 -33.10 -14.24
-0.14 0.20 0.41 -12.47 -250.00 -23.01
0.34 0.00 0.06 9.17 -226.97 2.76
1.19 -0.02 1.05 -9.62 138.78 19.33
0.10 0.18 0.96 -46.15 185.13 3.36
-0.04 0.00 -0.19 -37.56 166.73 40.04
-0.27 -0.32 0.51 -49.65 226.77 -19.82
-1.31 -0.05 2.00 -10.05 92.15 -17.30
-0.32 0.07 0.41 -38.31 -236.15 -30.28
0.14 0.07 -0.07 -5.93 -192.83 -6.07
1.10 -0.45 1.85 249.99 -232.78 -41.26
0.36 0.01 0.88 -34.55 100.05 33.63
0.08 0.07 -0.18 -59.33 188.08 46.35
-0.11 -0.27 -0.11 -86.88 249.99 11.58
-1.30 -0.14 0.58 59.50 111.92 -18.84
-0.45 0.06 1.04 -21.33 -248.58 -31.20
0.15 0.07 -0.12 -5.29 -209.94 -17.49
1.20 0.20 1.02 73.01 -59.16 -21.98
0.44 -0.07 0.69 -41.70 67.63 18.30
-0.31 -0.44 1.03 3.88 249.99 -12.91
-1.48 -0.00 1.51 34.83 130.78 -51.47
-0.31 0.32 0.50 -27.86 -250.00 -29.56
0.29 0.11 -0.30 -15.30 -250.00 -23.86
1.00 0.15 1.19 -47.32 77.71 38.57
0.41 0.07 0.52 -59.01 172.29 47.52
0.03 -0.17 -0.17 -67.31 249.99 48.19
-1.07 -0.57 2.00 121.60 243.74 26.37
-1.37 0.24 1.64 -19.49 4.06 -58.47
-0.23 0.27 0.01 -36.44 -250.00 -16.79
0.67 -0.03 0.58 6.20 -250.00 -50.34
1.27 -0.04 2.00 -48.36 62.52 33.72
0.35 0.15 0.26 -52.04 249.99 44.09
-0.02 -0.18 -0.22 -70.63 249.99 29.27
-1.32 -0.49 2.00 166.05 106.70 37.32
-0.92 0.29 1.25 -50.10 -79.60 -50.61
-0.02 0.12 0.08 -24.88 -250.00 -18.35
0.88 -0.42 1.46 187.32 -250.00 -89.07
0.98 -0.23 0.55 -19.26 74.38 48.75
0.09 0.07 -0.16 -27.99 249.99 16.29
-0.71 -0.18 1.50 26.09 249.99 33.16
-1.58 -0.06 2.00 -6.65 55.53 -85.32
-0.31 0.19 0.20 -31.06 -250.00 -34.72
0.33 -0.08 0.07 -14.53 -250.00 -17.25
1.18 0.35 1.93 -32.27 79.40 11.43
0.42 0.13 0.42 -59.94 202.11 24.80
-0.05 -0.07 -0.13 -63.79 249.99 28.62
-1.25 0.51 1.12 -46.61 -236.08 -59.72
0.10 0.14 -0.10 -26.07 -250.00 -7.03
1.11 -0.29 2.00 119.96 -216.75 -49.87
0.66 -0.20 1.28 -27.29 53.93 49.03
0.13 0.06 -0.17 -35.35 211.98 28.88
-0.16 -0.21 -0.13 -65.25 249.99 14.72
-1.32 -0.42 1.14 83.14 146.29 -34.76
-0.39 0.20 0.44 -29.46 -250.00 -50.03
0.21 0.03 -0.08 -17.93 -250.00 -16.98
1.05 -0.23 0.42 249.99 -250.00 -94.91
0.90 0.13 0.38 -57.74 122.79 10.42
0.06 0.03 -0.22 -25.73 249.99 12.99
-0.32 -0.31 0.61 -34.30 249.99 16.20
-1.16 0.24 2.00 -19.73 49.03 -61.10
-0.09 0.19 0.13 -33.44 -250.00 -7.80
0.40 -0.05 -0.06 -31.39 -221.20 -24.15
1.07 0.20 1.76 -43.62 16.09 21.85
0.36 0.06 0.23 -21.37 198.62 12.06
-0.08 -0.12 -0.14 -36.75 249.99 13.79
-1.22 -0.59 1.49 144.13 188.80 24.79
-0.80 0.30 0.91 -46.23 -250.00 -36.98
0.07 0.02 -0.13 1.04 -199.13 -8.18
0.72 -0.55 2.00 249.99 -250.00 -25.92
0.85 0.19 0.27 -15.24 130.03 1.36
-0.01 0.03 -0.13 -27.18 249.99 -9.16
-0.56 -0.49 2.00 22.88 236.13 23.33
-1.27 0.36 1.94 -14.66 -63.34 -62.62
0.57 -0.05 -0.15 1.88 -233.56 -16.94
1.38 0.36 0.90 -115.55 41.06 3.96
0.26 0.11 -0.02 -58.06 249.99 25.93
-0.10 -0.19 -0.08 -98.15 249.99 -2.33
-1.55 -0.61 1.00 126.04 141.48 86.26
-0.65 0.21 0.30 -30.02 -243.79 0.45
0.32 -0.07 0.04 -21.56 -250.00 1.69
0.94 0.02 0.68 249.99 -250.00 -106.48
0.47 0.24 0.40 -40.74 162.28 48.34
0.08 -0.17 -0.21 -56.01 249.99 32.97
-1.10 -0.69 2.00 132.72 125.01 24.19
-1.32 0.45 1.16 -52.07 -56.69 -32.10
-0.02 0.07 -0.08 -24.21 -213.36 49.92
0.66 -0.57 2.00 152.33 -250.00 -77.64
0.97 0.02 1.53 -28.66 141.45 48.62
0.09 0.10 -0.28 -31.72 249.99 30.17
-0.19 -0.23 0.05 -60.21 249.99 11.31
-1.56 -0.01 1.24 -52.41 249.99 -25.72
-0.28 0.15 0.07 -25.45 -206.99 25.41
0.41 -0.18 0.33 -3.28 -239.94 5.17
1.15 0.48 1.12 -110.18 -4.10 30.62
0.07 0.02 -0.13 1.04 -199.13 -8.18
0.72 -0.55 2.00 249.99 -250.00 -25.92
0.85 0.19 0.27 -15.24 130.03 1.36
-0.01 0.03 -0.13 -27.18 249.99 -9.16
-0.56 -0.49 2.00 22.88 236.13 23.33
-1.27 0.36 1.94 -14.66 -63.34 -62.62
-0.08 -0.20 -0.16 -52.00 249.99 -13.24
-1.20 -0.83 0.88 193.85 224.45 59.10
-1.26 0.57 0.60 -47.69 -239.91 30.99
0.09 -0.06 -0.21 -0.11 -250.00 55.30
0.48 -0.59 2.00 249.99 -250.00 -95.33
0.81 0.21 0.67 -49.26 103.42 6.91
0.18 -0.08 -0.29 -40.08 249.99 -22.13
-0.38 -0.52 1.78 7.13 238.41 -32.15
-1.24 -0.03 2.00 -6.03 107.03 -49.95
-0.23 0.23 -0.01 0.94 -250.00 31.15
-1.32 0.45 1.16 -52.07 -56.69 -32.10
-0.02 0.07 -0.08 -24.21 -213.36 49.92
0.66 -0.57 2.00 152.33 -250.00 -77.64
0.97 0.02 1.53 -28.66 141.45 48.62
0.09 0.10 -0.28 -31.72 249.99 30.17
-0.19 -0.23 0.05 -60.21 249.99 11.31
-1.56 -0.01 1.24 -52.41 249.99 -25.72
-0.28 0.15 0.07 -25.45 -206.99 25.41
0.41 -0.18 0.33 -3.28 -239.94 5.17
1.15 0.48 1.12 -110.18 -4.10 30.62
0.07 0.02 -0.13 1.04 -199.13 -8.18
0.72 -0.55 2.00 249.99 -250.00 -25.92
0.85 0.19 0.27 -15.24 130.03 1.36
-0.01 0.03 -0.13 -27.18 249.99 -9.16
-0.56 -0.49 2.00 22.88 236.13 23.33
-1.27 0.36 1.94 -14.66 -63.34 -62.62
1.23 0.12 1.18 -84.53 -38.91 36.58
0.43 0.03 0.07 -44.81 242.14 -4.01
-0.07 -0.16 -0.21 -54.05 249.99 -7.15
-1.68 -0.48 2.00 249.99 76.72 85.27
-1.22 0.55 0.81 -37.45 -179.42 -12.05
0.11 -0.06 -0.13 -7.45 -250.00 43.00
0.97 -0.62 2.00 249.99 -250.00 -99.76
0.38 0.23 0.60 -47.51 249.99 41.56
-0.06 -0.18 -0.26 -54.77 249.99 59.09
-1.12 -0.52 2.00 104.55 101.37 43.73
-1.56 0.65 1.38 -35.06 -54.12 -33.61
0.01 0.45 1.16 -52.07 -56.69 -32.10
-0.02 0.07 -0.08 -24.21 -213.36 49.92
0.66 -0.57 2.00 152.33 -250.00 -77.64
0.97 0.02 1.53 -28.66 141.45 48.62
0.09 0.10 -0.28 -31.72 249.99 30.17
-0.19 -0.23 0.05 -60.21 249.99 11.31
-1.56 -0.01 1.24 -52.41 249.99 -25.72
-0.28 0.15 0.07 -25.45 -206.99 25.41
0.41 -0.18 0.33 -3.28 -239.94 5.17
1.15 0.48 1.12 -110.18 -4.10 30.62
0.07 0.02 -0.13 1.04 -199.13 -8.18
0.72 -0.55 2.00 249.99 -250.00 -25.92
0.85 0.19 0.27 -15.24 130.03 1.36
-0.01 0.03 -0.13 -27.18 249.99 -9.16
-0.56 -0.49 2.00 22.88 236.13 23.33
-1.27 0.36 1.94 -14.66 -63.34 -62.62
0.79 -0.36 2.00 88.60 -250.00 -46.97
0.56 0.44 0.48 -65.68 249.99 -20.77
-0.02 -0.11 -0.14 -15.14 249.99 18.49
-1.17 -0.52 2.00 78.70 27.63 30.90
-1.40 0.22 1.69 -18.01 -113.61 -30.82
0.04 0.11 -0.16 27.90 -203.58 35.84
0.96 -0.11 0.38 30.71 -250.00 -40.76
0.88 0.24 0.89 -92.61 249.99 -25.45
-0.16 0.17 -0.04 -68.03 249.99 21.17
-0.12 -0.24 0.23 -66.07 249.99 24.60
-0.02 0.07 -0.08 -24.21 -213.36 49.92
0.66 -0.57 2.00 152.33 -250.00 -77.64
0.97 0.02 1.53 -28.66 141.45 48.62
0.09 0.10 -0.28 -31.72 249.99 30.17
-0.19 -0.23 0.05 -60.21 249.99 11.31
-1.56 -0.01 1.24 -52.41 249.99 -25.72
-0.28 0.15 0.07 -25.45 -206.99 25.41
0.41 -0.18 0.33 -3.28 -239.94 5.17
1.15 0.48 1.12 -110.18 -4.10 30.62
0.07 0.02 -0.13 1.04 -199.13 -8.18
0.72 -0.55 2.00 249.99 -250.00 -25.92
0.85 0.19 0.27 -15.24 130.03 1.36
-0.01 0.03 -0.13 -27.18 249.99 -9.16
-0.56 -0.49 2.00 22.88 236.13 23.33
-1.27 0.36 1.94 -14.66 -63.34 -62.62
0.02 0.14 0.03 26.91 -123.92 10.51
0.58 -0.09 -0.18 25.78 -111.66 -21.58
0.72 0.40 2.00 27.68 -233.03 -17.20
-0.03 0.27 0.40 -54.86 197.82 17.46
-0.03 -0.15 -0.22 -63.03 249.99 25.18
-1.31 -0.68 2.00 218.40 -66.65 38.31
-1.21 0.36 1.14 -42.72 -95.65 19.74
0.05 0.05 -0.17 14.06 -166.53 62.95
0.62 -0.03 0.23 19.84 -250.00 -19.87
1.06 0.27 0.41 -91.23 74.58 15.98
0.40 0.11 -0.11 -24.99 219.06 9.40
-0.02 0.07 -0.08 -24.21 -213.36 49.92
0.66 -0.57 2.00 152.33 -250.00 -77.64
0.97 0.02 1.53 -28.66 141.45 48.62
0.09 0.10 -0.28 -31.72 249.99 30.17
-0.19 -0.23 0.05 -60.21 249.99 11.31
-1.56 -0.01 1.24 -52.41 249.99 -25.72
-0.28 0.15 0.07 -25.45 -206.99 25.41
0.41 -0.18 0.33 -3.28 -239.94 5.17
1.15 0.48 1.12 -110.18 -4.10 30.62
0.07 0.02 -0.13 1.04 -199.13 -8.18
0.72 -0.55 2.00 249.99 -250.00 -25.92
0.85 0.19 0.27 -15.24 130.03 1.36
-0.01 0.03 -0.13 -27.18 249.99 -9.16
-0.56 -0.49 2.00 22.88 236.13 23.33
-1.27 0.36 1.94 -14.66 -63.34 -62.62
-1.04 -0.94 0.98 145.74 21.56 -7.16
-0.66 0.49 0.70 -46.76 -250.00 -13.63
0.24 0.09 -0.10 -35.80 -229.72 19.86
0.95 -0.59 2.00 239.27 -250.00 -69.37
0.84 -0.17 0.58 -37.93 106.94 33.67
0.03 0.01 -0.26 -36.82 249.99 16.58
-0.78 -0.46 2.00 61.33 246.50 6.33
-1.33 0.34 2.00 -51.32 -30.11 -76.06
-0.07 0.07 -0.17 -21.58 -221.96 4.36
0.59 -0.00 -0.09 -28.47 -221.41 -34.93
-0.02 0.07 -0.08 -24.21 -213.36 49.92
0.66 -0.57 2.00 152.33 -250.00 -77.64
0.97 0.02 1.53 -28.66 141.45 48.62
0.09 0.10 -0.28 -31.72 249.99 30.17
-0.19 -0.23 0.05 -60.21 249.99 11.31
-1.56 -0.01 1.24 -52.41 249.99 -25.72
-0.28 0.15 0.07 -25.45 -206.99 25.41
0.41 -0.18 0.33 -3.28 -239.94 5.17
1.15 0.48 1.12 -110.18 -4.10 30.62
0.07 0.02 -0.13 1.04 -199.13 -8.18
0.72 -0.55 2.00 249.99 -250.00 -25.92
0.85 0.19 0.27 -15.24 130.03 1.36
-0.01 0.03 -0.13 -27.18 249.99 -9.16
-0.56 -0.49 2.00 22.88 236.13 23.33
-1.27 0.36 1.94 -14.66 -63.34 -62.62
0.33 0.07 -0.30 -23.64 249.99 28.28
-0.12 -0.29 0.18 -28.88 249.99 2.09
-1.60 -0.20 2.00 -65.58 245.78 -92.41
-0.36 0.23 0.13 -60.58 -225.04 21.66
0.35 -0.20 0.57 -13.47 -241.95 11.86
1.15 0.28 -0.04 117.19 -129.75 -94.54
0.70 0.09 0.10 -74.84 207.27 28.75
-0.02 -0.05 -0.23 -73.65 249.99 24.15
-1.52 -0.58 2.00 93.11 194.14 60.19
-1.56 0.14 2.00 -22.96 79.93 -80.97
-0.24 0.16 -0.04 -36.44 -250.00 53.36
-0.02 0.07 -0.08 -24.21 -213.36 49.92
0.66 -0.57 2.00 152.33 -250.00 -77.64
0.97 0.02 1.53 -28.66 141.45 48.62
0.09 0.10 -0.28 -31.72 249.99 30.17
-0.19 -0.23 0.05 -60.21 249.99 11.31
-1.56 -0.01 1.24 -52.41 249.99 -25.72
-0.28 0.15 0.07 -25.45 -206.99 25.41
0.41 -0.18 0.33 -3.28 -239.94 5.17
1.15 0.48 1.12 -110.18 -4.10 30.62
0.07 0.02 -0.13 1.04 -199.13 -8.18
0.72 -0.55 2.00 249.99 -250.00 -25.92
0.85 0.19 0.27 -15.24 130.03 1.36
-0.01 0.03 -0.13 -27.18 249.99 -9.16
-0.56 -0.49 2.00 22.88 236.13 23.33
-1.27 0.36 1.94 -14.66 -63.34 -62.62
1.22 0.25 0.76 -105.96 106.58 19.52
0.28 0.06 -0.12 -39.57 240.64 5.59
-0.09 -0.22 -0.12 -62.26 249.99 -12.86
-1.22 -1.09 1.08 249.99 145.54 105.45
-1.03 0.51 0.66 -68.59 -250.00 46.65
0.21 0.16 0.01 -69.63 -250.00 96.02
1.11 -0.74 1.53 223.05 -250.00 -78.88
0.46 -0.14 1.17 -55.85 127.02 38.48
-0.06 0.20 -0.16 -55.67 233.51 15.80
-0.33 -0.20 -0.15 -78.75 249.99 38.78
-1.58 -0.22 0.63 27.98 249.99 -15.028
-0.02 0.07 -0.08 -24.21 -213.36 49.92
0.66 -0.57 2.00 152.33 -250.00 -77.64
0.97 0.02 1.53 -28.66 141.45 48.62
0.09 0.10 -0.28 -31.72 249.99 30.17
-0.19 -0.23 0.05 -60.21 249.99 11.31
-1.56 -0.01 1.24 -52.41 249.99 -25.72
-0.28 0.15 0.07 -25.45 -206.99 25.41
0.41 -0.18 0.33 -3.28 -239.94 5.17
1.15 0.48 1.12 -110.18 -4.10 30.62
0.07 0.02 -0.13 1.04 -199.13 -8.18
0.72 -0.55 2.00 249.99 -250.00 -25.92
0.85 0.19 0.27 -15.24 130.03 1.36
-0.01 0.03 -0.13 -27.18 249.99 -9.16
-0.56 -0.49 2.00 22.88 236.13 23.33
-1.27 0.36 1.94 -14.66 -63.34 -62.62
-0.62 0.30 0.97 -57.79 -250.00 64.24
0.23 0.05 -0.15 -34.42 -250.00 54.20
0.93 -0.55 2.00 217.86 -237.05 -65.33
0.34 0.06 1.26 -63.77 98.86 56.76
-0.01 -0.00 -0.08 -66.83 212.51 72.97
-0.23 -0.34 0.09 -87.39 249.99 36.48
-1.03 -0.80 0.04 238.50 114.68 64.18
-0.91 0.34 1.05 -69.73 -250.00 38.39
0.13 0.05 0.02 -60.27 -250.00 45.50
0.75 -0.69 2.00 144.94 -250.00 -85.08
0.46 0.13 1.94 -11.83 115.07 51.37
-0.02 0.07 -0.08 -24.21 -213.36 49.92
0.66 -0.57 2.00 152.33 -250.00 -77.64
0.97 0.02 1.53 -28.66 141.45 48.62
0.09 0.10 -0.28 -31.72 249.99 30.17
-0.19 -0.23 0.05 -60.21 249.99 11.31
-1.56 -0.01 1.24 -52.41 249.99 -25.72
-0.28 0.15 0.07 -25.45 -206.99 25.41
0.41 -0.18 0.33 -3.28 -239.94 5.17
1.15 0.48 1.12 -110.18 -4.10 30.62
0.07 0.02 -0.13 1.04 -199.13 -8.18
0.72 -0.55 2.00 249.99 -250.00 -25.92
0.85 0.19 0.27 -15.24 130.03 1.36
-0.01 0.03 -0.13 -27.18 249.99 -9.16
-0.56 -0.49 2.00 22.88 236.13 23.33
-1.27 0.36 1.94 -14.66 -63.34 -62.62
0.05 -0.19 -0.17 -92.12 216.92 31.68
-1.23 -0.57 1.83 204.27 249.99 106.46
-1.42 -0.09 0.89 -25.81 -103.75 21.00
-0.14 -0.03 0.11 -30.99 -250.00 75.90
0.47 -0.41 0.79 70.76 -250.00 -23.30
0.82 0.39 1.35 2.46 156.93 100.94
0.07 -0.03 0.77 -102.06 125.04 84.66
-0.08 -0.28 0.32 -66.80 231.83 48.58
-1.04 -0.64 1.14 115.67 249.99 146.10
-1.58 -0.52 1.23 22.45 -25.81 47.87
-0.56 0.19 0.62 -66.51 -250.00 97.76
-0.02 0.07 -0.08 -24.21 -213.36 49.92
0.66 -0.57 2.00 152.33 -250.00 -77.64
0.97 0.02 1.53 -28.66 141.45 48.62
0.09 0.10 -0.28 -31.72 249.99 30.17
-0.19 -0.23 0.05 -60.21 249.99 11.31
-1.56 -0.01 1.24 -52.41 249.99 -25.72
-0.28 0.15 0.07 -25.45 -206.99 25.41
0.41 -0.18 0.33 -3.28 -239.94 5.17
1.15 0.48 1.12 -110.18 -4.10 30.62
0.07 0.02 -0.13 1.04 -199.13 -8.18
0.72 -0.55 2.00 249.99 -250.00 -25.92
0.85 0.19 0.27 -15.24 130.03 1.36
-0.01 0.03 -0.13 -27.18 249.99 -9.16
-0.56 -0.49 2.00 22.88 236.13 23.33
-1.27 0.36 1.94 -14.66 -63.34 -62.62
1.10 -0.39 0.94 223.63 -164.12 -33.44
0.12 -0.13 1.90 46.82 208.62 93.35
-0.36 0.26 0.92 -113.77 6.69 104.59
0.01 -0.09 0.44 -99.96 95.32 79.41
-0.46 -0.47 0.79 12.23 200.23 62.24
-0.80 -0.71 1.13 115.91 24.56 101.81
-0.44 -0.00 1.33 -59.29 -190.64 25.84
0.30 0.43 0.87 -80.81 -250.00 32.07
0.45 0.33 0.49 -63.14 -46.18 34.26
0.58 -0.11 0.89 -39.27 -74.81 42.43
0.28 -0.70 0.95 125.18 67.64 32.345 
-0.02 0.07 -0.08 -24.21 -213.36 49.92
0.66 -0.57 2.00 152.33 -250.00 -77.64
0.97 0.02 1.53 -28.66 141.45 48.62
0.09 0.10 -0.28 -31.72 249.99 30.17
-0.19 -0.23 0.05 -60.21 249.99 11.31
-1.56 -0.01 1.24 -52.41 249.99 -25.72
-0.28 0.15 0.07 -25.45 -206.99 25.41
0.41 -0.18 0.33 -3.28 -239.94 5.17
1.15 0.48 1.12 -110.18 -4.10 30.62
0.07 0.02 -0.13 1.04 -199.13 -8.18
0.72 -0.55 2.00 249.99 -250.00 -25.92
0.85 0.19 0.27 -15.24 130.03 1.36
-0.01 0.03 -0.13 -27.18 249.99 -9.16
-0.56 -0.49 2.00 22.88 236.13 23.33
-1.27 0.36 1.94 -14.66 -63.34 -62.62
0.14 -0.53 0.96 105.34 -70.82 34.30
0.54 0.36 1.31 -31.86 -46.04 44.64
0.65 0.40 0.62 -47.99 133.74 39.01
-0.05 0.03 0.55 -46.49 228.77 -24.19
-0.58 -0.36 0.76 -19.17 249.99 -41.68
-0.55 -0.41 1.53 80.53 -175.44 -77.10
0.26 0.39 0.48 53.69 -250.00 -88.05
0.47 0.55 0.31 -59.02 -50.80 8.56
0.87 -0.04 0.85 11.79 -6.43 6.18
0.50 -0.46 1.35 68.50 96.47 -20.61
0.46 -0.15 0.34 -81.01 163.29 -1.37
-0.10 -0.02 0.9795 125.18 67.64 32.345
-0.02 0.07 -0.08 -24.21 -213.36 49.92
0.66 -0.57 2.00 152.33 -250.00 -77.64
0.97 0.02 1.53 -28.66 141.45 48.62
0.09 0.10 -0.28 -31.72 249.99 30.17
-0.19 -0.23 0.05 -60.21 249.99 11.31
-1.56 -0.01 1.24 -52.41 249.99 -25.72
-0.28 0.15 0.07 -25.45 -206.99 25.41
0.41 -0.18 0.33 -3.28 -239.94 5.17
1.15 0.48 1.12 -110.18 -4.10 30.62
0.07 0.02 -0.13 1.04 -199.13 -8.18
0.72 -0.55 2.00 249.99 -250.00 -25.92
0.85 0.19 0.27 -15.24 130.03 1.36
-0.01 0.03 -0.13 -27.18 249.99 -9.16
-0.56 -0.49 2.00 22.88 236.13 23.33
-1.27 0.36 1.94 -14.66 -63.34 -62.62
-0.96 -0.30 0.70 -64.38 249.99 109.54
-0.96 -0.93 1.04 34.91 69.47 146.40
-0.94 -0.35 1.35 102.78 -233.06 69.15
-0.10 0.31 1.10 -119.46 -129.55 102.66
-0.26 0.13 0.57 -64.31 -122.25 110.38
0.30 -0.35 0.65 -38.41 -250.00 106.72
0.70 -0.35 0.35 157.42 224.11 94.89
-0.07 -0.53 1.54 27.33 58.65 235.25
-0.05 0.38 1.00 -15.85 59.75 190.28
-0.12 0.12 0.81 -60.55 4.65 95.38
-0.05 -0.20 0.86 -28.92 -22.93 48.79
-0.02 0.07 -0.08 -24.21 -213.36 49.92
0.66 -0.57 2.00 152.33 -250.00 -77.64
0.97 0.02 1.53 -28.66 141.45 48.62
0.09 0.10 -0.28 -31.72 249.99 30.17
-0.19 -0.23 0.05 -60.21 249.99 11.31
-1.56 -0.01 1.24 -52.41 249.99 -25.72
-0.28 0.15 0.07 -25.45 -206.99 25.41
0.41 -0.18 0.33 -3.28 -239.94 5.17
1.15 0.48 1.12 -110.18 -4.10 30.62
0.07 0.02 -0.13 1.04 -199.13 -8.18
0.72 -0.55 2.00 249.99 -250.00 -25.92
0.85 0.19 0.27 -15.24 130.03 1.36
-0.01 0.03 -0.13 -27.18 249.99 -9.16
-0.56 -0.49 2.00 22.88 236.13 23.33
-1.27 0.36 1.94 -14.66 -63.34 -62.62
-0.19 -0.12 0.99 8.73 -48.64 51.44
-0.29 -0.19 0.99 23.54 -52.51 37.86
0.03 -0.36 0.84 8.35 -33.34 78.45
0.07 -0.22 0.91 12.80 53.41 85.65
-0.32 -0.01 0.96 -33.17 40.66 95.54
-0.36 -0.08 1.07 -30.53 -50.67 114.08
0.28 -0.21 0.66 -7.71 -99.72 126.28
0.56 -0.25 0.73 14.90 -73.36 113.61
0.48 -0.08 0.82 43.27 59.57 136.95
0.08 -0.09 1.29 43.16 61.72 120.91
-0.05 0.02 0.83 1.02 58.46 36.03
-0.02 0.07 -0.08 -24.21 -213.36 49.92
0.66 -0.57 2.00 152.33 -250.00 -77.64
0.97 0.02 1.53 -28.66 141.45 48.62
0.09 0.10 -0.28 -31.72 249.99 30.17
-0.19 -0.23 0.05 -60.21 249.99 11.31
-1.56 -0.01 1.24 -52.41 249.99 -25.72
-0.28 0.15 0.07 -25.45 -206.99 25.41
0.41 -0.18 0.33 -3.28 -239.94 5.17
1.15 0.48 1.12 -110.18 -4.10 30.62
0.07 0.02 -0.13 1.04 -199.13 -8.18
0.72 -0.55 2.00 249.99 -250.00 -25.92
0.85 0.19 0.27 -15.24 130.03 1.36
-0.01 0.03 -0.13 -27.18 249.99 -9.16
-0.56 -0.49 2.00 22.88 236.13 23.33
-1.27 0.36 1.94 -14.66 -63.34 -62.62
0.06 -0.10 0.84 -7.88 -25.02 42.59
0.01 0.02 0.99 -23.27 -20.56 23.32
0.07 -0.10 0.98 -8.16 -14.14 26.31
0.03 -0.18 0.92 -1.88 8.61 30.41
0.08 -0.20 0.95 6.68 8.51 21.42
0.04 -0.04 0.80 -11.55 31.93 11.49
-0.04 -0.18 0.96 -0.82 17.81 5.55
-0.04 -0.17 0.96 1.05 16.49 14.56
-0.08 -0.08 0.91 -9.25 20.38 1.45
-0.11 -0.10 0.97 -11.22 0.57 -7.26
-0.06 -0.14 0.90 -5.55 -2.49 0.39
-0.02 0.07 -0.08 -24.21 -213.36 49.92
0.66 -0.57 2.00 152.33 -250.00 -77.64
0.97 0.02 1.53 -28.66 141.45 48.62
0.09 0.10 -0.28 -31.72 249.99 30.17
-0.19 -0.23 0.05 -60.21 249.99 11.31
-1.56 -0.01 1.24 -52.41 249.99 -25.72
-0.28 0.15 0.07 -25.45 -206.99 25.41
0.41 -0.18 0.33 -3.28 -239.94 5.17
1.15 0.48 1.12 -110.18 -4.10 30.62
0.07 0.02 -0.13 1.04 -199.13 -8.18
0.72 -0.55 2.00 249.99 -250.00 -25.92
0.85 0.19 0.27 -15.24 130.03 1.36
-0.01 0.03 -0.13 -27.18 249.99 -9.16
-0.56 -0.49 2.00 22.88 236.13 23.33
-1.27 0.36 1.94 -14.66 -63.34 -62.62
-0.05 -0.06 0.96 -4.90 1.48 -9.16
-0.03 -0.03 0.91 -9.19 -26.02 -10.96
-0.02 -0.14 0.99 5.10 -24.77 -19.55
0.18 -0.11 0.96 3.34 -19.39 -13.98
0.09 -0.09 0.96 -12.31 5.83 -15.64
0.02 -0.15 1.03 0.97 -1.53 -13.63
0.04 -0.13 1.00 0.99 -21.37 2.56
0.13 -0.08 0.83 -13.49 -9.51 -0.14
0.15 -0.24 1.03 13.99 5.33 -6.28
0.11 -0.10 0.95 6.44 9.20 -3.27
0.08 -0.04 0.86 15.95 15.07 7.81
-0.02 0.07 -0.08 -24.21 -213.36 49.92
0.66 -0.57 2.00 152.33 -250.00 -77.64
0.97 0.02 1.53 -28.66 141.45 48.62
0.09 0.10 -0.28 -31.72 249.99 30.17
-0.19 -0.23 0.05 -60.21 249.99 11.31
-1.56 -0.01 1.24 -52.41 249.99 -25.72
-0.28 0.15 0.07 -25.45 -206.99 25.41
0.41 -0.18 0.33 -3.28 -239.94 5.17
1.15 0.48 1.12 -110.18 -4.10 30.62
0.07 0.02 -0.13 1.04 -199.13 -8.18
0.72 -0.55 2.00 249.99 -250.00 -25.92
0.85 0.19 0.27 -15.24 130.03 1.36
-0.01 0.03 -0.13 -27.18 249.99 -9.16
-0.56 -0.49 2.00 22.88 236.13 23.33
-1.27 0.36 1.94 -14.66 -63.34 -62.62
0.13 -0.17 0.91 10.34 -7.69 1.88
0.13 -0.07 0.86 10.30 18.26 7.18
0.01 -0.06 0.98 -0.22 12.84 8.93
0.03 -0.12 1.03 -5.68 -29.30 6.73
0.16 -0.17 0.96 8.08 -16.75 2.46
0.18 -0.24 0.85 15.60 -15.14 -3.56
0.10 -0.11 0.98 2.46 16.54 -12.06
0.11 -0.17 1.03 -4.30 4.79 -28.81
0.03 -0.07 0.81 -12.78 -12.98 -51.54
0.11 0.01 1.15 -24.38 -41.01 -33.09
0.16 -0.09 1.06 -5.50 -19.36 -48.87
-0.02 0.07 -0.08 -24.21 -213.36 49.92
0.66 -0.57 2.00 152.33 -250.00 -77.64
0.97 0.02 1.53 -28.66 141.45 48.62
0.09 0.10 -0.28 -31.72 249.99 30.17
-0.19 -0.23 0.05 -60.21 249.99 11.31
-1.56 -0.01 1.24 -52.41 249.99 -25.72
-0.28 0.15 0.07 -25.45 -206.99 25.41
0.41 -0.18 0.33 -3.28 -239.94 5.17
1.15 0.48 1.12 -110.18 -4.10 30.62
0.07 0.02 -0.13 1.04 -199.13 -8.18
0.72 -0.55 2.00 249.99 -250.00 -25.92
0.85 0.19 0.27 -15.24 130.03 1.36
-0.01 0.03 -0.13 -27.18 249.99 -9.16
-0.56 -0.49 2.00 22.88 236.13 23.33
-1.27 0.36 1.94 -14.66 -63.34 -62.62
0.54 0.12 0.92 -44.44 -84.27 -128.20
0.71 0.09 0.75 -47.28 -10.73 -188.10
0.59 0.06 0.56 -6.65 92.55 -189.96
0.12 -0.09 0.79 -31.33 170.02 -118.42
-0.28 -0.16 1.20 35.05 140.03 -57.02
0.11 0.07 1.57 41.60 -37.73 -58.20
0.20 0.17 1.11 31.43 25.19 -119.48
0.33 0.23 0.80 -18.13 -31.34 -95.54
0.14 0.14 0.15 -58.13 40.18 -64.38
0.19 -0.13 0.63 -11.76 12.03 -32.70
0.27 -0.41 0.98 151.88 56.17 -45.23
-0.02 0.07 -0.08 -24.21 -213.36 49.92
0.66 -0.57 2.00 152.33 -250.00 -77.64
0.97 0.02 1.53 -28.66 141.45 48.62
0.09 0.10 -0.28 -31.72 249.99 30.17
-0.19 -0.23 0.05 -60.21 249.99 11.31
-1.56 -0.01 1.24 -52.41 249.99 -25.72
-0.28 0.15 0.07 -25.45 -206.99 25.41
0.41 -0.18 0.33 -3.28 -239.94 5.17
1.15 0.48 1.12 -110.18 -4.10 30.62
0.07 0.02 -0.13 1.04 -199.13 -8.18
0.72 -0.55 2.00 249.99 -250.00 -25.92
0.85 0.19 0.27 -15.24 130.03 1.36
-0.01 0.03 -0.13 -27.18 249.99 -9.16
-0.56 -0.49 2.00 22.88 236.13 23.33
-1.27 0.36 1.94 -14.66 -63.34 -62.62
0.42 0.43 0.93 4.04 -76.43 -86.03
0.54 -0.03 0.47 -26.47 73.13 -136.68
-0.22 -0.39 1.23 12.65 221.92 -96.81
-0.49 -0.40 1.63 10.25 18.37 -46.11
0.03 0.19 1.20 30.03 -62.19 -108.70
0.05 0.31 0.43 -13.57 -26.27 -16.80
0.24 0.03 -0.00 21.67 -44.27 -4.37
0.28 -0.08 2.00 128.78 -76.84 13.47
-0.02 0.09 2.00 30.70 5.22 -52.60
0.07 0.55 0.88 -78.03 -3.11 6.59
0.09 0.08 -0.00 -85.29 117.01 -31.81
-0.02 0.07 -0.08 -24.21 -213.36 49.92
0.66 -0.57 2.00 152.33 -250.00 -77.64
0.97 0.02 1.53 -28.66 141.45 48.62
0.09 0.10 -0.28 -31.72 249.99 30.17
-0.19 -0.23 0.05 -60.21 249.99 11.31
-1.56 -0.01 1.24 -52.41 249.99 -25.72
-0.28 0.15 0.07 -25.45 -206.99 25.41
0.41 -0.18 0.33 -3.28 -239.94 5.17
1.15 0.48 1.12 -110.18 -4.10 30.62
0.07 0.02 -0.13 1.04 -199.13 -8.18
0.72 -0.55 2.00 249.99 -250.00 -25.92
0.85 0.19 0.27 -15.24 130.03 1.36
-0.01 0.03 -0.13 -27.18 249.99 -9.16
-0.56 -0.49 2.00 22.88 236.13 23.33
-1.27 0.36 1.94 -14.66 -63.34 -62.62
-0.47 -0.37 1.93 52.66 -2.72 -51.90
-0.35 0.17 1.00 27.08 -105.93 -71.00
0.09 0.26 0.01 2.60 -144.75 44.67
0.68 0.06 0.57 24.93 -148.70 41.58
0.52 0.02 2.00 -14.95 213.64 -23.48
-0.25 0.49 0.97 -99.24 60.49 -9.00
0.11 0.06 -0.10 -63.37 139.76 56.51
-0.02 -0.32 0.89 -21.13 89.89 -2.78
-0.68 -0.23 2.00 -0.96 249.99 -77.47
-0.79 0.58 0.85 -45.75 -165.74 34.93
0.12 0.09 -0.04 -20.44 -130.37 59.20
-0.02 0.07 -0.08 -24.21 -213.36 49.92
0.66 -0.57 2.00 152.33 -250.00 -77.64
0.97 0.02 1.53 -28.66 141.45 48.62
0.09 0.10 -0.28 -31.72 249.99 30.17
-0.19 -0.23 0.05 -60.21 249.99 11.31
-1.56 -0.01 1.24 -52.41 249.99 -25.72
-0.28 0.15 0.07 -25.45 -206.99 25.41
0.41 -0.18 0.33 -3.28 -239.94 5.17
1.15 0.48 1.12 -110.18 -4.10 30.62
0.07 0.02 -0.13 1.04 -199.13 -8.18
0.72 -0.55 2.00 249.99 -250.00 -25.92
0.85 0.19 0.27 -15.24 130.03 1.36
-0.01 0.03 -0.13 -27.18 249.99 -9.16
-0.56 -0.49 2.00 22.88 236.13 23.33
-1.27 0.36 1.94 -14.66 -63.34 -62.62
0.46 0.17 1.91 -24.63 74.90 54.21
0.10 0.30 0.28 -82.82 133.97 34.84
0.02 -0.20 0.02 -71.11 215.09 38.23
-0.72 -0.65 1.20 210.24 179.24 56.11
-0.95 0.23 1.14 -36.98 -175.42 -37.28
0.03 0.15 -0.07 -31.49 -226.77 17.34
0.95 -0.05 0.83 -18.42 -250.00 -56.87
0.92 0.17 0.35 -2.40 239.81 25.90
0.11 -0.79 0.39 -164.45 121.38 164.21
-0.06 -0.59 0.87 -49.22 83.85 134.99
-0.56 -0.67 0.52 -20.74 80.15 87.35
-0.02 0.07 -0.08 -24.21 -213.36 49.92
0.66 -0.57 2.00 152.33 -250.00 -77.64
0.97 0.02 1.53 -28.66 141.45 48.62
0.09 0.10 -0.28 -31.72 249.99 30.17
-0.19 -0.23 0.05 -60.21 249.99 11.31
-1.56 -0.01 1.24 -52.41 249.99 -25.72
-0.28 0.15 0.07 -25.45 -206.99 25.41
0.41 -0.18 0.33 -3.28 -239.94 5.17
1.15 0.48 1.12 -110.18 -4.10 30.62
0.07 0.02 -0.13 1.04 -199.13 -8.18
0.72 -0.55 2.00 249.99 -250.00 -25.92
0.85 0.19 0.27 -15.24 130.03 1.36
-0.01 0.03 -0.13 -27.18 249.99 -9.16
-0.56 -0.49 2.00 22.88 236.13 23.33
-1.27 0.36 1.94 -14.66 -63.34 -62.62
0.47 -0.45 0.97 163.11 -250.00 50.26
-0.31 -0.38 1.46 -113.97 75.67 157.69
-0.32 -0.37 0.92 -30.88 -64.33 140.97
0.31 -0.35 0.86 18.33 -173.03 100.39
0.58 -0.29 0.73 -50.80 -115.08 128.59
0.75 -0.38 0.60 -24.64 -52.57 143.51
0.46 -0.59 0.78 18.42 -0.43 135.07
0.38 -0.67 0.67 107.14 -5.94 109.62
0.25 -0.41 0.98 107.73 -39.15 112.71
0.48 -0.02 0.99 -17.99 32.95 98.57
-0.02 0.07 -0.08 -24.21 -213.36 49.92
0.66 -0.57 2.00 152.33 -250.00 -77.64
0.97 0.02 1.53 -28.66 141.45 48.62
0.09 0.10 -0.28 -31.72 249.99 30.17
-0.19 -0.23 0.05 -60.21 249.99 11.31
-1.56 -0.01 1.24 -52.41 249.99 -25.72
-0.28 0.15 0.07 -25.45 -206.99 25.41
0.41 -0.18 0.33 -3.28 -239.94 5.17
1.15 0.48 1.12 -110.18 -4.10 30.62
0.07 0.02 -0.13 1.04 -199.13 -8.18
0.72 -0.55 2.00 249.99 -250.00 -25.92
0.85 0.19 0.27 -15.24 130.03 1.36
-0.01 0.03 -0.13 -27.18 249.99 -9.16
-0.56 -0.49 2.00 22.88 236.13 23.33
-1.27 0.36 1.94 -14.66 -63.34 -62.62
-0.04 -0.37 0.93 12.44 -5.15 60.87
0.13 -0.40 0.84 25.49 -35.49 44.71
0.11 -0.24 0.83 -1.01 -38.06 50.99
0.26 -0.26 0.95 -15.23 -9.89 29.65
0.06 -0.35 1.05 7.32 -7.86 36.61
-0.10 -0.25 0.98 -28.48 -45.12 68.79
-0.18 -0.41 0.83 32.49 -65.73 71.85
0.28 -0.43 0.84 34.80 -87.72 40.98
0.34 -0.24 0.76 20.80 -33.24 70.63
0.35 -0.25 0.97 2.46 -9.19 81.54
0.32 -0.34 0.91 -20.09 -20.82 60.86
0.29 -0.36 1.01 68.50 -33.94 42.56
0.33 -0.202 1.16 -52.07 -56.69 -32.10
-0.02 0.07 -0.08 -24.21 -213.36 49.92
0.66 -0.57 2.00 152.33 -250.00 -77.64
0.97 0.02 1.53 -28.66 141.45 48.62
0.09 0.10 -0.28 -31.72 249.99 30.17
-0.19 -0.23 0.05 -60.21 249.99 11.31
-1.56 -0.01 1.24 -52.41 249.99 -25.72
-0.28 0.15 0.07 -25.45 -206.99 25.41
0.41 -0.18 0.33 -3.28 -239.94 5.17
1.15 0.48 1.12 -110.18 -4.10 30.62
0.07 0.02 -0.13 1.04 -199.13 -8.18
0.72 -0.55 2.00 249.99 -250.00 -25.92
0.85 0.19 0.27 -15.24 130.03 1.36
-0.01 0.03 -0.13 -27.18 249.99 -9.16
-0.56 -0.49 2.00 22.88 236.13 23.33
-1.27 0.36 1.94 -14.66 -63.34 -62.62
0.41 -0.05 0.45 34.84 22.16 81.89
0.15 -0.28 1.00 19.18 15.59 89.39
0.27 -0.19 0.86 -8.84 -27.74 60.45
0.24 -0.31 0.91 2.72 -16.96 63.18
0.27 -0.36 1.00 9.31 -23.41 55.13
0.25 -0.24 0.90 23.95 29.76 43.10
0.10 -0.21 0.99 22.13 32.52 33.63
0.15 -0.19 0.94 2.62 -15.53 21.82
0.15 -0.25 0.89 4.60 12.37 8.09
0.05 -0.23 0.94 -24.11 -26.42 11.08
0.24 -0.33 0.86 -1.13 -3.68 -10.01
0.33 -0.202 1.16 -52.07 -56.69 -32.10
-0.02 0.07 -0.08 -24.21 -213.36 49.92
0.66 -0.57 2.00 152.33 -250.00 -77.64
0.97 0.02 1.53 -28.66 141.45 48.62
0.09 0.10 -0.28 -31.72 249.99 30.17
-0.19 -0.23 0.05 -60.21 249.99 11.31
-1.56 -0.01 1.24 -52.41 249.99 -25.72
-0.28 0.15 0.07 -25.45 -206.99 25.41
0.41 -0.18 0.33 -3.28 -239.94 5.17
1.15 0.48 1.12 -110.18 -4.10 30.62
0.07 0.02 -0.13 1.04 -199.13 -8.18
0.72 -0.55 2.00 249.99 -250.00 -25.92
0.85 0.19 0.27 -15.24 130.03 1.36
-0.01 0.03 -0.13 -27.18 249.99 -9.16
-0.56 -0.49 2.00 22.88 236.13 23.33
-1.27 0.36 1.94 -14.66 -63.34 -62.62
0.16 -0.25 1.05 -31.43 -30.45 -0.21
0.23 -0.34 0.93 -22.72 -22.55 -13.86
0.24 -0.31 0.86 -20.66 -2.40 -11.75
0.22 -0.27 0.85 -10.47 7.88 -11.09
0.20 -0.32 0.89 -15.08 -7.80 -8.62
0.23 -0.25 0.83 7.99 6.94 -3.81
0.38 -0.32 0.89 1.72 4.20 -3.23
0.14 -0.29 0.85 6.07 28.14 2.12
0.18 -0.22 0.85 -5.20 -7.95 1.85
0.39 -0.38 0.93 3.87 18.30 -9.68