0.26 0.61 0.78 0.68 1.63 0.63
0.27 0.61 0.77 0.37 0.86 0.73
0.26 0.61 0.76 -0.19 1.62 0.88
0.27 0.62 0.77 0.55 2.18 0.70
0.27 0.62 0.77 0.24 0.71 1.19
0.26 0.61 0.77 -0.42 2.74 1.19
0.25 0.62 0.77 1.04 1.58 0.99
0.26 0.61 0.77 0.64 1.67 0.42
0.26 0.61 0.76 0.31 1.23 0.21
0.26 0.61 0.77 0.68 -0.06 0.60
0.26 0.62 0.76 0.67 1.82 0.35
0.26 0.62 0.77 0.16 1.41 0.61
0.26 0.61 0.77 0.43 0.57 0.62
0.26 0.62 0.78 0.51 1.43 0.63
0.25 0.62 0.77 0.34 1.85 0.50
0.26 0.62 0.77 0.23 0.50 0.59
0.26 0.62 0.78 0.50 0.64 0.52
0.26 0.62 0.77 0.51 2.08 0.66
0.26 0.62 0.77 0.37 1.59 0.48
0.26 0.62 0.77 0.51 2.11 0.26
0.25 0.61 0.77 0.41 1.45 0.80
0.26 0.61 0.77 0.53 0.67 0.16
0.25 0.62 0.76 0.28 1.09 0.36
0.26 0.62 0.77 0.18 0.79 0.18
0.26 0.61 0.78 -0.43 -0.82 0.14
0.25 0.62 0.77 -0.01 0.24 -0.37
0.26 0.62 0.76 -0.52 0.74 -0.42
0.26 0.61 0.77 -0.18 0.11 -0.55
0.26 0.62 0.77 -0.65 1.40 0.60
0.25 0.62 0.77 -0.18 -0.40 -0.72
0.26 0.62 0.78 -0.48 0.30 -0.34
0.26 0.62 0.77 -0.30 2.33 -0.76
0.24 0.61 0.78 0.14 -0.42 -0.31
0.28 0.63 0.76 -0.72 -0.85 -0.76
0.23 0.62 0.77 -0.67 2.38 1.92
0.25 0.62 0.77 -0.14 -1.62 1.37
0.26 0.61 0.76 -0.55 3.11 0.21
0.25 0.62 0.77 -0.43 1.78 -1.05
0.25 0.62 0.77 -1.01 0.63 -0.08
0.25 0.61 0.77 0.52 0.34 -0.34
0.27 0.62 0.76 -0.76 1.14 -0.11
0.26 0.61 0.77 -0.63 2.24 0.27
0.25 0.62 0.78 0.37 2.11 0.03
0.25 0.62 0.77 0.34 1.85 0.50
0.26 0.62 0.77 0.23 0.50 0.59
0.26 0.62 0.78 0.50 0.64 0.52
0.26 0.62 0.77 0.51 2.08 0.66
0.26 0.62 0.77 0.37 1.59 0.48
0.26 0.62 0.77 0.51 2.11 0.26
0.25 0.61 0.77 0.41 1.45 0.80
0.26 0.61 0.77 0.53 0.67 0.16
0.25 0.62 0.76 0.28 1.09 0.36
0.26 0.62 0.77 0.18 0.79 0.18
0.26 0.61 0.78 -0.43 -0.82 0.14
0.25 0.62 0.77 -0.01 0.24 -0.37
0.26 0.62 0.76 -0.52 0.74 -0.42
0.26 0.61 0.77 -0.18 0.11 -0.55
0.26 0.62 0.77 -0.65 1.40 0.60
0.25 0.62 0.77 -0.18 -0.40 -0.72
0.25 0.62 0.77 -0.94 2.59 -0.70
0.25 0.61 0.77 -0.02 1.72 -0.56
0.25 0.62 0.78 -0.71 0.75 -0.34
0.25 0.61 0.77 -0.37 0.31 0.40
0.25 0.62 0.77 -0.46 1.07 0.54
0.25 0.61 0.77 -0.18 1.69 1.32
0.24 0.61 0.77 -0.11 2.49 1.41
0.25 0.61 0.78 -0.13 1.72 0.62
0.25 0.62 0.77 0.06 2.09 0.55
0.24 0.61 0.78 -0.76 1.03 0.16
0.25 0.61 0.78 0.14 1.56 -0.10
0.25 0.61 0.77 -0.72 1.33 0.48
0.24 0.61 0.78 -0.56 1.77 0.57
0.25 0.62 0.77 0.34 1.85 0.50
0.26 0.62 0.77 0.23 0.50 0.59
0.26 0.62 0.78 0.50 0.64 0.52
0.26 0.62 0.77 0.51 2.08 0.66
0.26 0.62 0.77 0.37 1.59 0.48
0.26 0.62 0.77 0.51 2.11 0.26
0.25 0.61 0.77 0.41 1.45 0.80
0.26 0.61 0.77 0.53 0.67 0.16
0.25 0.62 0.76 0.28 1.09 0.36
0.26 0.62 0.77 0.18 0.79 0.18
0.26 0.61 0.78 -0.43 -0.82 0.14
0.25 0.62 0.77 -0.01 0.24 -0.37
0.26 0.62 0.76 -0.52 0.74 -0.42
0.26 0.61 0.77 -0.18 0.11 -0.55
0.26 0.62 0.77 -0.65 1.40 0.60
0.25 0.62 0.77 -0.18 -0.40 -0.72
0.25 0.61 0.78 0.99 1.37 1.26
0.24 0.61 0.78 0.82 4.11 1.64
0.24 0.62 0.77 0.12 1.34 1.64
0.24 0.62 0.77 -0.02 0.40 0.67
0.25 0.61 0.77 0.37 -0.15 0.29
0.25 0.61 0.77 0.56 0.80 0.44
0.24 0.61 0.78 0.24 1.73 0.54
0.25 0.61 0.77 0.00 1.46 0.52
0.24 0.61 0.78 0.18 1.07 0.30
0.25 0.61 0.77 -0.02 0.66 0.21
0.24 0.61 0.77 -0.17 1.32 -0.17
0.24 0.61 0.77 0.66 1.75 0.15
0.25 0.62 0.77 0.34 1.85 0.50
0.26 0.62 0.77 0.23 0.50 0.59
0.26 0.62 0.78 0.50 0.64 0.52
0.26 0.62 0.77 0.51 2.08 0.66
0.26 0.62 0.77 0.37 1.59 0.48
0.26 0.62 0.77 0.51 2.11 0.26
0.25 0.61 0.77 0.41 1.45 0.80
0.26 0.61 0.77 0.53 0.67 0.16
0.25 0.62 0.76 0.28 1.09 0.36
0.26 0.62 0.77 0.18 0.79 0.18
0.26 0.61 0.78 -0.43 -0.82 0.14
0.25 0.62 0.77 -0.01 0.24 -0.37
0.26 0.62 0.76 -0.52 0.74 -0.42
0.26 0.61 0.77 -0.18 0.11 -0.55
0.26 0.62 0.77 -0.65 1.40 0.60
0.25 0.62 0.77 -0.18 -0.40 -0.72
0.25 0.61 0.78 -0.25 1.69 0.50
0.24 0.61 0.77 0.72 1.45 0.40
0.24 0.61 0.78 -0.25 0.58 0.34
0.24 0.62 0.78 1.16 1.92 0.27
0.24 0.61 0.78 0.03 1.21 0.39
0.24 0.61 0.77 0.61 1.53 0.10
0.24 0.61 0.78 0.60 1.42 0.05
0.23 0.62 0.76 0.05 2.50 1.17
0.24 0.62 0.77 0.19 1.81 1.26
0.23 0.61 0.78 0.95 1.89 1.11
0.24 0.61 0.78 0.90 2.11 1.09
0.24 0.61 0.77 0.57 1.94 0.55
0.23 0.61 0.77 0.34 1.30 0.44
0.24 0.62 0.77 0.99 0.98 0.39
0.25 0.62 0.77 0.34 1.85 0.50
0.26 0.62 0.77 0.23 0.50 0.59
0.26 0.62 0.78 0.50 0.64 0.52
0.26 0.62 0.77 0.51 2.08 0.66
0.26 0.62 0.77 0.37 1.59 0.48
0.26 0.62 0.77 0.51 2.11 0.26
0.25 0.61 0.77 0.41 1.45 0.80
0.26 0.61 0.77 0.53 0.67 0.16
0.25 0.62 0.76 0.28 1.09 0.36
0.26 0.62 0.77 0.18 0.79 0.18
0.26 0.61 0.78 -0.43 -0.82 0.14
0.25 0.62 0.77 -0.01 0.24 -0.37
0.26 0.62 0.76 -0.52 0.74 -0.42
0.26 0.61 0.77 -0.18 0.11 -0.55
0.26 0.62 0.77 -0.65 1.40 0.60
0.25 0.62 0.77 -0.18 -0.40 -0.72
0.24 0.61 0.79 1.09 1.95 0.54
0.24 0.61 0.77 0.89 1.67 0.25
0.23 0.62 0.78 1.11 1.06 0.62
0.24 0.62 0.77 0.66 2.35 0.18
0.24 0.61 0.78 0.50 0.60 0.50
0.24 0.62 0.77 0.21 1.54 0.30
0.24 0.62 0.78 0.71 2.31 0.36
0.23 0.62 0.77 0.51 1.68 0.73
0.23 0.61 0.78 0.91 1.46 0.26
0.23 0.62 0.78 0.59 0.85 0.41
0.23 0.62 0.78 0.00 1.43 0.27
0.24 0.62 0.77 -0.61 0.94 0.51
0.24 0.62 0.77 -0.51 0.13 00.39
0.25 0.62 0.77 0.34 1.85 0.50
0.26 0.62 0.77 0.23 0.50 0.59
0.26 0.62 0.78 0.50 0.64 0.52
0.26 0.62 0.77 0.51 2.08 0.66
0.26 0.62 0.77 0.37 1.59 0.48
0.26 0.62 0.77 0.51 2.11 0.26
0.25 0.61 0.77 0.41 1.45 0.80
0.26 0.61 0.77 0.53 0.67 0.16
0.25 0.62 0.76 0.28 1.09 0.36
0.26 0.62 0.77 0.18 0.79 0.18
0.26 0.61 0.78 -0.43 -0.82 0.14
0.25 0.62 0.77 -0.01 0.24 -0.37
0.26 0.62 0.76 -0.52 0.74 -0.42
0.26 0.61 0.77 -0.18 0.11 -0.55
0.26 0.62 0.77 -0.65 1.40 0.60
0.25 0.62 0.77 -0.18 -0.40 -0.72
0.23 0.62 0.78 -0.03 0.53 0.38
0.24 0.62 0.77 -0.03 0.79 0.56
0.23 0.61 0.77 0.56 1.39 0.26
0.23 0.62 0.77 -0.43 1.12 0.48
0.23 0.61 0.76 -0.24 0.26 0.48
0.23 0.61 0.78 0.76 0.66 0.56
0.24 0.62 0.78 -0.11 1.13 0.42
0.23 0.62 0.77 -0.30 0.78 0.81
0.24 0.62 0.77 0.13 0.61 0.91
0.24 0.62 0.78 0.10 1.65 0.70
0.23 0.61 0.78 -0.34 1.14 0.76
0.24 0.61 0.77 0.05 1.16 1.15
0.23 0.61 0.77 0.05 0.14 0.69
0.25 0.62 0.77 0.34 1.85 0.50
0.26 0.62 0.77 0.23 0.50 0.59
0.26 0.62 0.78 0.50 0.64 0.52
0.26 0.62 0.77 0.51 2.08 0.66
0.26 0.62 0.77 0.37 1.59 0.48
0.26 0.62 0.77 0.51 2.11 0.26
0.25 0.61 0.77 0.41 1.45 0.80
0.26 0.61 0.77 0.53 0.67 0.16
0.25 0.62 0.76 0.28 1.09 0.36
0.26 0.62 0.77 0.18 0.79 0.18
0.26 0.61 0.78 -0.43 -0.82 0.14
0.25 0.62 0.77 -0.01 0.24 -0.37
0.26 0.62 0.76 -0.52 0.74 -0.42
0.26 0.61 0.77 -0.18 0.11 -0.55
0.26 0.62 0.77 -0.65 1.40 0.60
0.25 0.62 0.77 -0.18 -0.40 -0.72
0.23 0.62 0.78 0.14 0.30 0.72
0.23 0.61 0.77 0.24 0.85 0.82
0.23 0.62 0.78 -0.05 1.56 0.87
0.24 0.61 0.77 -0.17 0.96 0.59
0.23 0.62 0.78 0.18 1.11 0.55
0.23 0.62 0.78 -0.42 0.72 0.89
0.23 0.62 0.77 0.16 1.54 0.60
0.23 0.61 0.77 0.26 0.88 0.75
0.23 0.61 0.78 -0.16 0.97 0.52
0.24 0.61 0.77 0.21 1.14 0.72
0.23 0.62 0.78 0.03 1.08 0.99
0.23 0.62 0.77 -0.09 0.80 0.89
0.24 0.62 0.78 -0.11 1.32 0.64
0.25 0.62 0.77 0.34 1.85 0.50
0.26 0.62 0.77 0.23 0.50 0.59
0.26 0.62 0.78 0.50 0.64 0.52
0.26 0.62 0.77 0.51 2.08 0.66
0.26 0.62 0.77 0.37 1.59 0.48
0.26 0.62 0.77 0.51 2.11 0.26
0.25 0.61 0.77 0.41 1.45 0.80
0.26 0.61 0.77 0.53 0.67 0.16
0.25 0.62 0.76 0.28 1.09 0.36
0.26 0.62 0.77 0.18 0.79 0.18
0.26 0.61 0.78 -0.43 -0.82 0.14
0.25 0.62 0.77 -0.01 0.24 -0.37
0.26 0.62 0.76 -0.52 0.74 -0.42
0.26 0.61 0.77 -0.18 0.11 -0.55
0.26 0.62 0.77 -0.65 1.40 0.60
0.25 0.62 0.77 -0.18 -0.40 -0.72
0.26 0.62 0.777 0.06 1.85 0.79
0.23 0.61 0.78 -0.06 0.67 0.60
0.24 0.62 0.77 0.11 1.24 0.65
0.24 0.62 0.78 0.05 0.41 1.11
0.23 0.62 0.77 0.34 1.79 0.92
0.23 0.62 0.78 -0.35 0.47 1.18
0.23 0.62 0.77 0.05 0.78 1.16
0.24 0.62 0.77 -0.05 0.51 0.83
0.24 0.61 0.78 0.04 1.11 0.53
0.24 0.61 0.78 -0.31 0.99 0.80
0.24 0.61 0.78 -0.58 1.25 0.76
0.23 0.61 0.77 -0.42 1.07 0.72
0.24 0.62 0.78 0.31 0.92 0.49
0.24 0.61 0.78 -0.60 1.24 1.18
0.25 0.62 0.77 0.34 1.85 0.50
0.26 0.62 0.77 0.23 0.50 0.59
0.26 0.62 0.78 0.50 0.64 0.52
0.26 0.62 0.77 0.51 2.08 0.66
0.26 0.62 0.77 0.37 1.59 0.48
0.26 0.62 0.77 0.51 2.11 0.26
0.25 0.61 0.77 0.41 1.45 0.80
0.26 0.61 0.77 0.53 0.67 0.16
0.25 0.62 0.76 0.28 1.09 0.36
0.26 0.62 0.77 0.18 0.79 0.18
0.26 0.61 0.78 -0.43 -0.82 0.14
0.25 0.62 0.77 -0.01 0.24 -0.37
0.26 0.62 0.76 -0.52 0.74 -0.42
0.26 0.61 0.77 -0.18 0.11 -0.55
0.26 0.62 0.77 -0.65 1.40 0.60
0.25 0.62 0.77 -0.18 -0.40 -0.72
0.23 0.61 0.78 0.24 1.61 0.95
0.23 0.61 0.77 -0.08 0.83 0.61
0.23 0.61 0.77 -0.09 0.34 0.82
0.23 0.61 0.78 0.08 1.90 0.38
0.23 0.62 0.78 0.02 1.55 0.76
0.23 0.61 0.77 0.78 1.58 0.85
0.23 0.62 0.77 0.01 1.80 -0.13
0.23 0.62 0.78 0.20 1.30 0.50
0.24 0.61 0.78 0.07 1.46 0.16
0.23 0.62 0.77 0.49 1.14 0.52
0.24 0.61 0.78 0.53 0.74 0.35
0.23 0.61 0.76 1.62 2.32 0.46
0.23 0.62 0.78 -0.05 1.52 1.0
0.25 0.62 0.77 0.34 1.85 0.50
0.26 0.62 0.77 0.23 0.50 0.59
0.26 0.62 0.78 0.50 0.64 0.52
0.26 0.62 0.77 0.51 2.08 0.66
0.26 0.62 0.77 0.37 1.59 0.48
0.26 0.62 0.77 0.51 2.11 0.26
0.25 0.61 0.77 0.41 1.45 0.80
0.26 0.61 0.77 0.53 0.67 0.16
0.25 0.62 0.76 0.28 1.09 0.36
0.26 0.62 0.77 0.18 0.79 0.18
0.26 0.61 0.78 -0.43 -0.82 0.14
0.25 0.62 0.77 -0.01 0.24 -0.37
0.26 0.62 0.76 -0.52 0.74 -0.42
0.26 0.61 0.77 -0.18 0.11 -0.55
0.26 0.62 0.77 -0.65 1.40 0.60
0.25 0.62 0.77 -0.18 -0.40 -0.72
0.23 0.61 0.78 0.34 0.97 0.50
0.23 0.61 0.78 0.11 0.74 0.89
0.23 0.61 0.78 -0.08 1.13 0.03
0.23 0.62 0.78 0.30 -0.10 0.32
0.24 0.61 0.77 0.56 1.66 0.56
0.23 0.62 0.78 -0.11 1.70 1.04
0.23 0.61 0.77 0.26 1.01 0.99
0.23 0.62 0.77 0.62 1.24 0.42
0.23 0.61 0.77 -0.63 1.10 1.05
0.23 0.61 0.77 0.66 1.72 1.08
0.23 0.62 0.78 0.61 1.02 0.49
0.23 0.61 0.77 0.72 1.08 0.13
0.23 0.62 0.78 0.02 0.74 0.56
0.25 0.62 0.77 0.34 1.85 0.50
0.26 0.62 0.77 0.23 0.50 0.59
0.26 0.62 0.78 0.50 0.64 0.52
0.26 0.62 0.77 0.51 2.08 0.66
0.26 0.62 0.77 0.37 1.59 0.48
0.26 0.62 0.77 0.51 2.11 0.26
0.25 0.61 0.77 0.41 1.45 0.80
0.26 0.61 0.77 0.53 0.67 0.16
0.25 0.62 0.76 0.28 1.09 0.36
0.26 0.62 0.77 0.18 0.79 0.18
0.26 0.61 0.78 -0.43 -0.82 0.14
0.25 0.62 0.77 -0.01 0.24 -0.37
0.26 0.62 0.76 -0.52 0.74 -0.42
0.26 0.61 0.77 -0.18 0.11 -0.55
0.26 0.62 0.77 -0.65 1.40 0.60
0.25 0.62 0.77 -0.18 -0.40 -0.72
0.23 0.62 0.77 0.76 1.48 0.91
0.23 0.61 0.78 0.44 1.69 0.97
0.23 0.62 0.78 0.59 0.82 0.45
0.23 0.61 0.77 0.38 1.27 0.48
0.23 0.62 0.77 0.65 1.05 0.53
0.23 0.62 0.78 -0.03 0.92 0.79
0.23 0.62 0.78 1.04 2.11 0.92
0.23 0.61 0.77 -0.14 1.05 0.72
0.22 0.62 0.78 0.12 1.33 0.52
0.22 0.62 0.77 0.55 1.27 0.64
0.23 0.62 0.77 0.37 0.69 0.44
0.23 0.62 0.78 0.73 1.16 0.24
0.23 0.62 0.78 0.18 1.63 0.71
0.23 0.62 0.79 0.43 0.82 0.43
0.25 0.62 0.77 0.34 1.85 0.50
0.26 0.62 0.77 0.23 0.50 0.59
0.26 0.62 0.78 0.50 0.64 0.52
0.26 0.62 0.77 0.51 2.08 0.66
0.26 0.62 0.77 0.37 1.59 0.48
0.26 0.62 0.77 0.51 2.11 0.26
0.25 0.61 0.77 0.41 1.45 0.80
0.26 0.61 0.77 0.53 0.67 0.16
0.25 0.62 0.76 0.28 1.09 0.36
0.26 0.62 0.77 0.18 0.79 0.18
0.26 0.61 0.78 -0.43 -0.82 0.14
0.25 0.62 0.77 -0.01 0.24 -0.37
0.26 0.62 0.76 -0.52 0.74 -0.42
0.26 0.61 0.77 -0.18 0.11 -0.55
0.26 0.62 0.77 -0.65 1.40 0.60
0.25 0.62 0.77 -0.18 -0.40 -0.72
0.23 0.62 0.78 0.04 1.38 0.87
0.23 0.62 0.78 0.28 1.58 0.79
0.23 0.62 0.78 0.05 0.77 0.41
0.22 0.62 0.78 0.14 1.40 0.67
0.22 0.61 0.78 -0.08 0.01 0.79
0.23 0.62 0.78 0.60 1.06 0.47
0.23 0.62 0.78 0.41 2.10 0.61
0.23 0.62 0.78 0.43 0.38 0.48
0.23 0.62 0.77 0.24 1.78 0.77
0.22 0.62 0.77 0.37 1.35 0.51
0.23 0.62 0.77 0.27 1.83 0.76
0.22 0.62 0.77 0.04 0.95 0.63
0.25 0.62 0.77 0.34 1.85 0.50
0.26 0.62 0.77 0.23 0.50 0.59
0.26 0.62 0.78 0.50 0.64 0.52
0.26 0.62 0.77 0.51 2.08 0.66
0.26 0.62 0.77 0.37 1.59 0.48
0.26 0.62 0.77 0.51 2.11 0.26
0.25 0.61 0.77 0.41 1.45 0.80
0.26 0.61 0.77 0.53 0.67 0.16
0.25 0.62 0.76 0.28 1.09 0.36
0.26 0.62 0.77 0.18 0.79 0.18
0.26 0.61 0.78 -0.43 -0.82 0.14
0.25 0.62 0.77 -0.01 0.24 -0.37
0.26 0.62 0.76 -0.52 0.74 -0.42
0.26 0.61 0.77 -0.18 0.11 -0.55
0.26 0.62 0.77 -0.65 1.40 0.60
0.25 0.62 0.77 -0.18 -0.40 -0.72
0.22 0.62 0.77 0.27 0.70 0.72
0.22 0.61 0.79 0.10 1.27 0.61
0.23 0.62 0.77 0.05 -0.45 0.51
0.23 0.62 0.78 0.37 0.30 1.01
0.22 0.62 0.78 0.20 1.15 0.43
0.23 0.61 0.77 -0.87 1.87 0.63
0.22 0.62 0.78 0.89 1.44 0.86
0.23 0.62 0.78 -0.42 0.37 0.84
0.23 0.61 0.77 0.15 0.69 0.61
0.23 0.62 0.77 0.24 0.53 0.47
0.23 0.62 0.78 0.13 0.65 0.79
0.23 0.62 0.77 -0.14 0.98 0.80
0.23 0.62 0.78 0.28 0.25 0.85
0.22 0.62 0.78 -0.06 1.31 0.86
0.22 0.62 0.77 0.19 0.75 0.66
0.26 0.62 0.77 0.23 0.50 0.59
0.26 0.62 0.78 0.50 0.64 0.52
0.26 0.62 0.77 0.51 2.08 0.66
0.26 0.62 0.77 0.37 1.59 0.48
0.26 0.62 0.77 0.51 2.11 0.26
0.25 0.61 0.77 0.41 1.45 0.80
0.26 0.61 0.77 0.53 0.67 0.16
0.25 0.62 0.76 0.28 1.09 0.36
0.26 0.62 0.77 0.18 0.79 0.18
0.26 0.61 0.78 -0.43 -0.82 0.14
0.25 0.62 0.77 -0.01 0.24 -0.37
0.26 0.62 0.76 -0.52 0.74 -0.42
0.26 0.61 0.77 -0.18 0.11 -0.55
0.26 0.62 0.77 -0.65 1.40 0.60
0.25 0.62 0.77 -0.18 -0.40 -0.72
0.23 0.62 0.77 0.31 1.11 0.65
0.22 0.62 0.78 0.31 0.99 0.58
0.23 0.62 0.77 0.47 0.77 0.62
0.23 0.62 0.77 0.27 0.93 0.73
0.23 0.62 0.77 0.08 1.30 0.63
0.23 0.62 0.77 0.19 1.35 0.99
0.22 0.62 0.78 0.34 0.23 0.68
0.23 0.61 0.77 -0.52 1.04 0.76
0.23 0.61 0.78 0.07 1.53 1.09
0.23 0.62 0.77 -0.05 0.66 0.69
0.22 0.61 0.77 0.10 1.19 0.81
0.23 0.61 0.78 0.03 0.44 0.57
0.23 0.62 0.77 -0.04 1.42 0.81
0.22 0.62 0.77 0.19 0.75 0.66
0.26 0.62 0.77 0.23 0.50 0.59
0.26 0.62 0.78 0.50 0.64 0.52
0.26 0.62 0.77 0.51 2.08 0.66
0.26 0.62 0.77 0.37 1.59 0.48
0.26 0.62 0.77 0.51 2.11 0.26
0.25 0.61 0.77 0.41 1.45 0.80
0.26 0.61 0.77 0.53 0.67 0.16
0.25 0.62 0.76 0.28 1.09 0.36
0.26 0.62 0.77 0.18 0.79 0.18
0.26 0.61 0.78 -0.43 -0.82 0.14
0.25 0.62 0.77 -0.01 0.24 -0.37
0.26 0.62 0.76 -0.52 0.74 -0.42
0.26 0.61 0.77 -0.18 0.11 -0.55
0.26 0.62 0.77 -0.65 1.40 0.60
0.25 0.62 0.77 -0.18 -0.40 -0.72
0.23 0.62 0.77 0.13 1.07 0.56
0.23 0.61 0.77 0.29 1.51 0.85
0.22 0.62 0.77 0.40 1.24 0.80
0.23 0.61 0.77 0.08 0.30 0.76
0.23 0.62 0.78 -0.03 1.48 0.96
0.23 0.62 0.77 -0.31 0.85 0.47
0.23 0.62 0.78 -0.29 1.34 1.32
0.22 0.61 0.78 0.39 0.64 0.53
0.23 0.61 0.76 -0.11 0.34 0.56
0.23 0.61 0.79 -1.10 1.82 0.89
0.22 0.61 0.78 0.52 1.11 0.75
0.22 0.61 0.77 -0.01 1.56 0.47
0.23 0.61 0.77 0.05 1.72 0.75
0.26 0.62 0.77 0.23 0.50 0.59
0.26 0.62 0.78 0.50 0.64 0.52
0.26 0.62 0.77 0.51 2.08 0.66
0.26 0.62 0.77 0.37 1.59 0.48
0.26 0.62 0.77 0.51 2.11 0.26
0.25 0.61 0.77 0.41 1.45 0.80
0.26 0.61 0.77 0.53 0.67 0.16
0.25 0.62 0.76 0.28 1.09 0.36
0.26 0.62 0.77 0.18 0.79 0.18
0.26 0.61 0.78 -0.43 -0.82 0.14
0.25 0.62 0.77 -0.01 0.24 -0.37
0.26 0.62 0.76 -0.52 0.74 -0.42
0.26 0.61 0.77 -0.18 0.11 -0.55
0.26 0.62 0.77 -0.65 1.40 0.60
0.25 0.62 0.77 -0.18 -0.40 -0.72
0.22 0.62 0.78 -0.14 1.37 1.14
0.22 0.62 0.78 0.29 0.57 0.68
0.23 0.61 0.78 0.15 0.42 0.49
0.22 0.61 0.78 0.43 1.30 0.27
0.23 0.62 0.78 -0.08 1.56 0.51
0.23 0.61 0.78 -0.20 0.79 1.04
0.23 0.61 0.78 0.23 0.25 0.65
0.23 0.61 0.78 0.14 1.52 0.66
0.23 0.61 0.78 0.27 1.48 0.62
0.23 0.61 0.77 -0.08 1.33 0.76
0.23 0.61 0.78 0.40 0.72 0.86
0.23 0.61 0.78 0.35 1.49 0.57
0.22 0.61 0.78 -0.02 0.74 0.55
0.26 0.62 0.77 0.23 0.50 0.59
0.26 0.62 0.78 0.50 0.64 0.52
0.26 0.62 0.77 0.51 2.08 0.66
0.26 0.62 0.77 0.37 1.59 0.48
0.26 0.62 0.77 0.51 2.11 0.26
0.25 0.61 0.77 0.41 1.45 0.80
0.26 0.61 0.77 0.53 0.67 0.16
0.25 0.62 0.76 0.28 1.09 0.36
0.26 0.62 0.77 0.18 0.79 0.18
0.26 0.61 0.78 -0.43 -0.82 0.14
0.25 0.62 0.77 -0.01 0.24 -0.37
0.26 0.62 0.76 -0.52 0.74 -0.42
0.26 0.61 0.77 -0.18 0.11 -0.55
0.26 0.62 0.77 -0.65 1.40 0.60
0.25 0.62 0.77 -0.18 -0.40 -0.72
0.23 0.62 0.77 0.67 2.00 0.53
0.22 0.61 0.78 0.28 1.19 0.36
0.22 0.62 0.77 0.44 1.53 0.42
0.23 0.62 0.78 0.18 0.08 0.78
0.23 0.61 0.78 0.01 2.00 0.63
0.23 0.62 0.77 0.31 1.40 0.54
0.23 0.61 0.78 -0.06 1.20 1.11
0.22 0.62 0.78 0.53 1.68 0.69
0.22 0.61 0.78 0.27 1.31 0.48
0.23 0.61 0.78 0.20 0.79 0.44
0.22 0.62 0.77 0.54 1.68 0.58
0.22 0.62 0.78 0.21 1.84 0.75
0.22 0.61 0.78 0.27 1.13 0.85
0.26 0.62 0.77 0.23 0.50 0.59
0.26 0.62 0.78 0.50 0.64 0.52
0.26 0.62 0.77 0.51 2.08 0.66
0.26 0.62 0.77 0.37 1.59 0.48
0.26 0.62 0.77 0.51 2.11 0.26
0.25 0.61 0.77 0.41 1.45 0.80
0.26 0.61 0.77 0.53 0.67 0.16
0.25 0.62 0.76 0.28 1.09 0.36
0.26 0.62 0.77 0.18 0.79 0.18
0.26 0.61 0.78 -0.43 -0.82 0.14
0.25 0.62 0.77 -0.01 0.24 -0.37
0.26 0.62 0.76 -0.52 0.74 -0.42
0.26 0.61 0.77 -0.18 0.11 -0.55
0.26 0.62 0.77 -0.65 1.40 0.60
0.25 0.62 0.77 -0.18 -0.40 -0.72
0.22 0.61 0.78 0.45 2.20 0.76
0.22 0.62 0.78 0.20 1.13 0.65
0.22 0.62 0.77 0.17 1.14 0.56
0.23 0.61 0.76 0.61 1.21 0.67
0.22 0.62 0.78 0.19 0.61 0.93
0.22 0.62 0.77 -0.12 1.04 0.32
0.22 0.62 0.77 0.60 1.88 0.69
0.22 0.62 0.77 0.23 1.91 0.30
0.22 0.62 0.78 0.25 1.67 0.92
0.22 0.62 0.77 0.06 1.31 0.59
0.22 0.62 0.78 -0.24 2.04 0.47
0.22 0.62 0.78 0.39 0.89 0.40
0.26 0.62 0.77 0.23 0.50 0.59
0.26 0.62 0.78 0.50 0.64 0.52
0.26 0.62 0.77 0.51 2.08 0.66
0.26 0.62 0.77 0.37 1.59 0.48
0.26 0.62 0.77 0.51 2.11 0.26
0.25 0.61 0.77 0.41 1.45 0.80
0.26 0.61 0.77 0.53 0.67 0.16
0.25 0.62 0.76 0.28 1.09 0.36
0.26 0.62 0.77 0.18 0.79 0.18
0.26 0.61 0.78 -0.43 -0.82 0.14
0.25 0.62 0.77 -0.01 0.24 -0.37
0.26 0.62 0.76 -0.52 0.74 -0.42
0.26 0.61 0.77 -0.18 0.11 -0.55
0.26 0.62 0.77 -0.65 1.40 0.60
0.25 0.62 0.77 -0.18 -0.40 -0.72
0.26 0.62 0.77 0.33 0.70 0.64
0.22 0.62 0.78 0.03 1.02 0.43
0.22 0.62 0.78 0.28 1.62 0.31
0.22 0.62 0.78 0.14 0.60 0.79
0.22 0.62 0.78 0.34 1.12 0.76
0.22 0.62 0.78 0.31 0.95 0.56
0.22 0.62 0.78 0.68 1.52 0.56
0.22 0.62 0.78 1.09 1.79 0.36
0.22 0.62 0.77 1.02 1.56 1.18
0.22 0.62 0.77 0.10 0.97 0.85
0.22 0.62 0.77 0.44 1.17 0.78
0.22 0.62 0.77 -0.20 0.95 0.29
0.22 0.62 0.79 0.38 0.79 0.41
0.22 0.62 0.78 -0.06 0.83 0.82
0.21 0.61 0.77 -0.11 1.15 0.22
0.26 0.62 0.77 0.23 0.50 0.59
0.26 0.62 0.78 0.50 0.64 0.52