0.04 -0.18 1.17 53.41 132.06 -1.77
-0.30 -0.09 1.34 -35.20 68.59 27.38
0.08 0.20 0.88 -36.64 -9.22 -0.73
-0.35 0.11 0.80 -58.41 76.26 -17.84
-0.54 -0.11 0.93 -13.13 -8.58 10.79
-0.14 -0.41 0.80 107.17 -101.60 -63.00
0.19 0.05 1.33 -23.98 -154.84 -83.36
0.16 0.43 0.80 -22.11 -13.76 2.29
0.66 0.02 0.83 -51.61 -17.39 8.47
0.64 -0.12 0.64 34.97 95.04 -71.70
0.06 -0.03 1.46 82.72 81.44 7.21
-0.38 0.08 1.71 -49.51 76.96 33.07
0.12 0.19 0.82 -44.31 0.06 32.95
-0.08 -0.00 0.48 -85.68 80.28 -24.89
-0.65 -0.16 0.80 -21.53 81.99 8.98
-0.35 -0.31 0.52 73.82 -87.22 -30.38
-0.14 0.03 1.00 43.53 -250.00 -74.25
0.30 0.43 0.90 -4.63 -57.34 -31.88
0.57 0.15 0.66 -50.14 -28.75 37.80
0.85 -0.11 0.57 -4.91 54.49 -75.45
0.10 -0.17 1.34 103.29 157.71 -17.36
-0.28 -0.03 1.53 -37.61 83.44 62.64
0.13 0.14 0.85 -30.56 6.33 37.00
-0.10 -0.00 0.48 -80.87 60.91 -21.72
-0.44 -0.21 0.85 4.63 56.14 -4.88
-0.22 -0.39 1.09 142.16 -80.35 -34.30
0.19 -0.02 1.89 -10.57 -126.18 -87.91
0.10 0.38 0.63 -28.41 -41.92 -32.36
0.85 -0.06 0.62 9.61 45.97 -57.98
0.23 -0.17 1.27 96.08 175.78 -7.55
-0.48 0.09 1.64 -64.06 123.92 38.28
0.04 0.12 0.83 -54.23 22.03 38.01
-0.22 -0.03 0.58 -79.82 82.86 -52.71
-0.49 -0.26 0.80 7.33 30.35 -21.04
-0.25 -0.60 0.97 149.94 -100.83 -44.27
0.07 0.19 1.39 -19.18 -154.95 -40.14
0.19 0.56 0.60 15.79 -90.10 -12.81
0.74 0.16 0.54 -58.43 -19.39 27.16
0.71 -0.18 0.59 52.06 139.60 -54.20
-0.21 -0.17 1.13 -2.53 187.23 27.80
-0.21 0.26 0.97 -55.06 21.42 77.32
0.01 -0.09 0.50 -66.95 47.74 -20.41
-0.46 -0.18 0.98 -38.18 54.94 -39.73
-0.32 -0.36 0.74 97.82 -44.73 -6.02
-0.10 -0.10 1.36 -12.08 -87.39 -37.57
0.06 0.40 1.08 12.88 -102.49 -29.67
0.06 0.39 0.74 -50.75 -25.75 16.62
0.48 0.02 0.66 -57.20 -37.10 0.77
0.73 -0.21 0.58 83.47 39.38 -64.05
-0.14 -0.11 1.15 12.65 171.70 8.81
-0.20 0.21 1.28 -18.00 -25.83 50.65
0.07 0.00 0.82 -37.59 2.50 -0.08
-0.07 -0.07 0.46 -57.70 72.55 -40.18
-0.38 -0.19 0.83 21.37 18.39 -52.81
-0.44 -0.40 1.66 157.01 -158.50 -54.08
0.13 0.27 1.09 -54.50 -34.36 -26.82
0.49 0.08 0.85 -47.81 -65.33 -19.62
0.78 -0.06 0.45 -57.33 27.24 -69.68
0.35 -0.16 0.75 10.06 124.25 -37.25
0.13 -0.27 1.25 73.03 5.32 -2.91
0.01 -0.04 1.06 -33.36 91.26 0.03
-0.26 -0.04 1.31 12.08 53.01 -33.24
-0.44 -0.09 0.84 -38.52 47.41 7.95
-0.26 -0.19 1.01 -31.62 -27.28 -1.37
-0.28 -0.07 0.78 7.58 -79.87 -38.08
-0.10 -0.19 1.08 43.41 -90.22 -58.24
0.16 0.09 1.00 -19.64 -118.71 13.05
0.42 -0.09 1.29 14.98 -16.17 49.05
0.50 -0.05 0.73 -2.89 -51.92 22.95
-0.46 -0.18 0.98 -38.18 54.94 -39.73
-0.32 -0.36 0.74 97.82 -44.73 -6.02
-0.10 -0.10 1.36 -12.08 -87.39 -37.57
0.06 0.40 1.08 12.88 -102.49 -29.67
0.06 0.39 0.74 -50.75 -25.75 16.62
0.48 0.02 0.66 -57.20 -37.10 0.77
0.73 -0.21 0.58 83.47 39.38 -64.05
-0.14 -0.11 1.15 12.65 171.70 8.81
-0.20 0.21 1.28 -18.00 -25.83 50.65
0.07 0.00 0.82 -37.59 2.50 -0.08
-0.07 -0.07 0.46 -57.70 72.55 -40.18
-0.38 -0.19 0.83 21.37 18.39 -52.81
-0.44 -0.40 1.66 157.01 -158.50 -54.08
0.39 -0.06 0.81 39.60 89.10 45.09
0.37 -0.03 0.81 41.89 71.08 56.82
-0.05 -0.05 1.03 -8.96 100.94 58.63
-0.09 -0.09 1.29 -15.43 22.71 16.49
-0.19 -0.11 1.07 -13.37 40.18 23.83
-0.16 -0.16 0.88 -9.84 44.70 32.97
-0.22 -0.16 0.94 3.52 25.14 4.07
-0.33 -0.10 0.76 17.37 -19.84 -3.19
-0.22 0.07 0.95 -3.94 -78.86 -34.17
0.26 -0.17 1.16 17.70 -90.63 -27.30
0.25 0.02 0.86 24.44 -3.65 -19.39
0.11 -0.02 0.89 5.70 18.71 13.05
0.42 -0.09 1.29 14.98 -16.17 49.05
0.50 -0.05 0.73 -2.89 -51.92 22.95
-0.46 -0.18 0.98 -38.18 54.94 -39.73
-0.32 -0.36 0.74 97.82 -44.73 -6.02
-0.10 -0.10 1.36 -12.08 -87.39 -37.57
0.06 0.40 1.08 12.88 -102.49 -29.67
0.06 0.39 0.74 -50.75 -25.75 16.62
0.48 0.02 0.66 -57.20 -37.10 0.77
0.73 -0.21 0.58 83.47 39.38 -64.05
-0.14 -0.11 1.15 12.65 171.70 8.81
-0.20 0.21 1.28 -18.00 -25.83 50.65
0.07 0.00 0.82 -37.59 2.50 -0.08
-0.07 -0.07 0.46 -57.70 72.55 -40.18
-0.38 -0.19 0.83 21.37 18.39 -52.81
-0.44 -0.40 1.66 157.01 -158.50 -54.08
0.08 -0.03 1.00 3.32 -7.23 -17.10
0.16 -0.06 0.99 5.75 -13.14 -12.26
0.17 -0.01 0.99 0.56 -5.21 -11.51
0.14 -0.00 0.97 -0.98 -1.30 -5.16
0.13 -0.01 0.96 -1.44 -3.88 -2.56
0.13 -0.01 0.96 -0.12 -3.17 -2.95
0.14 0.00 0.97 -1.38 -6.76 0.18
0.13 0.01 0.99 -2.48 1.87 -0.55
0.13 -0.00 0.97 0.24 -1.05 0.95
0.12 0.00 0.97 -1.00 1.85 0.22
0.12 -0.01 0.99 2.11 0.54 -2.15
0.13 0.01 0.98 0.28 -2.98 -1.26
0.50 -0.05 0.73 -2.89 -51.92 22.95
-0.46 -0.18 0.98 -38.18 54.94 -39.73
-0.32 -0.36 0.74 97.82 -44.73 -6.02
-0.10 -0.10 1.36 -12.08 -87.39 -37.57
0.06 0.40 1.08 12.88 -102.49 -29.67
0.06 0.39 0.74 -50.75 -25.75 16.62
0.48 0.02 0.66 -57.20 -37.10 0.77
0.73 -0.21 0.58 83.47 39.38 -64.05
-0.14 -0.11 1.15 12.65 171.70 8.81
-0.20 0.21 1.28 -18.00 -25.83 50.65
0.07 0.00 0.82 -37.59 2.50 -0.08
-0.07 -0.07 0.46 -57.70 72.55 -40.18
-0.38 -0.19 0.83 21.37 18.39 -52.81
-0.44 -0.40 1.66 157.01 -158.50 -54.08
0.13 0.01 0.98 0.78 0.66 1.48
0.13 0.01 0.98 -0.75 0.56 0.53
0.11 -0.00 0.98 -0.16 -1.38 1.41
0.13 0.01 0.96 -1.06 -1.54 0.67
0.14 0.02 0.97 -0.89 1.48 0.25
0.14 0.01 0.97 -0.48 2.94 -0.47
0.13 0.01 0.99 -1.53 2.68 0.89
0.14 0.00 0.98 -1.40 0.43 0.62
0.13 0.00 0.99 -1.35 1.53 0.90
0.12 0.01 0.97 -0.48 1.32 1.28
0.14 0.00 0.97 -0.76 3.92 1.41
0.11 0.01 0.98 -1.14 6.15 3.52
0.12 -0.00 0.97 -0.47 5.46 2.22
0.50 -0.05 0.73 -2.89 -51.92 22.95
-0.46 -0.18 0.98 -38.18 54.94 -39.73
-0.32 -0.36 0.74 97.82 -44.73 -6.02
-0.10 -0.10 1.36 -12.08 -87.39 -37.57
0.06 0.40 1.08 12.88 -102.49 -29.67
0.06 0.39 0.74 -50.75 -25.75 16.62
0.48 0.02 0.66 -57.20 -37.10 0.77
0.73 -0.21 0.58 83.47 39.38 -64.05
-0.14 -0.11 1.15 12.65 171.70 8.81
-0.20 0.21 1.28 -18.00 -25.83 50.65
0.07 0.00 0.82 -37.59 2.50 -0.08
-0.07 -0.07 0.46 -57.70 72.55 -40.18
-0.38 -0.19 0.83 21.37 18.39 -52.81
-0.44 -0.40 1.66 157.01 -158.50 -54.08
0.12 -0.00 0.97 -0.58 4.78 2.07
0.10 -0.01 0.98 -0.31 5.12 3.14
0.13 0.00 0.97 -0.63 5.20 -0.71
0.11 -0.01 0.98 -0.42 8.20 0.24
0.11 -0.01 0.98 1.88 9.57 -0.55
0.10 -0.01 0.99 -0.46 7.16 -1.00
0.10 -0.01 0.98 -0.95 10.64 -2.58
0.08 -0.01 0.98 -0.59 8.18 -3.83
0.08 -0.01 0.98 -1.95 3.70 -1.95
0.07 -0.00 0.98 -0.03 2.24 -2.27
0.08 -0.01 0.99 0.11 3.20 -0.65
0.09 -0.01 0.98 -0.31 4.21 0.53
0.06 -0.01 0.97 -1.40 14.98 -16.17
0.50 -0.05 0.73 -2.89 -51.92 22.95
-0.46 -0.18 0.98 -38.18 54.94 -39.73
-0.32 -0.36 0.74 97.82 -44.73 -6.02
-0.10 -0.10 1.36 -12.08 -87.39 -37.57
0.06 0.40 1.08 12.88 -102.49 -29.67
0.06 0.39 0.74 -50.75 -25.75 16.62
0.48 0.02 0.66 -57.20 -37.10 0.77
0.73 -0.21 0.58 83.47 39.38 -64.05
-0.14 -0.11 1.15 12.65 171.70 8.81
-0.20 0.21 1.28 -18.00 -25.83 50.65
0.07 0.00 0.82 -37.59 2.50 -0.08
-0.07 -0.07 0.46 -57.70 72.55 -40.18
-0.38 -0.19 0.83 21.37 18.39 -52.81
-0.44 -0.40 1.66 157.01 -158.50 -54.08
0.07 -0.00 0.97 -0.02 2.37 1.53
0.07 -0.00 0.97 -0.31 0.73 0.17
0.08 -0.01 0.98 0.33 2.82 1.30
0.07 -0.00 0.97 -0.57 2.56 1.30
0.08 -0.02 0.98 -0.37 2.97 1.81
0.07 0.01 0.97 -0.47 1.59 1.83
0.08 -0.01 0.97 -0.43 -0.11 0.35
0.08 -0.01 0.99 0.02 3.14 0.92
0.07 -0.01 0.97 -0.68 3.46 -0.57
0.06 -0.01 0.99 -0.14 0.34 -2.11
0.07 -0.02 0.98 0.18 1.41 -1.88
0.07 -0.00 0.97 0.14 2.90 -3.77
0.50 -0.05 0.73 -2.89 -51.92 22.95
-0.46 -0.18 0.98 -38.18 54.94 -39.73
-0.32 -0.36 0.74 97.82 -44.73 -6.02
-0.10 -0.10 1.36 -12.08 -87.39 -37.57
0.06 0.40 1.08 12.88 -102.49 -29.67
0.06 0.39 0.74 -50.75 -25.75 16.62
0.48 0.02 0.66 -57.20 -37.10 0.77
0.73 -0.21 0.58 83.47 39.38 -64.05
-0.14 -0.11 1.15 12.65 171.70 8.81
-0.20 0.21 1.28 -18.00 -25.83 50.65
0.07 0.00 0.82 -37.59 2.50 -0.08
-0.07 -0.07 0.46 -57.70 72.55 -40.18
-0.38 -0.19 0.83 21.37 18.39 -52.81
-0.44 -0.40 1.66 157.01 -158.50 -54.08
0.07 -0.02 0.98 -0.24 5.39 -3.10
0.06 -0.02 0.98 1.67 5.77 -5.21
0.04 -0.00 0.98 0.68 2.71 -4.04
0.05 -0.02 0.99 0.96 2.73 -4.70
0.07 -0.00 0.97 -0.77 -1.60 -4.12
0.06 -0.00 0.97 -0.21 3.59 -1.63
0.05 -0.00 0.97 0.21 -0.01 -1.85
0.07 -0.01 0.98 0.98 2.33 -2.14
0.05 -0.00 0.98 0.63 5.72 0.00
0.04 -0.00 0.99 -0.67 3.20 1.22
0.06 -0.01 0.98 0.18 3.78 1.75
0.05 -0.01 0.97 -0.93 2.31 3.15
0.50 -0.05 0.73 -2.89 -51.92 22.95
-0.46 -0.18 0.98 -38.18 54.94 -39.73
-0.32 -0.36 0.74 97.82 -44.73 -6.02
-0.10 -0.10 1.36 -12.08 -87.39 -37.57
0.06 0.40 1.08 12.88 -102.49 -29.67
0.06 0.39 0.74 -50.75 -25.75 16.62
0.48 0.02 0.66 -57.20 -37.10 0.77
0.73 -0.21 0.58 83.47 39.38 -64.05
-0.14 -0.11 1.15 12.65 171.70 8.81
-0.20 0.21 1.28 -18.00 -25.83 50.65
0.07 0.00 0.82 -37.59 2.50 -0.08
-0.07 -0.07 0.46 -57.70 72.55 -40.18
-0.38 -0.19 0.83 21.37 18.39 -52.81
-0.44 -0.40 1.66 157.01 -158.50 -54.08
0.04 -0.00 0.97 0.01 1.53 2.64
0.05 -0.01 0.97 0.18 5.22 2.52
0.04 -0.01 0.98 0.73 5.39 1.59
0.04 -0.02 0.98 -0.21 5.20 1.35
0.03 -0.02 0.99 0.79 2.92 1.19
0.05 -0.01 0.98 -0.14 2.28 1.33
0.03 -0.01 0.98 -0.17 5.13 -0.63
0.03 -0.02 0.98 0.72 3.14 -0.61
0.04 -0.01 0.98 0.59 2.11 -0.87
0.03 -0.01 0.97 0.00 0.65 -1.62
0.04 -0.02 0.98 0.04 2.92 -1.61
0.03 -0.01 0.97 -0.18 3.53 -1.77
0.03 -0.01 0.97 1.02 3.43 -2.39
0.50 -0.05 0.73 -2.89 -51.92 22.95
-0.46 -0.18 0.98 -38.18 54.94 -39.73
-0.32 -0.36 0.74 97.82 -44.73 -6.02
-0.10 -0.10 1.36 -12.08 -87.39 -37.57
0.06 0.40 1.08 12.88 -102.49 -29.67
0.06 0.39 0.74 -50.75 -25.75 16.62
0.48 0.02 0.66 -57.20 -37.10 0.77
0.73 -0.21 0.58 83.47 39.38 -64.05
-0.14 -0.11 1.15 12.65 171.70 8.81
-0.20 0.21 1.28 -18.00 -25.83 50.65
0.07 0.00 0.82 -37.59 2.50 -0.08
-0.07 -0.07 0.46 -57.70 72.55 -40.18
-0.38 -0.19 0.83 21.37 18.39 -52.81
-0.44 -0.40 1.66 157.01 -158.50 -54.08
0.03 -0.01 0.99 -0.39 0.71 -2.08
0.02 -0.00 0.97 -0.76 1.55 -1.00
0.03 -0.01 0.97 0.25 2.94 -0.79
0.02 -0.01 0.98 0.34 2.96 -0.16
0.03 -0.01 0.98 -0.14 1.92 -0.63
0.04 -0.01 0.98 -0.18 1.67 0.37
0.02 -0.00 0.97 0.41 3.79 1.62
0.03 -0.01 0.97 0.50 2.59 0.50
0.02 -0.02 0.98 -0.18 1.77 1.09
0.03 -0.02 0.98 0.49 2.58 1.40
0.02 -0.01 0.98 -0.28 4.32 1.03
0.02 -0.02 0.98 -0.11 2.88 1.09
0.50 -0.05 0.73 -2.89 -51.92 22.95
-0.46 -0.18 0.98 -38.18 54.94 -39.73
-0.32 -0.36 0.74 97.82 -44.73 -6.02
-0.10 -0.10 1.36 -12.08 -87.39 -37.57
0.06 0.40 1.08 12.88 -102.49 -29.67
0.06 0.39 0.74 -50.75 -25.75 16.62
0.48 0.02 0.66 -57.20 -37.10 0.77
0.73 -0.21 0.58 83.47 39.38 -64.05
-0.14 -0.11 1.15 12.65 171.70 8.81
-0.20 0.21 1.28 -18.00 -25.83 50.65
0.07 0.00 0.82 -37.59 2.50 -0.08
-0.07 -0.07 0.46 -57.70 72.55 -40.18
-0.38 -0.19 0.83 21.37 18.39 -52.81
-0.44 -0.40 1.66 157.01 -158.50 -54.08
0.02 -0.02 0.98 -0.21 1.48 0.60
0.01 -0.01 0.99 -0.02 1.70 0.69
0.01 -0.02 0.97 -0.01 3.09 0.79
0.01 -0.01 0.98 0.43 1.44 0.93
0.02 -0.01 0.98 -0.23 2.13 0.60
0.01 -0.01 0.98 -0.28 2.53 0.39
0.00 -0.01 0.97 -0.69 1.89 0.72
0.01 -0.01 0.98 -0.16 1.04 0.47
0.01 -0.01 0.99 0.46 1.87 0.42
0.01 -0.02 0.96 -0.60 1.56 1.22
0.02 -0.01 0.97 -0.48 2.81 0.42
0.00 -0.02 0.97 -0.20 2.74 0.17
0.50 -0.05 0.73 -2.89 -51.92 22.95
-0.46 -0.18 0.98 -38.18 54.94 -39.73
-0.32 -0.36 0.74 97.82 -44.73 -6.02
-0.10 -0.10 1.36 -12.08 -87.39 -37.57
0.06 0.40 1.08 12.88 -102.49 -29.67
0.06 0.39 0.74 -50.75 -25.75 16.62
0.48 0.02 0.66 -57.20 -37.10 0.77
0.73 -0.21 0.58 83.47 39.38 -64.05
-0.14 -0.11 1.15 12.65 171.70 8.81
-0.20 0.21 1.28 -18.00 -25.83 50.65
0.07 0.00 0.82 -37.59 2.50 -0.08
-0.07 -0.07 0.46 -57.70 72.55 -40.18
-0.38 -0.19 0.83 21.37 18.39 -52.81
-0.44 -0.40 1.66 157.01 -158.50 -54.08
0.01 -0.02 0.97 -0.05 0.93 0.26
0.01 -0.01 0.99 0.03 2.26 -0.65
0.01 -0.01 0.98 0.11 2.32 -1.05
0.00 -0.02 0.97 -0.17 3.50 -1.00
-0.00 -0.01 0.96 -0.08 2.46 -1.50
-0.00 -0.02 0.98 0.40 2.27 -0.76
0.01 -0.01 0.98 0.67 2.20 -0.60
-0.00 -0.02 0.97 0.05 2.05 0.09
0.00 -0.02 0.97 0.09 1.54 0.15
0.01 -0.02 0.98 -0.24 1.93 0.62
-0.01 -0.01 0.98 0.67 1.56 1.02
0.00 -0.02 0.98 0.03 0.85 0.67
0.50 -0.05 0.73 -2.89 -51.92 22.95
-0.46 -0.18 0.98 -38.18 54.94 -39.73
-0.32 -0.36 0.74 97.82 -44.73 -6.02
-0.10 -0.10 1.36 -12.08 -87.39 -37.57
0.06 0.40 1.08 12.88 -102.49 -29.67
0.06 0.39 0.74 -50.75 -25.75 16.62
0.48 0.02 0.66 -57.20 -37.10 0.77
0.73 -0.21 0.58 83.47 39.38 -64.05
-0.14 -0.11 1.15 12.65 171.70 8.81
-0.20 0.21 1.28 -18.00 -25.83 50.65
0.07 0.00 0.82 -37.59 2.50 -0.08
-0.07 -0.07 0.46 -57.70 72.55 -40.18
-0.38 -0.19 0.83 21.37 18.39 -52.81
-0.44 -0.40 1.66 157.01 -158.50 -54.08
0.00 -0.02 0.98 0.08 2.00 1.58
-0.00 -0.02 0.98 -0.54 0.47 1.14
0.00 -0.02 0.97 -0.39 2.82 0.90
-0.01 -0.02 0.98 -0.36 1.08 1.16
-0.00 -0.02 0.98 0.42 1.01 1.26
0.00 -0.02 0.97 -0.50 0.92 1.77
-0.01 -0.02 0.97 0.16 2.72 1.01
-0.01 -0.03 0.98 0.06 0.39 1.01
-0.00 -0.02 0.98 0.14 -0.51 1.18
-0.00 -0.02 0.97 0.06 -1.25 0.98
0.00 -0.02 0.97 -0.21 0.27 1.02
-0.00 -0.01 0.98 0.18 1.17 0.25
0.50 -0.05 0.73 -2.89 -51.92 22.95
-0.46 -0.18 0.98 -38.18 54.94 -39.73
-0.32 -0.36 0.74 97.82 -44.73 -6.02
-0.10 -0.10 1.36 -12.08 -87.39 -37.57
0.06 0.40 1.08 12.88 -102.49 -29.67
0.06 0.39 0.74 -50.75 -25.75 16.62
0.48 0.02 0.66 -57.20 -37.10 0.77
0.73 -0.21 0.58 83.47 39.38 -64.05
-0.14 -0.11 1.15 12.65 171.70 8.81
-0.20 0.21 1.28 -18.00 -25.83 50.65
0.07 0.00 0.82 -37.59 2.50 -0.08
-0.07 -0.07 0.46 -57.70 72.55 -40.18
-0.38 -0.19 0.83 21.37 18.39 -52.81
-0.44 -0.40 1.66 157.01 -158.50 -54.08
0.00 -0.02 0.97 -0.57 -1.11 0.11
0.00 -0.02 0.97 0.21 -1.15 -0.62
0.00 -0.02 0.98 -0.94 2.46 0.57
-0.01 -0.02 0.99 -0.27 0.43 -0.13
0.02 -0.02 0.97 -1.12 1.58 0.57
-0.00 -0.01 0.97 -0.32 2.53 0.53
-0.00 -0.03 0.97 0.31 2.81 1.72
-0.01 -0.02 0.97 0.54 0.82 1.29
0.00 -0.02 0.97 0.76 1.55 1.30
-0.00 -0.02 0.98 0.81 2.23 1.64
-0.00 -0.02 0.98 0.50 1.04 1.75
-0.00 -0.03 0.97 0.07 0.52 1.27
0.50 -0.05 0.73 -2.89 -51.92 22.95
-0.46 -0.18 0.98 -38.18 54.94 -39.73
-0.32 -0.36 0.74 97.82 -44.73 -6.02
-0.10 -0.10 1.36 -12.08 -87.39 -37.57
0.06 0.40 1.08 12.88 -102.49 -29.67
0.06 0.39 0.74 -50.75 -25.75 16.62
0.48 0.02 0.66 -57.20 -37.10 0.77
0.73 -0.21 0.58 83.47 39.38 -64.05
-0.14 -0.11 1.15 12.65 171.70 8.81
-0.20 0.21 1.28 -18.00 -25.83 50.65
0.07 0.00 0.82 -37.59 2.50 -0.08
-0.07 -0.07 0.46 -57.70 72.55 -40.18
-0.38 -0.19 0.83 21.37 18.39 -52.81
-0.44 -0.40 1.66 157.01 -158.50 -54.08
-0.01 -0.01 0.98 -0.05 1.56 0.88
0.01 -0.02 0.98 -0.32 3.91 -0.60
0.00 -0.00 0.96 -1.50 4.74 -4.19
-0.03 -0.04 0.97 3.29 2.96 -3.64
-0.03 -0.02 0.98 2.84 -2.20 -3.24
0.02 -0.02 0.97 0.34 3.36 0.36
-0.02 -0.02 0.99 -1.73 7.32 1.63
-0.03 -0.02 0.99 -1.14 0.05 -1.65
0.00 -0.02 0.95 1.08 -0.59 -0.14
-0.00 -0.02 0.96 2.21 2.17 -0.25
-0.01 -0.02 0.99 1.07 4.36 2.11
0.50 -0.05 0.73 -2.89 -51.92 22.95
-0.46 -0.18 0.98 -38.18 54.94 -39.73
-0.32 -0.36 0.74 97.82 -44.73 -6.02
-0.10 -0.10 1.36 -12.08 -87.39 -37.57
0.06 0.40 1.08 12.88 -102.49 -29.67
0.06 0.39 0.74 -50.75 -25.75 16.62
0.48 0.02 0.66 -57.20 -37.10 0.77
0.73 -0.21 0.58 83.47 39.38 -64.05
-0.14 -0.11 1.15 12.65 171.70 8.81
-0.20 0.21 1.28 -18.00 -25.83 50.65
0.07 0.00 0.82 -37.59 2.50 -0.08
-0.07 -0.07 0.46 -57.70 72.55 -40.18
-0.38 -0.19 0.83 21.37 18.39 -52.81
-0.44 -0.40 1.66 157.01 -158.50 -54.08
-0.01 -0.02 0.98 -0.01 2.11 -0.63
-0.02 -0.02 0.96 1.91 -1.24 -0.30
-0.00 -0.02 0.97 2.37 -0.03 0.83
-0.00 -0.02 0.96 -0.12 3.66 2.39
-0.02 -0.04 0.99 -0.27 0.24 1.65
-0.01 -0.01 0.97 -2.31 -3.88 1.77
-0.00 -0.02 0.99 1.88 -3.60 1.59
0.01 -0.02 0.98 -0.76 0.63 3.01
-0.02 -0.01 0.98 -1.00 -1.29 2.46
0.02 -0.04 0.96 0.14 -1.95 -1.42
-0.00 -0.02 0.99 0.60 0.31 -0.43
0.02 -0.03 0.97 -1.30 -2.31 -2.08
0.01 -0.01 0.98 -2.12 -2.81 -5.34
0.50 -0.05 0.73 -2.89 -51.92 22.95
-0.46 -0.18 0.98 -38.18 54.94 -39.73
-0.32 -0.36 0.74 97.82 -44.73 -6.02
-0.10 -0.10 1.36 -12.08 -87.39 -37.57
0.06 0.40 1.08 12.88 -102.49 -29.67
0.06 0.39 0.74 -50.75 -25.75 16.62
0.48 0.02 0.66 -57.20 -37.10 0.77
0.73 -0.21 0.58 83.47 39.38 -64.05
-0.14 -0.11 1.15 12.65 171.70 8.81
-0.20 0.21 1.28 -18.00 -25.83 50.65
0.07 0.00 0.82 -37.59 2.50 -0.08
-0.07 -0.07 0.46 -57.70 72.55 -40.18
-0.38 -0.19 0.83 21.37 18.39 -52.81
-0.44 -0.40 1.66 157.01 -158.50 -54.08
0.01 -0.02 0.96 -3.16 -0.60 -3.79
-0.04 -0.01 1.01 -4.62 1.21 0.53
0.00 -0.03 1.01 -0.42 -1.75 1.98
-0.05 -0.02 0.98 -4.26 -3.72 11.13
-0.06 -0.02 1.00 0.20 -15.53 23.60
0.00 -0.00 0.92 0.72 -22.59 19.22
-0.03 0.00 1.01 5.02 -19.45 29.38
0.01 -0.01 1.01 0.78 -30.27 33.93
-0.06 0.04 0.95 -0.59 -24.29 39.46
0.10 0.04 0.92 -7.74 -43.06 32.56
0.02 0.03 0.98 7.13 -31.11 23.77
0.20 -0.05 0.90 15.79 -53.00 23.64
0.50 -0.05 0.73 -2.89 -51.92 22.95
-0.46 -0.18 0.98 -38.18 54.94 -39.73
-0.32 -0.36 0.74 97.82 -44.73 -6.02
-0.10 -0.10 1.36 -12.08 -87.39 -37.57
0.06 0.40 1.08 12.88 -102.49 -29.67
0.06 0.39 0.74 -50.75 -25.75 16.62
0.48 0.02 0.66 -57.20 -37.10 0.77
0.73 -0.21 0.58 83.47 39.38 -64.05
-0.14 -0.11 1.15 12.65 171.70 8.81
-0.20 0.21 1.28 -18.00 -25.83 50.65
0.07 0.00 0.82 -37.59 2.50 -0.08
-0.07 -0.07 0.46 -57.70 72.55 -40.18
-0.38 -0.19 0.83 21.37 18.39 -52.81
-0.44 -0.40 1.66 157.01 -158.50 -54.08
0.23 0.08 0.98 27.37 -25.79 8.86
0.35 0.15 0.96 6.16 -37.39 -2.82
0.46 0.13 0.86 10.85 1.44 -18.31
0.37 0.07 0.77 27.09 43.57 -19.63
0.40 -0.04 0.80 44.85 1.44 -15.67
0.20 0.10 1.09 -6.29 -0.43 -60.81
0.25 0.17 1.11 -7.10 -46.32 -67.31
0.46 0.23 1.03 -40.70 -47.12 -75.10
0.35 0.11 1.18 -45.90 40.44 -42.68
0.21 -0.04 0.86 -41.77 96.66 -54.75
-0.12 0.01 0.67 -27.86 101.04 -73.07
0.50 -0.05 0.73 -2.89 -51.92 22.95
-0.46 -0.18 0.98 -38.18 54.94 -39.73
-0.32 -0.36 0.74 97.82 -44.73 -6.02
-0.10 -0.10 1.36 -12.08 -87.39 -37.57
0.06 0.40 1.08 12.88 -102.49 -29.67
0.06 0.39 0.74 -50.75 -25.75 16.62
0.48 0.02 0.66 -57.20 -37.10 0.77
0.73 -0.21 0.58 83.47 39.38 -64.05
-0.14 -0.11 1.15 12.65 171.70 8.81
-0.20 0.21 1.28 -18.00 -25.83 50.65
0.07 0.00 0.82 -37.59 2.50 -0.08
-0.07 -0.07 0.46 -57.70 72.55 -40.18
-0.38 -0.19 0.83 21.37 18.39 -52.81
-0.44 -0.40 1.66 157.01 -158.50 -54.08
-0.35 -0.09 1.24 89.52 -133.13 -108.02
0.52 0.24 0.85 61.45 -183.66 -150.54
0.56 0.39 0.84 7.20 -41.34 -103.70
0.56 0.29 0.78 -39.50 0.15 -94.41
0.38 0.27 0.94 -58.58 16.33 -67.42
0.51 0.07 0.86 -40.11 0.15 -96.70
0.40 0.04 0.91 -52.91 35.98 -86.65
0.38 0.06 0.82 -48.15 48.41 -95.34
0.53 0.04 0.85 -42.10 14.87 -102.91
0.34 -0.14 1.02 -53.39 20.11 -124.22
0.39 -0.05 1.05 -35.88 -31.69 -101.33
0.50 -0.05 0.73 -2.89 -51.92 22.95
-0.46 -0.18 0.98 -38.18 54.94 -39.73
-0.32 -0.36 0.74 97.82 -44.73 -6.02
-0.10 -0.10 1.36 -12.08 -87.39 -37.57
0.06 0.40 1.08 12.88 -102.49 -29.67
0.06 0.39 0.74 -50.75 -25.75 16.62
0.48 0.02 0.66 -57.20 -37.10 0.77
0.73 -0.21 0.58 83.47 39.38 -64.05
-0.14 -0.11 1.15 12.65 171.70 8.81
-0.20 0.21 1.28 -18.00 -25.83 50.65
0.07 0.00 0.82 -37.59 2.50 -0.08
-0.07 -0.07 0.46 -57.70 72.55 -40.18
-0.38 -0.19 0.83 21.37 18.39 -52.81
-0.44 -0.40 1.66 157.01 -158.50 -54.08
0.53 0.08 0.88 -62.61 104.55 -84.02
0.00 -0.11 0.66 -30.14 222.07 -74.23
-0.69 -0.01 0.94 31.78 105.06 -78.41
-0.60 0.04 0.96 94.35 -133.42 -134.74
0.07 0.06 1.54 63.10 -250.00 -219.10
0.80 0.45 1.27 54.34 -109.35 -194.47
0.68 0.51 0.81 -29.79 -22.87 -116.55
0.31 0.29 1.00 -75.03 -13.15 -89.74
0.70 0.03 0.80 -54.58 -25.30 -113.53
0.80 -0.02 0.70 -73.51 64.04 -88.90
0.73 -0.08 0.78 -24.24 84.53 23.64
0.50 -0.05 0.73 -2.89 -51.92 22.95
-0.46 -0.18 0.98 -38.18 54.94 -39.73
-0.32 -0.36 0.74 97.82 -44.73 -6.02
-0.10 -0.10 1.36 -12.08 -87.39 -37.57
0.06 0.40 1.08 12.88 -102.49 -29.67
0.06 0.39 0.74 -50.75 -25.75 16.62
0.48 0.02 0.66 -57.20 -37.10 0.77
0.73 -0.21 0.58 83.47 39.38 -64.05
-0.14 -0.11 1.15 12.65 171.70 8.81
-0.20 0.21 1.28 -18.00 -25.83 50.65
0.07 0.00 0.82 -37.59 2.50 -0.08
-0.07 -0.07 0.46 -57.70 72.55 -40.18
-0.38 -0.19 0.83 21.37 18.39 -52.81
-0.44 -0.40 1.66 157.01 -158.50 -54.08
0.26 -0.10 0.95 -31.62 86.35 -40.85
0.12 0.06 1.02 -32.74 34.84 -2.87
0.30 0.07 0.84 -53.18 71.56 -49.33
-0.17 -0.05 0.84 -24.91 107.64 -58.87
-0.46 -0.18 0.92 11.44 29.62 -43.37
-0.30 -0.04 0.81 85.06 -102.49 -47.83
0.47 0.09 0.96 48.28 -199.47 -108.70
0.56 0.45 0.95 -6.03 -25.54 -42.73
0.29 0.22 1.05 -76.51 23.09 -10.41
0.53 0.02 1.15 -47.20 -8.57 -29.08
0.50 -0.05 0.73 -2.89 -51.92 22.95
-0.46 -0.18 0.98 -38.18 54.94 -39.73
-0.32 -0.36 0.74 97.82 -44.73 -6.02
-0.10 -0.10 1.36 -12.08 -87.39 -37.57
0.06 0.40 1.08 12.88 -102.49 -29.67
0.06 0.39 0.74 -50.75 -25.75 16.62
0.48 0.02 0.66 -57.20 -37.10 0.77
0.73 -0.21 0.58 83.47 39.38 -64.05
-0.14 -0.11 1.15 12.65 171.70 8.81
-0.20 0.21 1.28 -18.00 -25.83 50.65
0.07 0.00 0.82 -37.59 2.50 -0.08
-0.07 -0.07 0.46 -57.70 72.55 -40.18
-0.38 -0.19 0.83 21.37 18.39 -52.81
-0.44 -0.40 1.66 157.01 -158.50 -54.08
0.56 -0.02 0.60 -18.95 146.13 -41.68
0.25 0.08 0.94 21.72 70.65 -34.37
-0.18 -0.13 1.21 -14.80 98.55 4.53
0.06 0.04 1.06 -21.32 -54.63 -24.37
0.08 0.08 0.96 -29.79 32.09 -21.84
-0.30 -0.14 0.91 -32.16 67.22 6.43
-0.33 -0.09 0.98 -8.16 -25.99 -8.29
-0.13 -0.10 0.62 42.27 -74.50 -67.44
0.14 -0.04 1.02 23.07 -173.17 -79.81
0.41 0.16 0.88 -39.86 8.42 -0.42
0.54 -0.10 1.25 -14.33 -2.06 -3.28
0.61 -0.11 0.80 -11.20 28.24 -64.82
0.38 0.03 0.67 1.37 104.39 49.05
0.50 -0.05 0.73 -2.89 -51.92 22.95
-0.46 -0.18 0.98 -38.18 54.94 -39.73
-0.32 -0.36 0.74 97.82 -44.73 -6.02
-0.10 -0.10 1.36 -12.08 -87.39 -37.57
0.06 0.40 1.08 12.88 -102.49 -29.67
0.06 0.39 0.74 -50.75 -25.75 16.62
0.48 0.02 0.66 -57.20 -37.10 0.77
0.73 -0.21 0.58 83.47 39.38 -64.05
-0.14 -0.11 1.15 12.65 171.70 8.81
-0.20 0.21 1.28 -18.00 -25.83 50.65
0.07 0.00 0.82 -37.59 2.50 -0.08
-0.07 -0.07 0.46 -57.70 72.55 -40.18
-0.38 -0.19 0.83 21.37 18.39 -52.81
-0.44 -0.40 1.66 157.01 -158.50 -54.08
0.30 0.02 0.73 46.16 120.50 3.91
0.03 -0.18 0.98 26.35 85.76 26.53
-0.28 0.11 1.18 -34.95 -40.69 -3.62
0.05 0.07 1.03 -47.77 -11.08 -1.46
-0.34 -0.24 0.90 -26.66 74.81 34.19
-0.40 -0.20 1.03 -23.32 -26.37 30.46
-0.12 -0.05 0.75 23.07 -110.27 -36.58
-0.10 -0.04 1.18 35.66 -131.36 -101.56
0.54 0.15 0.68 -15.37 -96.50 -14.71
0.53 -0.11 1.27 -6.19 32.97 42.85
0.56 -0.07 0.79 6.51 1.04 -25.13
0.50 -0.05 0.73 -2.89 -51.92 22.95
-0.46 -0.18 0.98 -38.18 54.94 -39.73
-0.32 -0.36 0.74 97.82 -44.73 -6.02
-0.10 -0.10 1.36 -12.08 -87.39 -37.57
0.06 0.40 1.08 12.88 -102.49 -29.67
0.06 0.39 0.74 -50.75 -25.75 16.62
0.48 0.02 0.66 -57.20 -37.10 0.77
0.73 -0.21 0.58 83.47 39.38 -64.05
-0.14 -0.11 1.15 12.65 171.70 8.81
-0.20 0.21 1.28 -18.00 -25.83 50.65
0.07 0.00 0.82 -37.59 2.50 -0.08
-0.07 -0.07 0.46 -57.70 72.55 -40.18
-0.38 -0.19 0.83 21.37 18.39 -52.81
-0.44 -0.40 1.66 157.01 -158.50 -54.08
0.34 0.00 0.79 35.18 120.32 8.87
0.15 -0.01 1.00 56.18 81.38 41.79
-0.11 -0.12 1.25 -16.94 72.01 5.19
0.01 0.06 1.13 -44.78 -42.15 -19.09
-0.22 -0.16 1.04 -12.95 47.16 16.63
-0.26 -0.26 0.98 -15.15 23.64 28.39
-0.22 -0.01 0.90 -6.65 -54.59 2.75
-0.20 -0.06 0.81 28.08 -44.20 -32.08
0.06 -0.04 1.08 2.90 -138.45 -30.67
0.38 -0.14 1.06 -4.83 -25.44 12.75
0.50 -0.05 0.73 -2.89 -51.92 22.95
-0.46 -0.18 0.98 -38.18 54.94 -39.73
-0.32 -0.36 0.74 97.82 -44.73 -6.02
-0.10 -0.10 1.36 -12.08 -87.39 -37.57
0.06 0.40 1.08 12.88 -102.49 -29.67
0.06 0.39 0.74 -50.75 -25.75 16.62
0.48 0.02 0.66 -57.20 -37.10 0.77
0.73 -0.21 0.58 83.47 39.38 -64.05
-0.14 -0.11 1.15 12.65 171.70 8.81
-0.20 0.21 1.28 -18.00 -25.83 50.65
0.07 0.00 0.82 -37.59 2.50 -0.08
-0.07 -0.07 0.46 -57.70 72.55 -40.18
-0.38 -0.19 0.83 21.37 18.39 -52.81
-0.44 -0.40 1.66 157.01 -158.50 -54.08