0.60 0.70 0.53 -2.75 5.52 0.51
0.59 0.70 0.55 -1.75 9.80 2.55
0.63 0.71 0.53 9.24 9.72 11.25
0.79 0.59 0.46 0.08 -0.55 5.16
0.78 0.56 0.42 -5.21 -1.81 3.15
0.76 0.58 0.42 -10.67 -0.75 1.37
0.78 0.56 0.39 -22.42 -1.68 1.80
0.81 0.58 0.45 -20.77 5.78 0.18
0.78 0.53 0.53 -10.80 9.48 6.22
0.75 0.52 0.49 -0.67 1.23 3.85
0.75 0.53 0.50 -2.37 -0.77 -0.04
0.77 0.55 0.48 -3.92 1.63 -3.98
0.76 0.57 0.47 0.15 1.27 -0.88
0.77 0.58 0.47 1.10 -0.40 1.81
0.76 0.55 0.47 4.80 1.60 6.29
0.77 0.55 0.49 4.11 2.30 6.90
0.58 0.69 0.52 0.49 2.21 0.97
0.62 0.70 0.49 0.27 2.09 2.47
0.61 0.69 0.49 0.41 1.75 2.49
0.60 0.72 0.50 -0.12 1.01 2.83
0.60 0.68 0.51 -0.73 0.34 2.14
0.61 0.70 0.51 -2.78 1.66 1.13
0.61 0.68 0.52 -2.04 -0.50 0.41
0.61 0.68 0.50 -0.25 1.70 0.30
0.62 0.70 0.51 -0.76 -0.08 1.66
0.60 0.68 0.52 -1.08 1.08 1.30
0.61 0.69 0.51 -2.24 2.16 0.95
0.60 0.69 0.53 -3.76 5.25 0.88
0.61 0.68 0.53 -2.29 4.29 0.48
0.60 0.69 0.54 -2.94 3.94 -0.52
0.60 0.70 0.53 -2.75 5.52 0.51
0.59 0.70 0.55 -1.75 9.80 2.55
0.63 0.71 0.53 9.24 9.72 11.25
0.78 0.53 0.50 -1.24 -4.16 2.83
0.78 0.52 0.48 1.41 0.46 1.27
0.77 0.54 0.47 -3.72 -1.11 -3.41
0.77 0.57 0.46 -1.24 -1.92 -1.31
0.79 0.54 0.47 -5.44 0.34 0.02
0.78 0.53 0.47 -5.48 2.43 0.86
0.78 0.55 0.48 -1.48 -0.44 -4.74
0.76 0.54 0.47 0.30 -0.08 -2.30
0.78 0.55 0.49 -3.19 -3.33 -3.68
0.74 0.56 0.46 -0.23 -1.72 0.48
0.79 0.53 0.46 -2.12 1.40 -2.19
0.78 0.56 0.46 1.40 -0.25 3.32
0.58 0.69 0.52 0.49 2.21 0.97
0.62 0.70 0.49 0.27 2.09 2.47
0.61 0.69 0.49 0.41 1.75 2.49
0.60 0.72 0.50 -0.12 1.01 2.83
0.60 0.68 0.51 -0.73 0.34 2.14
0.61 0.70 0.51 -2.78 1.66 1.13
0.61 0.68 0.52 -2.04 -0.50 0.41
0.61 0.68 0.50 -0.25 1.70 0.30
0.62 0.70 0.51 -0.76 -0.08 1.66
0.60 0.68 0.52 -1.08 1.08 1.30
0.61 0.69 0.51 -2.24 2.16 0.95
0.60 0.69 0.53 -3.76 5.25 0.88
0.61 0.68 0.53 -2.29 4.29 0.48
0.60 0.69 0.54 -2.94 3.94 -0.52
0.60 0.70 0.53 -2.75 5.52 0.51
0.59 0.70 0.55 -1.75 9.80 2.55
0.63 0.71 0.53 9.24 9.72 11.25
0.79 0.52 0.44 3.81 -1.68 3.66
0.76 0.54 0.48 5.28 -0.63 2.86
0.79 0.55 0.47 -1.20 -5.43 0.46
0.78 0.51 0.48 -4.28 -5.06 -1.93
0.78 0.56 0.47 -5.84 -7.35 -7.14
0.79 0.56 0.47 -5.18 -4.47 -1.41
0.80 0.56 0.44 -5.75 0.88 -1.17
0.80 0.53 0.48 -7.90 0.84 0.60
0.77 0.53 0.44 -0.68 -1.98 -1.99
0.78 0.55 0.47 -2.15 -1.32 -1.69
0.78 0.55 0.47 0.05 0.52 0.39
0.78 0.54 0.47 -1.01 1.59 -0.10
0.58 0.69 0.52 0.49 2.21 0.97
0.62 0.70 0.49 0.27 2.09 2.47
0.61 0.69 0.49 0.41 1.75 2.49
0.60 0.72 0.50 -0.12 1.01 2.83
0.60 0.68 0.51 -0.73 0.34 2.14
0.61 0.70 0.51 -2.78 1.66 1.13
0.61 0.68 0.52 -2.04 -0.50 0.41
0.61 0.68 0.50 -0.25 1.70 0.30
0.62 0.70 0.51 -0.76 -0.08 1.66
0.60 0.68 0.52 -1.08 1.08 1.30
0.61 0.69 0.51 -2.24 2.16 0.95
0.60 0.69 0.53 -3.76 5.25 0.88
0.61 0.68 0.53 -2.29 4.29 0.48
0.60 0.69 0.54 -2.94 3.94 -0.52
0.60 0.70 0.53 -2.75 5.52 0.51
0.59 0.70 0.55 -1.75 9.80 2.55
0.63 0.71 0.53 9.24 9.72 11.25
0.78 0.55 0.45 1.22 2.82 2.30
0.78 0.54 0.46 1.23 -1.41 3.55
0.78 0.54 0.46 3.08 3.30 3.87
0.78 0.55 0.47 2.93 -0.11 3.84
0.78 0.51 0.44 -0.46 1.63 0.76
0.80 0.55 0.49 0.31 -1.46 -1.69
0.78 0.53 0.47 -2.04 -1.79 -2.40
0.79 0.57 0.46 -3.81 -1.34 -2.47
0.79 0.54 0.46 -3.27 -4.63 -1.82
0.80 0.54 0.45 -3.59 -0.79 -1.83
0.77 0.55 0.45 -0.43 3.53 -0.86
0.58 0.69 0.52 0.49 2.21 0.97
0.62 0.70 0.49 0.27 2.09 2.47
0.61 0.69 0.49 0.41 1.75 2.49
0.60 0.72 0.50 -0.12 1.01 2.83
0.60 0.68 0.51 -0.73 0.34 2.14
0.61 0.70 0.51 -2.78 1.66 1.13
0.61 0.68 0.52 -2.04 -0.50 0.41
0.61 0.68 0.50 -0.25 1.70 0.30
0.62 0.70 0.51 -0.76 -0.08 1.66
0.60 0.68 0.52 -1.08 1.08 1.30
0.61 0.69 0.51 -2.24 2.16 0.95
0.60 0.69 0.53 -3.76 5.25 0.88
0.61 0.68 0.53 -2.29 4.29 0.48
0.60 0.69 0.54 -2.94 3.94 -0.52
0.60 0.70 0.53 -2.75 5.52 0.51
0.59 0.70 0.55 -1.75 9.80 2.55
0.63 0.71 0.53 9.24 9.72 11.25
0.81 0.54 0.46 -0.06 0.69 0.72
0.79 0.55 0.45 1.62 1.94 2.11
0.79 0.52 0.48 -0.49 1.86 1.43
0.77 0.55 0.46 1.63 1.03 1.38
0.79 0.54 0.46 0.14 0.97 1.82
0.78 0.54 0.45 -0.38 3.26 1.40
0.78 0.54 0.47 1.58 2.57 3.85
0.78 0.55 0.49 1.31 1.40 2.64
0.81 0.52 0.49 2.43 -0.57 2.14
0.79 0.54 0.48 -1.37 0.43 -0.70
0.78 0.54 0.47 -2.79 -0.05 -2.30
0.78 0.54 0.46 -0.60 -0.83 0.71
0.80 0.56 0.48 -0.08 0.47 0.92
0.79 0.53 0.46 0.05 -2.95 0.40
0.58 0.69 0.52 0.49 2.21 0.97
0.62 0.70 0.49 0.27 2.09 2.47
0.61 0.69 0.49 0.41 1.75 2.49
0.60 0.72 0.50 -0.12 1.01 2.83
0.60 0.68 0.51 -0.73 0.34 2.14
0.61 0.70 0.51 -2.78 1.66 1.13
0.61 0.68 0.52 -2.04 -0.50 0.41
0.61 0.68 0.50 -0.25 1.70 0.30
0.62 0.70 0.51 -0.76 -0.08 1.66
0.60 0.68 0.52 -1.08 1.08 1.30
0.61 0.69 0.51 -2.24 2.16 0.95
0.60 0.69 0.53 -3.76 5.25 0.88
0.61 0.68 0.53 -2.29 4.29 0.48
0.60 0.69 0.54 -2.94 3.94 -0.52
0.60 0.70 0.53 -2.75 5.52 0.51
0.59 0.70 0.55 -1.75 9.80 2.55
0.63 0.71 0.53 9.24 9.72 11.25
0.78 0.55 0.46 0.29 -2.49 0.34
0.79 0.54 0.46 -1.05 0.24 -0.93
0.76 0.55 0.46 -0.36 -1.08 -0.29
0.79 0.54 0.45 -0.74 2.32 -0.86
0.79 0.56 0.48 0.89 2.40 1.35
0.79 0.55 0.48 1.83 1.78 1.77
0.78 0.56 0.48 2.08 2.47 2.33
0.78 0.53 0.46 3.04 0.05 3.36
0.79 0.55 0.47 2.24 1.81 3.58
0.79 0.54 0.45 1.56 1.21 1.55
0.80 0.54 0.47 -0.91 0.06 -1.71
0.78 0.56 0.45 -2.03 1.03 -0.65
0.78 0.53 0.46 0.30 1.35 2.33
0.58 0.69 0.52 0.49 2.21 0.97
0.62 0.70 0.49 0.27 2.09 2.47
0.61 0.69 0.49 0.41 1.75 2.49
0.60 0.72 0.50 -0.12 1.01 2.83
0.60 0.68 0.51 -0.73 0.34 2.14
0.61 0.70 0.51 -2.78 1.66 1.13
0.61 0.68 0.52 -2.04 -0.50 0.41
0.61 0.68 0.50 -0.25 1.70 0.30
0.62 0.70 0.51 -0.76 -0.08 1.66
0.60 0.68 0.52 -1.08 1.08 1.30
0.61 0.69 0.51 -2.24 2.16 0.95
0.60 0.69 0.53 -3.76 5.25 0.88
0.61 0.68 0.53 -2.29 4.29 0.48
0.60 0.69 0.54 -2.94 3.94 -0.52
0.60 0.70 0.53 -2.75 5.52 0.51
0.59 0.70 0.55 -1.75 9.80 2.55
0.63 0.71 0.53 9.24 9.72 11.25
0.77 0.53 0.47 -0.26 2.04 0.91
0.77 0.53 0.47 -0.14 1.18 -0.53
0.77 0.54 0.47 1.32 -1.12 1.02
0.78 0.54 0.46 1.33 -0.91 0.73
0.81 0.55 0.45 1.06 -2.84 -1.19
0.76 0.52 0.44 -0.79 1.05 0.37
0.81 0.57 0.47 -2.88 3.43 -2.56
0.78 0.56 0.46 1.51 0.39 2.56
0.78 0.54 0.44 0.14 4.78 1.11
0.77 0.55 0.48 1.47 4.60 3.46
0.79 0.53 0.47 1.26 3.00 3.11
0.78 0.53 0.47 2.72 1.69 1.71
0.80 0.53 0.47 2.03 1.35 2.33
0.58 0.69 0.52 0.49 2.21 0.97
0.62 0.70 0.49 0.27 2.09 2.47
0.61 0.69 0.49 0.41 1.75 2.49
0.60 0.72 0.50 -0.12 1.01 2.83
0.60 0.68 0.51 -0.73 0.34 2.14
0.61 0.70 0.51 -2.78 1.66 1.13
0.61 0.68 0.52 -2.04 -0.50 0.41
0.61 0.68 0.50 -0.25 1.70 0.30
0.62 0.70 0.51 -0.76 -0.08 1.66
0.60 0.68 0.52 -1.08 1.08 1.30
0.61 0.69 0.51 -2.24 2.16 0.95
0.60 0.69 0.53 -3.76 5.25 0.88
0.61 0.68 0.53 -2.29 4.29 0.48
0.60 0.69 0.54 -2.94 3.94 -0.52
0.60 0.70 0.53 -2.75 5.52 0.51
0.59 0.70 0.55 -1.75 9.80 2.55
0.63 0.71 0.53 9.24 9.72 11.25
0.79 0.55 0.46 1.17 0.88 -0.81
0.78 0.54 0.45 -0.31 1.01 2.17
0.79 0.55 0.46 0.14 1.48 2.04
0.79 0.53 0.46 1.46 1.65 -0.16
0.78 0.54 0.46 1.52 1.50 -1.21
0.78 0.55 0.46 1.37 1.38 -0.27
0.78 0.56 0.46 1.58 0.07 0.40
0.78 0.55 0.45 0.60 3.20 1.75
0.78 0.53 0.47 1.26 -0.92 -0.98
0.78 0.54 0.45 2.64 -0.91 0.50
0.79 0.58 0.45 1.35 -0.94 1.28
0.77 0.55 0.46 2.91 -0.31 3.49
0.58 0.69 0.52 0.49 2.21 0.97
0.62 0.70 0.49 0.27 2.09 2.47
0.61 0.69 0.49 0.41 1.75 2.49
0.60 0.72 0.50 -0.12 1.01 2.83
0.60 0.68 0.51 -0.73 0.34 2.14
0.61 0.70 0.51 -2.78 1.66 1.13
0.61 0.68 0.52 -2.04 -0.50 0.41
0.61 0.68 0.50 -0.25 1.70 0.30
0.62 0.70 0.51 -0.76 -0.08 1.66
0.60 0.68 0.52 -1.08 1.08 1.30
0.61 0.69 0.51 -2.24 2.16 0.95
0.60 0.69 0.53 -3.76 5.25 0.88
0.61 0.68 0.53 -2.29 4.29 0.48
0.60 0.69 0.54 -2.94 3.94 -0.52
0.60 0.70 0.53 -2.75 5.52 0.51
0.59 0.70 0.55 -1.75 9.80 2.55
0.63 0.71 0.53 9.24 9.72 11.25
0.78 0.55 0.46 1.61 -6.55 4.20
0.81 0.53 0.47 0.71 -5.32 1.53
0.79 0.56 0.43 0.03 -2.23 -1.53
0.80 0.54 0.44 -2.08 -0.48 -1.93
0.79 0.56 0.46 -1.83 -2.77 0.91
0.80 0.51 0.44 -2.31 -3.26 -0.89
0.78 0.54 0.44 1.03 -2.68 -3.48
0.78 0.56 0.46 5.61 -5.13 -1.02
0.80 0.55 0.49 0.47 -10.62 -4.19
0.78 0.58 0.38 -1.51 -0.99 -3.90
0.82 0.58 0.39 -0.23 -3.22 -2.13
0.80 0.54 0.43 2.01 5.87 3.75
0.76 0.55 0.44 3.36 0.30 5.39
0.58 0.69 0.52 0.49 2.21 0.97
0.62 0.70 0.49 0.27 2.09 2.47
0.61 0.69 0.49 0.41 1.75 2.49
0.60 0.72 0.50 -0.12 1.01 2.83
0.60 0.68 0.51 -0.73 0.34 2.14
0.61 0.70 0.51 -2.78 1.66 1.13
0.61 0.68 0.52 -2.04 -0.50 0.41
0.61 0.68 0.50 -0.25 1.70 0.30
0.62 0.70 0.51 -0.76 -0.08 1.66
0.60 0.68 0.52 -1.08 1.08 1.30
0.61 0.69 0.51 -2.24 2.16 0.95
0.60 0.69 0.53 -3.76 5.25 0.88
0.61 0.68 0.53 -2.29 4.29 0.48
0.60 0.69 0.54 -2.94 3.94 -0.52
0.60 0.70 0.53 -2.75 5.52 0.51
0.59 0.70 0.55 -1.75 9.80 2.55
0.63 0.71 0.53 9.24 9.72 11.25
0.81 0.55 0.43 -1.80 -9.07 3.46
0.83 0.55 0.41 -1.96 -4.47 2.46
0.81 0.54 0.43 -2.78 -2.27 0.42
0.81 0.54 0.44 -0.16 -6.94 -1.33
0.79 0.53 0.47 4.62 -6.03 -2.35
0.80 0.53 0.40 0.31 -6.01 -7.35
0.79 0.58 0.40 -3.70 -5.58 -8.69
0.82 0.62 0.37 3.14 -5.33 -2.92
0.82 0.60 0.38 12.32 -13.54 3.93
0.84 0.57 0.33 9.10 -7.39 7.24
0.84 0.57 0.35 2.72 -4.26 9.84
0.84 0.54 0.37 5.44 -2.02 5.47
0.87 0.57 0.34 3.11 -0.92 1.46
0.58 0.69 0.52 0.49 2.21 0.97
0.62 0.70 0.49 0.27 2.09 2.47
0.61 0.69 0.49 0.41 1.75 2.49
0.60 0.72 0.50 -0.12 1.01 2.83
0.60 0.68 0.51 -0.73 0.34 2.14
0.61 0.70 0.51 -2.78 1.66 1.13
0.61 0.68 0.52 -2.04 -0.50 0.41
0.61 0.68 0.50 -0.25 1.70 0.30
0.62 0.70 0.51 -0.76 -0.08 1.66
0.60 0.68 0.52 -1.08 1.08 1.30
0.61 0.69 0.51 -2.24 2.16 0.95
0.60 0.69 0.53 -3.76 5.25 0.88
0.61 0.68 0.53 -2.29 4.29 0.48
0.60 0.69 0.54 -2.94 3.94 -0.52
0.60 0.70 0.53 -2.75 5.52 0.51
0.59 0.70 0.55 -1.75 9.80 2.55
0.63 0.71 0.53 9.24 9.72 11.25
0.81 0.56 0.36 0.33 3.92 5.14