-0.20 0.45 0.85 -2.01 5.77 -3.77
-0.18 0.43 0.81 0.58 -2.28 -6.18
-0.19 0.43 0.84 1.43 -6.62 -3.70
-0.19 0.43 0.83 5.81 7.91 -3.32
-0.19 0.44 0.81 4.04 9.00 -1.01
-0.21 0.45 0.82 1.49 8.38 2.01
-0.22 0.45 0.86 -0.23 6.02 0.02
-0.20 0.44 0.84 1.28 -3.02 -3.14
-0.20 0.45 0.82 0.08 2.84 -0.92
-0.21 0.44 0.85 -2.36 5.23 -1.14
-0.22 0.43 0.84 0.16 -4.20 2.34
-0.19 0.46 0.79 1.05 7.22 1.55
-0.20 0.45 0.80 -0.34 6.17 2.62
-0.24 0.44 0.82 2.06 3.58 4.09
-0.23 0.46 0.81 -0.07 0.19 5.95
-0.17 0.45 0.82 -5.56 -4.88 3.62
-0.19 0.44 0.86 -5.74 8.90 0.31
-0.26 0.44 0.85 -4.54 6.51 2.89
-0.24 0.44 0.84 -4.59 -11.05 3.97
-0.18 0.46 0.82 -5.91 -8.91 12.88
-0.22 0.44 0.86 -5.78 10.93 22.20
-0.23 0.43 0.85 -10.14 3.63 15.14
-0.21 0.41 0.88 -8.59 -1.52 10.44
-0.15 0.40 0.85 -4.03 -1.85 4.28
-0.22 0.39 0.87 -0.02 -6.36 -5.62
-0.16 0.47 0.82 -4.09 -10.61 4.88
-0.19 0.42 0.89 1.82 3.79 5.30
-0.19 0.40 0.86 -1.40 2.75 4.96
-0.17 0.40 0.83 -0.38 -3.22 1.21
-0.20 0.40 0.83 2.14 -2.56 -0.72
-0.18 0.41 0.88 8.25 -24.20 1.72
-0.14 0.40 0.83 12.85 -9.83 -1.08
-0.19 0.44 0.81 4.04 9.00 -1.01
-0.21 0.45 0.82 1.49 8.38 2.01
-0.22 0.45 0.86 -0.23 6.02 0.02
-0.20 0.44 0.84 1.28 -3.02 -3.14
-0.20 0.45 0.82 0.08 2.84 -0.92
-0.21 0.44 0.85 -2.36 5.23 -1.14
-0.22 0.43 0.84 0.16 -4.20 2.34
-0.19 0.46 0.79 1.05 7.22 1.55
-0.20 0.45 0.80 -0.34 6.17 2.62
-0.24 0.44 0.82 2.06 3.58 4.09
-0.23 0.46 0.81 -0.07 0.19 5.95
-0.17 0.45 0.82 -5.56 -4.88 3.62
-0.19 0.44 0.86 -5.74 8.90 0.31
-0.26 0.44 0.85 -4.54 6.51 2.89
-0.24 0.44 0.84 -4.59 -11.05 3.97
-0.18 0.46 0.82 -5.91 -8.91 12.88
-0.17 0.55 0.82 -7.04 -20.29 12.14
-0.13 0.46 0.85 -5.13 -14.17 18.58
-0.08 0.40 0.79 -5.36 -12.60 15.85
-0.14 0.40 0.91 -3.52 -25.76 12.31
-0.05 0.40 0.91 4.99 -51.72 6.63
0.05 0.41 0.82 15.02 -38.06 -3.50
-0.01 0.46 0.86 7.06 -11.47 -3.90
-0.02 0.46 0.88 5.48 -22.73 -6.20
0.05 0.45 0.84 7.45 -15.66 -9.06
0.02 0.49 0.86 6.71 -5.74 -4.39
0.00 0.47 0.87 5.65 -14.59 -4.17
0.04 0.47 0.85 7.48 -13.74 -3.43
-0.19 0.44 0.81 4.04 9.00 -1.01
-0.21 0.45 0.82 1.49 8.38 2.01
-0.22 0.45 0.86 -0.23 6.02 0.02
-0.20 0.44 0.84 1.28 -3.02 -3.14
-0.20 0.45 0.82 0.08 2.84 -0.92
-0.21 0.44 0.85 -2.36 5.23 -1.14
-0.22 0.43 0.84 0.16 -4.20 2.34
-0.19 0.46 0.79 1.05 7.22 1.55
-0.20 0.45 0.80 -0.34 6.17 2.62
-0.24 0.44 0.82 2.06 3.58 4.09
-0.23 0.46 0.81 -0.07 0.19 5.95
-0.17 0.45 0.82 -5.56 -4.88 3.62
-0.19 0.44 0.86 -5.74 8.90 0.31
-0.26 0.44 0.85 -4.54 6.51 2.89
-0.24 0.44 0.84 -4.59 -11.05 3.97
-0.18 0.46 0.82 -5.91 -8.91 12.88
0.04 0.48 0.87 -0.39 -4.78 -5.97
0.04 0.50 0.85 -1.61 4.63 -4.24
0.05 0.46 0.87 -2.37 0.95 -2.09
0.05 0.50 0.81 -1.17 7.48 0.34
0.03 0.49 0.83 -2.18 6.78 3.03
0.02 0.49 0.84 -3.23 8.13 6.29
0.01 0.45 0.88 -0.39 -1.59 5.92
0.03 0.46 0.84 -0.72 -2.82 3.23
0.02 0.49 0.88 -1.38 1.01 2.68
0.04 0.44 0.87 -2.27 -12.33 -1.45
0.04 0.45 0.85 -1.50 -5.21 -3.32
0.01 0.44 0.86 -1.63 3.98 -4.57
-0.19 0.44 0.81 4.04 9.00 -1.01
-0.21 0.45 0.82 1.49 8.38 2.01
-0.22 0.45 0.86 -0.23 6.02 0.02
-0.20 0.44 0.84 1.28 -3.02 -3.14
-0.20 0.45 0.82 0.08 2.84 -0.92
-0.21 0.44 0.85 -2.36 5.23 -1.14
-0.22 0.43 0.84 0.16 -4.20 2.34
-0.19 0.46 0.79 1.05 7.22 1.55
-0.20 0.45 0.80 -0.34 6.17 2.62
-0.24 0.44 0.82 2.06 3.58 4.09
-0.23 0.46 0.81 -0.07 0.19 5.95
-0.17 0.45 0.82 -5.56 -4.88 3.62
-0.19 0.44 0.86 -5.74 8.90 0.31
-0.26 0.44 0.85 -4.54 6.51 2.89
-0.24 0.44 0.84 -4.59 -11.05 3.97
-0.18 0.46 0.82 -5.91 -8.91 12.88
0.12 0.45 0.85 7.73 6.07 -11.37
-0.00 0.46 0.88 0.56 12.07 -9.86
0.03 0.47 0.85 1.58 1.44 -5.62
0.07 0.54 0.81 -4.01 12.44 4.43
0.01 0.50 0.86 -6.67 31.11 10.91
-0.03 0.48 0.86 -8.33 25.72 14.78
-0.06 0.44 0.89 -6.52 6.55 11.06
0.02 0.44 0.82 0.39 -6.81 5.88
0.04 0.48 0.79 -3.59 7.68 1.49
-0.04 0.44 0.89 -2.56 18.05 2.41
-0.05 0.45 0.88 -0.79 -3.74 -1.21
-0.02 0.44 0.86 -3.41 0.67 -4.91
-0.19 0.44 0.81 4.04 9.00 -1.01
-0.21 0.45 0.82 1.49 8.38 2.01
-0.22 0.45 0.86 -0.23 6.02 0.02
-0.20 0.44 0.84 1.28 -3.02 -3.14
-0.20 0.45 0.82 0.08 2.84 -0.92
-0.21 0.44 0.85 -2.36 5.23 -1.14
-0.22 0.43 0.84 0.16 -4.20 2.34
-0.19 0.46 0.79 1.05 7.22 1.55
-0.20 0.45 0.80 -0.34 6.17 2.62
-0.24 0.44 0.82 2.06 3.58 4.09
-0.23 0.46 0.81 -0.07 0.19 5.95
-0.17 0.45 0.82 -5.56 -4.88 3.62
-0.19 0.44 0.86 -5.74 8.90 0.31
-0.26 0.44 0.85 -4.54 6.51 2.89
-0.24 0.44 0.84 -4.59 -11.05 3.97
-0.18 0.46 0.82 -5.91 -8.91 12.88
-0.01 0.44 0.89 -0.49 4.06 -0.69
-0.02 0.41 0.89 2.64 5.47 -1.24
-0.03 0.44 0.86 2.93 4.33 -1.07
0.01 0.45 0.86 -0.04 0.79 0.49
-0.01 0.45 0.89 0.01 5.37 -0.89
-0.03 0.43 0.88 -4.01 3.19 -1.47
-0.03 0.46 0.87 -0.15 2.96 0.08
-0.00 0.44 0.82 1.46 10.48 1.59
-0.06 0.48 0.89 -2.82 3.40 3.23
-0.05 0.45 0.88 -4.15 5.74 6.06
-0.02 0.45 0.83 -6.23 5.96 4.96
-0.03 0.43 0.86 -3.11 9.30 0.80
-0.19 0.44 0.81 4.04 9.00 -1.01
-0.21 0.45 0.82 1.49 8.38 2.01
-0.22 0.45 0.86 -0.23 6.02 0.02
-0.20 0.44 0.84 1.28 -3.02 -3.14
-0.20 0.45 0.82 0.08 2.84 -0.92
-0.21 0.44 0.85 -2.36 5.23 -1.14
0.23 -0.25 0.93 -8.10 -1.97 16.23
0.27 -0.20 0.76 9.51 3.40 9.94
0.36 -0.32 1.02 8.36 -9.53 -0.85
0.22 -0.15 0.79 -13.85 11.48 10.70
0.26 -0.36 0.90 19.08 -12.21 -9.37
0.38 -0.32 0.95 9.54 -9.74 -4.65
0.20 -0.19 0.83 -9.67 10.49 6.39
0.26 -0.35 0.96 25.44 -9.99 -2.37
0.28 -0.27 0.99 9.28 -7.82 7.32
0.34 -0.19 0.87 13.67 -10.70 -4.60
0.27 -0.22 0.89 5.36 10.15 8.08
0.25 -0.23 0.87 1.37 4.91 9.65
0.26 -0.24 0.97 -2.93 -9.13 3.39
0.29 -0.16 0.85 -17.72 0.77 7.87
0.30 -0.34 0.93 -3.10 3.28 0.11
0.29 -0.24 0.79 12.69 14.67 3.56
0.27 -0.20 0.93 2.78 -4.46 -3.29
0.24 -0.21 0.94 -4.02 2.07 -2.85
0.31 -0.22 0.78 -21.00 -2.03 -4.80
0.29 -0.42 0.98 0.81 13.67 -1.32
0.28 -0.21 0.87 -3.04 11.73 -4.94
0.23 -0.25 0.82 22.96 10.89 -0.93
0.28 -0.32 1.01 3.02 2.45 -4.75
0.25 -0.18 0.80 18.28 10.46 -1.79
0.26 -0.34 1.06 -6.42 -1.02 -4.36
0.22 -0.20 0.84 -4.36 -13.36 -3.19
0.27 -0.19 0.81 11.72 -4.10 -10.54
0.31 -0.28 0.95 -2.07 9.80 -7.12
0.22 -0.18 0.68 -10.75 18.68 2.92
0.27 -0.31 0.95 9.03 1.78 -17.36
0.25 -0.25 0.88 7.92 2.02 -5.96
0.25 -0.13 0.84 -6.65 17.18 1.89
0.20 -0.24 0.85 -9.58 14.40 -3.13
0.19 -0.36 0.95 10.46 17.97 -0.77
0.20 -0.19 0.83 -9.67 10.49 6.39
0.26 -0.35 0.96 25.44 -9.99 -2.37
0.28 -0.27 0.99 9.28 -7.82 7.32
0.34 -0.19 0.87 13.67 -10.70 -4.60
0.27 -0.22 0.89 5.36 10.15 8.08
0.25 -0.23 0.87 1.37 4.91 9.65
0.26 -0.24 0.97 -2.93 -9.13 3.39
0.29 -0.16 0.85 -17.72 0.77 7.87
0.30 -0.34 0.93 -3.10 3.28 0.11
0.29 -0.24 0.79 12.69 14.67 3.56
0.27 -0.20 0.93 2.78 -4.46 -3.29
0.24 -0.21 0.94 -4.02 2.07 -2.85
0.31 -0.22 0.78 -21.00 -2.03 -4.80
0.29 -0.42 0.98 0.81 13.67 -1.32
0.28 -0.21 0.87 -3.04 11.73 -4.94
0.11 -0.38 0.92 46.58 -12.62 -7.56
0.32 -0.07 1.02 -24.16 -71.95 2.86
0.48 0.00 0.92 -0.59 -65.69 -4.35
0.48 -0.11 0.95 -11.09 -28.05 20.39
0.49 -0.09 0.69 -51.38 5.51 34.39
0.63 -0.14 0.62 -44.74 64.33 16.59
0.22 -0.30 0.88 -30.95 160.60 16.42
-0.13 -0.53 0.89 -11.84 109.09 8.76
-0.12 -0.33 0.90 -1.98 -14.85 -20.18
0.07 -0.31 0.93 11.31 -23.41 -4.27
0.10 -0.38 1.01 2.82 11.35 3.21
0.19 -0.36 0.95 10.46 17.97 -0.77
0.20 -0.19 0.83 -9.67 10.49 6.39
0.26 -0.35 0.96 25.44 -9.99 -2.37
0.28 -0.27 0.99 9.28 -7.82 7.32
0.34 -0.19 0.87 13.67 -10.70 -4.60
0.27 -0.22 0.89 5.36 10.15 8.08
0.25 -0.23 0.87 1.37 4.91 9.65
0.26 -0.24 0.97 -2.93 -9.13 3.39
0.29 -0.16 0.85 -17.72 0.77 7.87
0.30 -0.34 0.93 -3.10 3.28 0.11
0.29 -0.24 0.79 12.69 14.67 3.56
0.27 -0.20 0.93 2.78 -4.46 -3.29
0.24 -0.21 0.94 -4.02 2.07 -2.85
0.31 -0.22 0.78 -21.00 -2.03 -4.80
0.29 -0.42 0.98 0.81 13.67 -1.32
0.28 -0.21 0.87 -3.04 11.73 -4.94
0.25 -0.32 0.87 3.24 -16.79 -19.35
0.20 -0.33 0.81 -7.52 15.27 -21.76
0.11 -0.34 0.95 -11.12 3.46 -17.94
0.24 -0.28 0.92 -28.47 -24.63 -27.66
0.29 -0.43 0.94 -25.76 0.35 -34.77
0.22 -0.40 0.80 -4.04 24.80 -20.90
0.15 -0.26 0.86 -3.20 9.44 -23.70
0.24 -0.36 0.87 13.24 22.58 -18.27
0.12 -0.32 0.88 26.33 17.78 -19.68
0.13 -0.33 0.94 39.41 3.50 -13.40
0.19 -0.23 0.85 37.77 -1.59 -11.86
0.19 -0.18 0.86 18.95 -6.86 -11.75
0.19 -0.36 0.95 10.46 17.97 -0.77
0.20 -0.19 0.83 -9.67 10.49 6.39
0.26 -0.35 0.96 25.44 -9.99 -2.37
0.28 -0.27 0.99 9.28 -7.82 7.32
0.34 -0.19 0.87 13.67 -10.70 -4.60
0.27 -0.22 0.89 5.36 10.15 8.08
0.25 -0.23 0.87 1.37 4.91 9.65
0.26 -0.24 0.97 -2.93 -9.13 3.39
0.29 -0.16 0.85 -17.72 0.77 7.87
0.30 -0.34 0.93 -3.10 3.28 0.11
0.29 -0.24 0.79 12.69 14.67 3.56
0.27 -0.20 0.93 2.78 -4.46 -3.29
0.24 -0.21 0.94 -4.02 2.07 -2.85
0.31 -0.22 0.78 -21.00 -2.03 -4.80
0.29 -0.42 0.98 0.81 13.67 -1.32
0.28 -0.21 0.87 -3.04 11.73 -4.94
0.24 -0.18 0.93 -0.16 -21.78 -20.99
0.29 -0.25 0.94 4.48 -1.14 -21.97
0.23 -0.26 0.95 20.53 7.61 -10.20
0.18 -0.22 0.86 22.93 9.82 0.92
0.23 -0.20 0.88 27.05 5.13 -2.76
0.24 -0.14 0.93 28.61 -0.30 -15.70
0.24 -0.14 0.95 34.74 8.16 -7.95
0.23 -0.09 0.93 25.87 8.51 -6.19
0.21 -0.10 0.95 18.90 14.41 -5.34
0.21 -0.06 0.95 14.14 10.50 -8.50
0.19 -0.06 0.98 6.74 11.36 -4.78
0.19 -0.36 0.95 10.46 17.97 -0.77
0.20 -0.19 0.83 -9.67 10.49 6.39
0.26 -0.35 0.96 25.44 -9.99 -2.37
0.28 -0.27 0.99 9.28 -7.82 7.32
0.34 -0.19 0.87 13.67 -10.70 -4.60
0.27 -0.22 0.89 5.36 10.15 8.08
0.25 -0.23 0.87 1.37 4.91 9.65
0.26 -0.24 0.97 -2.93 -9.13 3.39
0.29 -0.16 0.85 -17.72 0.77 7.87
0.30 -0.34 0.93 -3.10 3.28 0.11
0.29 -0.24 0.79 12.69 14.67 3.56
0.27 -0.20 0.93 2.78 -4.46 -3.29
0.24 -0.21 0.94 -4.02 2.07 -2.85
0.31 -0.22 0.78 -21.00 -2.03 -4.80
0.29 -0.42 0.98 0.81 13.67 -1.32
0.28 -0.21 0.87 -3.04 11.73 -4.94
0.20 -0.07 0.97 1.94 -3.54 -0.29
0.20 -0.05 0.95 0.72 0.70 1.65
0.19 -0.07 0.94 1.00 8.80 -0.37
0.17 -0.10 0.94 4.33 6.03 1.70
0.18 -0.06 0.95 9.96 1.38 -0.14
0.21 -0.06 0.95 10.31 0.39 -0.07
0.17 -0.05 0.95 7.78 8.65 1.61
0.17 -0.05 0.95 0.95 -1.30 -2.78
0.20 -0.03 0.94 5.74 5.09 -1.01
0.17 -0.03 0.96 3.97 6.76 -2.43
0.18 -0.05 0.95 -0.39 8.13 -1.77
0.17 -0.03 0.95 0.21 3.84 -4.23
0.19 -0.36 0.95 10.46 17.97 -0.77
0.20 -0.19 0.83 -9.67 10.49 6.39
0.26 -0.35 0.96 25.44 -9.99 -2.37
0.28 -0.27 0.99 9.28 -7.82 7.32
0.34 -0.19 0.87 13.67 -10.70 -4.60
0.27 -0.22 0.89 5.36 10.15 8.08
0.25 -0.23 0.87 1.37 4.91 9.65
0.26 -0.24 0.97 -2.93 -9.13 3.39