0.60 0.68 0.51 -0.73 0.34 2.14
0.61 0.70 0.51 -2.78 1.66 1.13
0.61 0.68 0.52 -2.04 -0.50 0.41
0.61 0.68 0.50 -0.25 1.70 0.30
0.62 0.70 0.51 -0.76 -0.08 1.66
0.60 0.68 0.52 -1.08 1.08 1.30
0.61 0.69 0.51 -2.24 2.16 0.95
0.60 0.69 0.53 -3.76 5.25 0.88
0.61 0.68 0.53 -2.29 4.29 0.48
0.60 0.69 0.54 -2.94 3.94 -0.52
0.60 0.70 0.53 -2.75 5.52 0.51
0.59 0.70 0.55 -1.75 9.80 2.55
0.63 0.71 0.53 9.24 9.72 11.25
0.81 0.55 0.43 -1.80 -9.07 3.46
0.83 0.55 0.41 -1.96 -4.47 2.46
0.81 0.54 0.43 -2.78 -2.27 0.42
0.81 0.54 0.44 -0.16 -6.94 -1.33
0.79 0.53 0.47 4.62 -6.03 -2.35
0.80 0.53 0.40 0.31 -6.01 -7.35
0.79 0.58 0.40 -3.70 -5.58 -8.69
0.82 0.62 0.37 3.14 -5.33 -2.92
0.82 0.60 0.38 12.32 -13.54 3.93
0.84 0.57 0.33 9.10 -7.39 7.24
0.84 0.57 0.35 2.72 -4.26 9.84
0.84 0.54 0.37 5.44 -2.02 5.47
0.87 0.57 0.34 3.11 -0.92 1.46
0.58 0.69 0.52 0.49 2.21 0.97
0.62 0.70 0.49 0.27 2.09 2.47
0.61 0.69 0.49 0.41 1.75 2.49
0.60 0.72 0.50 -0.12 1.01 2.83
0.60 0.68 0.51 -0.73 0.34 2.14
0.61 0.70 0.51 -2.78 1.66 1.13
0.61 0.68 0.52 -2.04 -0.50 0.41
0.61 0.68 0.50 -0.25 1.70 0.30
0.62 0.70 0.51 -0.76 -0.08 1.66
0.60 0.68 0.52 -1.08 1.08 1.30
0.61 0.69 0.51 -2.24 2.16 0.95
0.60 0.69 0.53 -3.76 5.25 0.88
0.61 0.68 0.53 -2.29 4.29 0.48
0.60 0.69 0.54 -2.94 3.94 -0.52
0.60 0.70 0.53 -2.75 5.52 0.51
0.59 0.70 0.55 -1.75 9.80 2.55
0.63 0.71 0.53 9.24 9.72 11.25
0.81 0.56 0.36 0.33 3.92 5.14
0.81 0.56 0.35 -1.24 -4.01 6.89
0.85 0.54 0.42 -1.53 -6.19 4.36
0.83 0.54 0.35 -7.60 -9.06 0.16
0.86 0.56 0.36 -8.40 -12.86 -3.94
0.85 0.55 0.30 -12.53 -5.91 -2.14
0.86 0.56 0.35 -14.70 -4.58 -7.23
0.84 0.54 0.36 -7.39 -8.06 -6.99
0.84 0.56 0.39 -2.71 -0.53 -3.60
0.81 0.54 0.41 -1.65 1.62 -2.32
0.83 0.58 0.31 -3.63 -2.35 -1.36
0.84 0.59 0.33 -3.36 -2.20 -1.17
0.58 0.69 0.52 0.49 2.21 0.97
0.62 0.70 0.49 0.27 2.09 2.47
0.61 0.69 0.49 0.41 1.75 2.49
0.60 0.72 0.50 -0.12 1.01 2.83
0.60 0.68 0.51 -0.73 0.34 2.14
0.61 0.70 0.51 -2.78 1.66 1.13
0.61 0.68 0.52 -2.04 -0.50 0.41
0.61 0.68 0.50 -0.25 1.70 0.30
0.62 0.70 0.51 -0.76 -0.08 1.66
0.60 0.68 0.52 -1.08 1.08 1.30
0.61 0.69 0.51 -2.24 2.16 0.95
0.60 0.69 0.53 -3.76 5.25 0.88
0.61 0.68 0.53 -2.29 4.29 0.48
0.60 0.69 0.54 -2.94 3.94 -0.52
0.60 0.70 0.53 -2.75 5.52 0.51
0.59 0.70 0.55 -1.75 9.80 2.55
0.63 0.71 0.53 9.24 9.72 11.25
0.82 0.59 0.35 -1.94 2.04 2.73
0.86 0.56 0.34 -2.37 0.24 2.53
0.85 0.55 0.34 -1.08 3.36 5.66
0.84 0.54 0.38 -3.25 5.79 5.22
0.84 0.53 0.38 -0.68 2.48 4.28
0.84 0.54 0.37 -1.04 0.28 0.79
0.84 0.54 0.37 -4.12 2.53 -1.40
0.84 0.54 0.36 -0.82 -6.48 -0.01
0.86 0.52 0.37 -7.04 0.89 -6.83
0.84 0.55 0.37 -3.98 0.90 -5.67
0.83 0.58 0.36 -1.94 0.43 -3.05
0.84 0.57 0.37 -2.11 0.61 -1.20
0.58 0.69 0.52 0.49 2.21 0.97
0.62 0.70 0.49 0.27 2.09 2.47
0.61 0.69 0.49 0.41 1.75 2.49
0.60 0.72 0.50 -0.12 1.01 2.83
0.60 0.68 0.51 -0.73 0.34 2.14
0.61 0.70 0.51 -2.78 1.66 1.13
0.61 0.68 0.52 -2.04 -0.50 0.41
0.61 0.68 0.50 -0.25 1.70 0.30
0.62 0.70 0.51 -0.76 -0.08 1.66
0.60 0.68 0.52 -1.08 1.08 1.30
0.61 0.69 0.51 -2.24 2.16 0.95
0.60 0.69 0.53 -3.76 5.25 0.88
0.61 0.68 0.53 -2.29 4.29 0.48
0.60 0.69 0.54 -2.94 3.94 -0.52
0.60 0.70 0.53 -2.75 5.52 0.51
0.59 0.70 0.55 -1.75 9.80 2.55
0.63 0.71 0.53 9.24 9.72 11.25
0.85 0.55 0.37 1.06 3.14 2.16
0.84 0.55 0.35 2.63 4.91 2.69
0.83 0.54 0.36 3.63 7.30 3.94
0.85 0.57 0.37 3.90 3.10 2.48
0.82 0.54 0.38 5.29 9.31 8.27
0.83 0.53 0.38 0.98 5.30 3.31
0.84 0.54 0.38 0.78 0.67 3.30
0.84 0.52 0.36 -2.91 -1.32 -0.17
0.84 0.55 0.39 -4.20 -4.81 -1.67
0.84 0.54 0.37 -6.53 -1.55 -6.03
0.84 0.54 0.36 -3.93 -2.88 -4.75
0.84 0.57 0.39 -1.87 -0.14 -2.07
0.58 0.69 0.52 0.49 2.21 0.97
0.62 0.70 0.49 0.27 2.09 2.47
0.61 0.69 0.49 0.41 1.75 2.49
0.60 0.72 0.50 -0.12 1.01 2.83
0.60 0.68 0.51 -0.73 0.34 2.14
0.61 0.70 0.51 -2.78 1.66 1.13
0.61 0.68 0.52 -2.04 -0.50 0.41
0.61 0.68 0.50 -0.25 1.70 0.30
0.62 0.70 0.51 -0.76 -0.08 1.66
0.60 0.68 0.52 -1.08 1.08 1.30
0.61 0.69 0.51 -2.24 2.16 0.95
0.60 0.69 0.53 -3.76 5.25 0.88
0.61 0.68 0.53 -2.29 4.29 0.48
0.60 0.69 0.54 -2.94 3.94 -0.52
0.60 0.70 0.53 -2.75 5.52 0.51
0.59 0.70 0.55 -1.75 9.80 2.55
0.63 0.71 0.53 9.24 9.72 11.25
0.83 0.54 0.37 2.39 -2.97 1.96
0.83 0.53 0.38 1.16 0.18 2.42
0.84 0.55 0.37 0.69 2.65 2.60
0.85 0.56 0.37 2.17 1.88 1.85
0.83 0.53 0.39 3.07 0.76 4.19
0.83 0.53 0.37 2.23 1.63 5.74
0.87 0.55 0.41 1.02 -3.43 3.11
0.83 0.53 0.38 0.43 -1.83 4.28
0.87 0.55 0.37 -3.31 -2.37 -1.59
0.86 0.51 0.36 -7.53 -4.49 -2.60
0.86 0.51 0.38 -8.15 -4.52 -6.88
0.83 0.57 0.38 -2.63 -2.05 -4.30
0.83 0.55 0.36 -2.24 -3.25 -2.67
0.58 0.69 0.52 0.49 2.21 0.97
0.62 0.70 0.49 0.27 2.09 2.47
0.61 0.69 0.49 0.41 1.75 2.49
0.60 0.72 0.50 -0.12 1.01 2.83
0.60 0.68 0.51 -0.73 0.34 2.14
0.61 0.70 0.51 -2.78 1.66 1.13
0.61 0.68 0.52 -2.04 -0.50 0.41
0.26 0.61 0.78 0.68 1.63 0.63
0.27 0.61 0.77 0.37 0.86 0.73
0.26 0.61 0.76 -0.19 1.62 0.88
0.27 0.62 0.77 0.55 2.18 0.70
0.27 0.62 0.77 0.24 0.71 1.19
0.26 0.61 0.77 -0.42 2.74 1.19
0.25 0.62 0.77 1.04 1.58 0.99
0.26 0.61 0.77 0.64 1.67 0.42
0.26 0.61 0.76 0.31 1.23 0.21
0.26 0.61 0.77 0.68 -0.06 0.60
0.26 0.62 0.76 0.67 1.82 0.35
0.26 0.62 0.77 0.16 1.41 0.61
0.26 0.61 0.77 0.43 0.57 0.62
0.26 0.62 0.78 0.51 1.43 0.63
0.25 0.62 0.77 0.34 1.85 0.50
0.26 0.62 0.77 0.23 0.50 0.59
0.26 0.62 0.78 0.50 0.64 0.52
0.26 0.62 0.77 0.51 2.08 0.66
0.26 0.62 0.77 0.37 1.59 0.48
0.26 0.62 0.77 0.51 2.11 0.26
0.25 0.61 0.77 0.41 1.45 0.80
0.26 0.61 0.77 0.53 0.67 0.16
0.25 0.62 0.76 0.28 1.09 0.36
0.26 0.62 0.77 0.18 0.79 0.18
0.26 0.61 0.78 -0.43 -0.82 0.14
0.25 0.62 0.77 -0.01 0.24 -0.37
0.26 0.62 0.76 -0.52 0.74 -0.42
0.26 0.61 0.77 -0.18 0.11 -0.55
0.26 0.62 0.77 -0.65 1.40 0.60
0.25 0.62 0.77 -0.18 -0.40 -0.72
0.26 0.62 0.78 -0.48 0.30 -0.34
0.26 0.62 0.77 -0.30 2.33 -0.76
0.24 0.61 0.78 0.14 -0.42 -0.31
0.28 0.63 0.76 -0.72 -0.85 -0.76
0.23 0.62 0.77 -0.67 2.38 1.92
0.25 0.62 0.77 -0.14 -1.62 1.37
0.26 0.61 0.76 -0.55 3.11 0.21
0.25 0.62 0.77 -0.43 1.78 -1.05
0.25 0.62 0.77 -1.01 0.63 -0.08
0.25 0.61 0.77 0.52 0.34 -0.34
0.27 0.62 0.76 -0.76 1.14 -0.11
0.26 0.61 0.77 -0.63 2.24 0.27
0.25 0.62 0.78 0.37 2.11 0.03
0.25 0.62 0.77 0.34 1.85 0.50
0.26 0.62 0.77 0.23 0.50 0.59
0.26 0.62 0.78 0.50 0.64 0.52
0.26 0.62 0.77 0.51 2.08 0.66
0.26 0.62 0.77 0.37 1.59 0.48
0.26 0.62 0.77 0.51 2.11 0.26
0.25 0.61 0.77 0.41 1.45 0.80
0.26 0.61 0.77 0.53 0.67 0.16
0.25 0.62 0.76 0.28 1.09 0.36
0.26 0.62 0.77 0.18 0.79 0.18
0.26 0.61 0.78 -0.43 -0.82 0.14
0.25 0.62 0.77 -0.01 0.24 -0.37
0.26 0.62 0.76 -0.52 0.74 -0.42
0.26 0.61 0.77 -0.18 0.11 -0.55
0.26 0.62 0.77 -0.65 1.40 0.60
0.25 0.62 0.77 -0.18 -0.40 -0.72
0.25 0.62 0.77 -0.94 2.59 -0.70
0.25 0.61 0.77 -0.02 1.72 -0.56
0.25 0.62 0.78 -0.71 0.75 -0.34
0.25 0.61 0.77 -0.37 0.31 0.40
0.25 0.62 0.77 -0.46 1.07 0.54
0.25 0.61 0.77 -0.18 1.69 1.32
0.24 0.61 0.77 -0.11 2.49 1.41
0.25 0.61 0.78 -0.13 1.72 0.62
0.25 0.62 0.77 0.06 2.09 0.55
0.24 0.61 0.78 -0.76 1.03 0.16
0.25 0.61 0.78 0.14 1.56 -0.10
0.25 0.61 0.77 -0.72 1.33 0.48
0.24 0.61 0.78 -0.56 1.77 0.57
0.25 0.62 0.77 0.34 1.85 0.50
0.26 0.62 0.77 0.23 0.50 0.59
0.26 0.62 0.78 0.50 0.64 0.52
0.26 0.62 0.77 0.51 2.08 0.66
0.26 0.62 0.77 0.37 1.59 0.48
0.26 0.62 0.77 0.51 2.11 0.26
0.25 0.61 0.77 0.41 1.45 0.80
0.26 0.61 0.77 0.53 0.67 0.16
0.25 0.62 0.76 0.28 1.09 0.36
0.26 0.62 0.77 0.18 0.79 0.18
0.26 0.61 0.78 -0.43 -0.82 0.14
0.25 0.62 0.77 -0.01 0.24 -0.37
0.26 0.62 0.76 -0.52 0.74 -0.42
0.26 0.61 0.77 -0.18 0.11 -0.55
0.26 0.62 0.77 -0.65 1.40 0.60
0.25 0.62 0.77 -0.18 -0.40 -0.72
0.25 0.61 0.78 0.99 1.37 1.26
0.24 0.61 0.78 0.82 4.11 1.64
0.24 0.62 0.77 0.12 1.34 1.64
0.24 0.62 0.77 -0.02 0.40 0.67
0.25 0.61 0.77 0.37 -0.15 0.29
0.25 0.61 0.77 0.56 0.80 0.44
0.24 0.61 0.78 0.24 1.73 0.54
0.25 0.61 0.77 0.00 1.46 0.52
0.24 0.61 0.78 0.18 1.07 0.30
0.25 0.61 0.77 -0.02 0.66 0.21
0.24 0.61 0.77 -0.17 1.32 -0.17
0.24 0.61 0.77 0.66 1.75 0.15
0.25 0.62 0.77 0.34 1.85 0.50
0.26 0.62 0.77 0.23 0.50 0.59
0.26 0.62 0.78 0.50 0.64 0.52
0.26 0.62 0.77 0.51 2.08 0.66
0.26 0.62 0.77 0.37 1.59 0.48
0.26 0.62 0.77 0.51 2.11 0.26
0.25 0.61 0.77 0.41 1.45 0.80
0.26 0.61 0.77 0.53 0.67 0.16
0.25 0.62 0.76 0.28 1.09 0.36
0.26 0.62 0.77 0.18 0.79 0.18
0.26 0.61 0.78 -0.43 -0.82 0.14
0.25 0.62 0.77 -0.01 0.24 -0.37
0.26 0.62 0.76 -0.52 0.74 -0.42
0.26 0.61 0.77 -0.18 0.11 -0.55
0.26 0.62 0.77 -0.65 1.40 0.60
0.25 0.62 0.77 -0.18 -0.40 -0.72
0.25 0.61 0.78 -0.25 1.69 0.50
0.24 0.61 0.77 0.72 1.45 0.40
0.24 0.61 0.78 -0.25 0.58 0.34
0.24 0.62 0.78 1.16 1.92 0.27
0.24 0.61 0.78 0.03 1.21 0.39
0.24 0.61 0.77 0.61 1.53 0.10
0.24 0.61 0.78 0.60 1.42 0.05
0.23 0.62 0.76 0.05 2.50 1.17
0.24 0.62 0.77 0.19 1.81 1.26
0.23 0.61 0.78 0.95 1.89 1.11
0.24 0.61 0.78 0.90 2.11 1.09
0.24 0.61 0.77 0.57 1.94 0.55
0.23 0.61 0.77 0.34 1.30 0.44
0.24 0.62 0.77 0.99 0.98 0.39
0.25 0.62 0.77 0.34 1.85 0.50
0.26 0.62 0.77 0.23 0.50 0.59
0.26 0.62 0.78 0.50 0.64 0.52
0.26 0.62 0.77 0.51 2.08 0.66
0.26 0.62 0.77 0.37 1.59 0.48
0.26 0.62 0.77 0.51 2.11 0.26
0.25 0.61 0.77 0.41 1.45 0.80
0.26 0.61 0.77 0.53 0.67 0.16
0.25 0.62 0.76 0.28 1.09 0.36
0.26 0.62 0.77 0.18 0.79 0.18
0.26 0.61 0.78 -0.43 -0.82 0.14
0.25 0.62 0.77 -0.01 0.24 -0.37
0.26 0.62 0.76 -0.52 0.74 -0.42
0.26 0.61 0.77 -0.18 0.11 -0.55
0.26 0.62 0.77 -0.65 1.40 0.60
0.25 0.62 0.77 -0.18 -0.40 -0.72
0.24 0.61 0.79 1.09 1.95 0.54
0.24 0.61 0.77 0.89 1.67 0.25
0.23 0.62 0.78 1.11 1.06 0.62
0.24 0.62 0.77 0.66 2.35 0.18