0.26 0.62 0.77 0.37 1.59 0.48
0.26 0.62 0.77 0.51 2.11 0.26
0.25 0.61 0.77 0.41 1.45 0.80
0.26 0.61 0.77 0.53 0.67 0.16
0.25 0.62 0.76 0.28 1.09 0.36
0.26 0.62 0.77 0.18 0.79 0.18
0.26 0.61 0.78 -0.43 -0.82 0.14
0.25 0.62 0.77 -0.01 0.24 -0.37
0.26 0.62 0.76 -0.52 0.74 -0.42
0.26 0.61 0.77 -0.18 0.11 -0.55
0.26 0.62 0.77 -0.65 1.40 0.60
0.25 0.62 0.77 -0.18 -0.40 -0.72
0.22 0.62 0.78 -0.14 1.37 1.14
0.22 0.62 0.78 0.29 0.57 0.68
0.23 0.61 0.78 0.15 0.42 0.49
0.22 0.61 0.78 0.43 1.30 0.27
0.23 0.62 0.78 -0.08 1.56 0.51
0.23 0.61 0.78 -0.20 0.79 1.04
0.23 0.61 0.78 0.23 0.25 0.65
0.23 0.61 0.78 0.14 1.52 0.66
0.23 0.61 0.78 0.27 1.48 0.62
0.23 0.61 0.77 -0.08 1.33 0.76
0.23 0.61 0.78 0.40 0.72 0.86
0.23 0.61 0.78 0.35 1.49 0.57
0.22 0.61 0.78 -0.02 0.74 0.55
0.26 0.62 0.77 0.23 0.50 0.59
0.26 0.62 0.78 0.50 0.64 0.52
0.26 0.62 0.77 0.51 2.08 0.66
0.26 0.62 0.77 0.37 1.59 0.48
0.26 0.62 0.77 0.51 2.11 0.26
0.25 0.61 0.77 0.41 1.45 0.80
0.26 0.61 0.77 0.53 0.67 0.16
0.25 0.62 0.76 0.28 1.09 0.36
0.26 0.62 0.77 0.18 0.79 0.18
0.26 0.61 0.78 -0.43 -0.82 0.14
0.25 0.62 0.77 -0.01 0.24 -0.37
0.26 0.62 0.76 -0.52 0.74 -0.42
0.26 0.61 0.77 -0.18 0.11 -0.55
0.26 0.62 0.77 -0.65 1.40 0.60
0.25 0.62 0.77 -0.18 -0.40 -0.72
0.23 0.62 0.77 0.67 2.00 0.53
0.22 0.61 0.78 0.28 1.19 0.36
0.22 0.62 0.77 0.44 1.53 0.42
0.23 0.62 0.78 0.18 0.08 0.78
0.23 0.61 0.78 0.01 2.00 0.63
0.23 0.62 0.77 0.31 1.40 0.54
0.23 0.61 0.78 -0.06 1.20 1.11
0.22 0.62 0.78 0.53 1.68 0.69
0.22 0.61 0.78 0.27 1.31 0.48
0.23 0.61 0.78 0.20 0.79 0.44
0.22 0.62 0.77 0.54 1.68 0.58
0.22 0.62 0.78 0.21 1.84 0.75
0.22 0.61 0.78 0.27 1.13 0.85
0.26 0.62 0.77 0.23 0.50 0.59
0.26 0.62 0.78 0.50 0.64 0.52
0.26 0.62 0.77 0.51 2.08 0.66
0.26 0.62 0.77 0.37 1.59 0.48
0.26 0.62 0.77 0.51 2.11 0.26
0.25 0.61 0.77 0.41 1.45 0.80
0.26 0.61 0.77 0.53 0.67 0.16
0.25 0.62 0.76 0.28 1.09 0.36
0.26 0.62 0.77 0.18 0.79 0.18
0.26 0.61 0.78 -0.43 -0.82 0.14
0.25 0.62 0.77 -0.01 0.24 -0.37
0.26 0.62 0.76 -0.52 0.74 -0.42
0.26 0.61 0.77 -0.18 0.11 -0.55
0.26 0.62 0.77 -0.65 1.40 0.60
0.25 0.62 0.77 -0.18 -0.40 -0.72
0.22 0.61 0.78 0.45 2.20 0.76
0.22 0.62 0.78 0.20 1.13 0.65
0.22 0.62 0.77 0.17 1.14 0.56
0.23 0.61 0.76 0.61 1.21 0.67
0.22 0.62 0.78 0.19 0.61 0.93
0.22 0.62 0.77 -0.12 1.04 0.32
0.22 0.62 0.77 0.60 1.88 0.69
0.22 0.62 0.77 0.23 1.91 0.30
0.22 0.62 0.78 0.25 1.67 0.92
0.22 0.62 0.77 0.06 1.31 0.59
0.22 0.62 0.78 -0.24 2.04 0.47
0.22 0.62 0.78 0.39 0.89 0.40
0.26 0.62 0.77 0.23 0.50 0.59
0.26 0.62 0.78 0.50 0.64 0.52
0.26 0.62 0.77 0.51 2.08 0.66
0.26 0.62 0.77 0.37 1.59 0.48
0.26 0.62 0.77 0.51 2.11 0.26
0.25 0.61 0.77 0.41 1.45 0.80
0.26 0.61 0.77 0.53 0.67 0.16
0.25 0.62 0.76 0.28 1.09 0.36
0.26 0.62 0.77 0.18 0.79 0.18
0.26 0.61 0.78 -0.43 -0.82 0.14
0.25 0.62 0.77 -0.01 0.24 -0.37
0.26 0.62 0.76 -0.52 0.74 -0.42
0.26 0.61 0.77 -0.18 0.11 -0.55
0.26 0.62 0.77 -0.65 1.40 0.60
0.25 0.62 0.77 -0.18 -0.40 -0.72
0.26 0.62 0.77 0.33 0.70 0.64
0.22 0.62 0.78 0.03 1.02 0.43
0.22 0.62 0.78 0.28 1.62 0.31
0.22 0.62 0.78 0.14 0.60 0.79
0.22 0.62 0.78 0.34 1.12 0.76
0.22 0.62 0.78 0.31 0.95 0.56
0.22 0.62 0.78 0.68 1.52 0.56
0.22 0.62 0.78 1.09 1.79 0.36
0.22 0.62 0.77 1.02 1.56 1.18
0.22 0.62 0.77 0.10 0.97 0.85
0.22 0.62 0.77 0.44 1.17 0.78
0.22 0.62 0.77 -0.20 0.95 0.29
0.22 0.62 0.79 0.38 0.79 0.41
0.22 0.62 0.78 -0.06 0.83 0.82
0.21 0.61 0.77 -0.11 1.15 0.22
0.26 0.62 0.77 0.23 0.50 0.59
0.26 0.62 0.78 0.50 0.64 0.52