0.11 -0.04 0.97 0.27 2.37 1.85
0.10 -0.03 0.98 -0.74 0.79 2.79
0.11 -0.02 0.97 0.24 4.17 1.08
0.09 -0.03 0.98 0.02 2.75 0.05
0.10 -0.02 0.99 -0.13 0.67 -0.24
0.11 -0.02 0.98 0.30 0.72 0.70
0.11 -0.03 0.97 -0.18 2.98 1.43
0.10 -0.03 0.96 0.03 3.75 2.82
0.08 -0.03 0.98 1.07 3.02 0.29
0.10 -0.03 0.98 0.24 0.40 1.21
0.11 -0.03 0.98 -0.39 1.79 1.37
0.09 -0.03 0.98 0.23 2.40 1.26
0.10 -0.03 0.97 0.26 1.20 1.05
0.09 -0.03 0.98 0.49 1.52 1.12
0.09 -0.03 0.97 0.55 0.54 2.01
0.10 -0.03 0.96 -1.77 -0.28 2.83
0.09 -0.05 0.98 1.97 1.17 4.12
0.08 -0.03 0.98 2.37 -5.89 5.09
0.09 -0.04 0.98 3.08 -5.87 11.54
0.08 -0.05 0.98 3.94 -4.30 19.08
0.07 -0.03 0.99 3.93 -10.95 20.87
0.11 -0.02 0.98 5.07 -15.46 18.59
0.13 0.00 0.95 6.58 -15.56 12.90
0.12 0.00 0.95 3.75 -19.20 13.37
0.19 -0.01 0.99 6.95 -22.06 5.79
0.20 0.01 0.98 3.37 -13.37 2.83
0.22 0.03 0.95 1.08 -4.22 0.31
0.18 0.00 1.00 1.37 0.00 0.63
0.20 -0.01 0.98 2.18 -5.81 -6.23
0.17 -0.00 0.97 3.82 -11.67 -5.95
0.21 0.02 0.96 0.30 -8.19 -3.07
0.23 -0.01 0.96 0.72 -2.40 -7.72
0.20 0.02 0.97 -0.80 -5.14 -4.15
0.22 -0.00 0.97 0.01 -6.74 -2.88
0.25 -0.01 0.98 1.27 -5.41 -5.94
0.23 0.02 0.97 0.08 -4.06 -2.95
0.23 0.01 0.98 -2.17 -1.19 -0.53
0.21 0.00 0.97 -1.20 -1.54 -1.27
0.23 0.00 0.96 0.55 -2.55 0.23
0.24 -0.00 0.96 0.69 0.15 -0.22
0.22 0.02 0.97 -1.29 -1.93 -1.46
0.24 -0.01 0.97 -0.98 -5.54 -2.82
0.24 -0.01 0.95 -1.06 0.66 0.24
0.23 0.00 0.96 -1.52 2.65 -1.19
0.23 -0.01 0.96 -1.11 -2.12 -3.04
0.25 -0.01 0.97 0.33 -5.22 -3.35
0.25 0.01 0.94 -0.31 -5.60 -2.33
0.25 -0.01 0.99 -0.81 -1.53 -4.75
0.25 0.00 0.96 -0.85 0.01 -3.65
0.24 0.01 0.94 0.12 1.17 -1.27
0.25 0.02 0.96 1.33 -2.04 -0.79
0.27 0.00 0.97 0.68 2.49 -2.02
0.24 0.01 0.97 -0.81 3.98 -1.53
0.24 -0.01 0.96 -0.35 0.47 -1.84
0.24 0.01 0.96 1.64 -0.96 -2.17
0.26 0.00 0.97 0.56 -2.30 -2.33
0.26 0.01 0.97 -0.93 1.24 -1.33
0.25 -0.00 0.96 0.42 0.72 0.41
0.26 0.00 0.95 0.95 0.69 -0.73
0.25 0.00 0.96 0.21 -0.37 -0.22
0.26 0.00 0.96 1.78 -0.60 0.16
0.26 0.01 0.96 -0.23 -0.39 0.40
0.26 0.01 0.96 0.49 1.82 0.82
0.25 0.01 0.97 0.61 0.26 1.11
0.26 0.01 0.97 0.62 0.07 2.53
0.25 0.02 0.99 1.58 3.03 1.10
0.27 0.02 0.97 -8.55 1.93 3.90
0.25 -0.02 0.93 -2.51 5.05 4.82
0.24 0.02 0.94 0.72 1.37 3.12
0.24 0.00 0.97 2.60 0.34 1.64
0.25 0.01 0.96 0.72 0.40 1.50
0.25 0.01 0.96 0.58 1.75 1.27
0.25 0.01 0.95 0.02 3.07 2.37
0.25 0.01 0.97 0.98 -0.02 1.65
0.25 0.00 0.96 -0.15 2.12 1.53
0.25 0.01 0.97 -0.98 2.72 1.44
0.25 -0.00 0.97 -1.47 2.33 1.75
0.24 0.01 0.96 -0.97 3.00 0.66
0.24 -0.01 0.96 -1.17 3.31 0.73
0.24 -0.00 0.96 0.38 1.44 -0.73
0.25 -0.01 0.96 -0.89 1.91 -0.57
0.25 -0.00 0.97 0.33 3.17 -1.50
0.25 0.00 0.97 -0.99 2.56 -1.82
0.23 -0.00 0.97 -1.05 4.01 -0.49
0.24 -0.01 0.97 -1.71 1.72 0.07
0.23 -0.01 0.96 -1.18 2.13 -0.20
0.24 -0.01 0.96 -0.07 0.84 -0.06
0.24 -0.00 0.96 0.57 2.98 0.24
0.24 -0.02 0.96 -0.02 0.31 0.54
0.25 -0.00 0.96 1.81 0.62 0.81
0.24 -0.01 0.96 2.79 -0.70 1.94
0.23 -0.00 0.97 4.25 0.72 2.49
0.24 0.01 0.98 3.02 -3.89 0.45
0.25 0.01 0.97 0.45 -0.03 1.36
0.24 0.00 0.96 -1.05 4.58 2.12
0.23 0.00 0.96 0.67 3.07 2.17
0.26 0.01 0.98 -0.79 1.53 0.54
0.27 0.00 0.97 -4.92 7.51 -5.80
0.30 -0.01 0.96 -8.02 9.80 -17.70
0.31 -0.02 0.96 -18.82 13.69 -31.03
0.23 0.02 0.93 -25.56 30.07 -41.79
0.20 -0.03 0.93 -24.02 29.69 -34.47
0.12 -0.10 0.96 -11.74 25.99 -23.64
0.13 -0.04 0.97 1.38 13.71 -13.17
0.15 -0.05 0.98 2.11 10.94 1.05
0.15 -0.03 0.97 -0.05 12.86 0.73
0.14 -0.06 0.99 1.05 16.79 -0.12
0.11 -0.07 1.00 3.43 18.10 1.74
0.10 -0.03 0.97 5.55 12.89 1.49
0.08 -0.05 0.98 5.08 6.02 6.27
0.12 -0.03 0.97 1.94 4.80 5.42
0.09 -0.03 0.99 -3.75 1.32 5.58
0.10 -0.04 0.98 -4.10 3.44 2.04
0.09 -0.04 0.97 -3.29 9.55 0.37
0.10 -0.05 0.96 -1.88 3.52 -0.91
0.10 -0.05 1.00 1.05 7.77 -3.20
0.09 -0.05 0.97 -0.05 8.03 -1.40
0.08 -0.05 0.96 0.67 11.49 -3.72
0.25 -0.00 0.96 1.81 0.62 0.81
0.24 -0.01 0.96 2.79 -0.70 1.94
0.23 -0.00 0.97 4.25 0.72 2.49
0.24 0.01 0.98 3.02 -3.89 0.45
0.25 0.01 0.97 0.45 -0.03 1.36
0.05 -0.06 0.96 -3.22 7.77 -5.07
0.06 -0.05 0.97 -2.25 9.06 -7.22
0.05 -0.08 0.98 -0.35 1.05 -6.15
0.06 -0.07 0.98 0.83 1.98 -5.20
0.08 -0.07 0.97 -3.94 6.56 -4.70
0.05 -0.07 1.00 -5.21 12.34 -4.63
0.04 -0.11 0.97 -2.54 10.07 -2.31
0.02 -0.07 0.96 2.57 5.23 -0.12
0.01 -0.06 0.98 9.80 -1.93 2.60
-0.01 -0.02 0.98 3.60 -8.95 10.06
0.07 0.02 0.92 -0.57 -10.73 14.35
0.09 -0.01 0.95 -3.57 3.32 6.62
0.11 -0.07 1.00 3.43 18.10 1.74
0.10 -0.03 0.97 5.55 12.89 1.49
0.08 -0.05 0.98 5.08 6.02 6.27
0.12 -0.03 0.97 1.94 4.80 5.42
0.09 -0.03 0.99 -3.75 1.32 5.58
0.10 -0.04 0.98 -4.10 3.44 2.04
0.09 -0.04 0.97 -3.29 9.55 0.37
0.10 -0.05 0.96 -1.88 3.52 -0.91
0.10 -0.05 1.00 1.05 7.77 -3.20
0.09 -0.05 0.97 -0.05 8.03 -1.40
0.08 -0.05 0.96 0.67 11.49 -3.72
0.25 -0.00 0.96 1.81 0.62 0.81
0.24 -0.01 0.96 2.79 -0.70 1.94
0.23 -0.00 0.97 4.25 0.72 2.49
0.24 0.01 0.98 3.02 -3.89 0.45