0.20 -0.10 0.80 1.34 16.07 -1.82
0.14 -0.09 1.03 5.51 -9.49 0.48
0.29 -0.13 0.97 15.39 0.56 -7.64
0.31 -0.14 0.85 16.94 34.38 -15.46
0.16 0.02 0.81 3.76 36.87 -26.29
0.08 -0.07 1.03 4.67 27.86 -18.60
0.14 -0.12 1.04 16.18 -5.37 -18.54
0.16 0.04 0.86 16.83 -68.62 -15.16
-0.27 -0.32 1.38 -20.58 249.99 12.90
-1.62 0.41 1.48 -68.98 17.60 -115.62
0.01 0.07 -0.14 -28.97 -190.99 -5.70
0.56 -0.46 2.00 238.14 -250.00 22.18
0.53 0.10 0.93 -11.21 -13.79 -17.36
0.04 -0.06 0.99 -9.38 14.33 -3.69
0.10 -0.15 0.99 2.23 -25.21 1.39
0.20 -0.11 0.88 -0.12 -31.75 8.58
0.24 -0.08 0.87 -7.64 -5.16 16.36
0.12 -0.12 1.03 4.33 8.71 7.65
0.11 -0.09 0.94 3.18 -22.35 8.20
0.26 -0.10 0.95 -5.08 -21.22 6.07
0.16 -0.07 0.90 -0.52 9.86 3.67
0.19 -0.11 1.09 -5.41 3.17 -1.52
0.15 -0.04 0.92 -13.89 -40.40 -20.41
0.44 0.01 0.70 -78.48 -63.80 -1.11
0.63 -0.13 0.76 -139.62 46.09 -38.70
-0.27 -0.32 1.38 -20.58 249.99 12.90
-1.62 0.41 1.48 -68.98 17.60 -115.62
0.01 0.07 -0.14 -28.97 -190.99 -5.70
0.56 -0.46 2.00 238.14 -250.00 22.18
0.27 -0.54 1.14 -27.31 -16.38 -91.89
0.57 -0.38 1.00 37.97 -94.48 -183.16
0.81 -0.08 0.58 -1.34 -44.98 -212.55
0.83 -0.04 0.46 -54.64 123.29 -246.47
-0.04 -0.15 1.03 -85.65 188.69 -195.27
-0.08 -0.20 1.29 13.69 68.09 -80.47
0.32 -0.09 1.16 11.81 18.56 -70.88
0.43 0.07 0.70 7.28 7.77 -40.34
0.36 0.01 0.31 43.31 75.98 -23.83
0.07 0.11 0.75 25.56 105.25 22.07
-0.00 -0.09 1.39 -32.13 84.34 -10.67
-0.27 -0.32 1.38 -20.58 249.99 12.90
-1.62 0.41 1.48 -68.98 17.60 -115.62
0.01 0.07 -0.14 -28.97 -190.99 -5.70
0.56 -0.46 2.00 238.14 -250.00 22.18
0.53 0.10 1.21 -44.43 -126.17 -100.14
0.55 -0.10 0.45 -48.86 -115.28 -75.39
0.21 -0.19 0.31 17.31 188.21 -111.15
-0.58 -0.34 1.28 156.94 249.99 -95.92
-0.42 0.08 1.50 -7.54 -181.19 -158.22
0.09 0.33 0.52 4.52 -163.21 -44.42
0.58 0.25 -0.16 19.81 -176.85 19.56
1.32 0.30 0.70 176.35 28.20 -61.81
0.22 0.18 0.51 15.19 203.90 -85.55
-0.46 0.20 0.06 -57.09 232.38 -23.08
-0.96 -0.30 1.75 0.46 -154.54 -3.11
-0.03 -0.14 1.57 -83.45 -191.05 56.27
-0.27 -0.32 1.38 -20.58 249.99 12.90
-1.62 0.41 1.48 -68.98 17.60 -115.62
0.01 0.07 -0.14 -28.97 -190.99 -5.70
0.56 -0.46 2.00 238.14 -250.00 22.18
0.53 0.15 0.17 5.60 -250.00 60.58
1.34 -0.30 0.83 72.66 -167.99 22.96
1.27 -0.43 0.73 3.16 -69.03 6.29
0.63 0.27 0.05 -131.31 105.67 -2.24
-0.04 0.13 0.24 -131.38 249.99 2.74
-0.75 -0.50 1.27 -77.75 85.09 7.93
0.33 -0.99 1.74 2.65 -250.00 -184.49
0.72 0.30 -1.21 155.21 -176.09 -250.00
0.79 0.51 0.44 75.13 34.83 123.08
0.83 -0.16 1.26 76.83 189.70 11.38
0.75 0.24 0.71 -68.14 73.08 5.38