-0.00 -0.02 0.99 1.88 -3.60 1.59
0.01 -0.02 0.98 -0.76 0.63 3.01
-0.02 -0.01 0.98 -1.00 -1.29 2.46
0.02 -0.04 0.96 0.14 -1.95 -1.42
-0.00 -0.02 0.99 0.60 0.31 -0.43
0.02 -0.03 0.97 -1.30 -2.31 -2.08
0.01 -0.01 0.98 -2.12 -2.81 -5.34
0.50 -0.05 0.73 -2.89 -51.92 22.95
-0.46 -0.18 0.98 -38.18 54.94 -39.73
-0.32 -0.36 0.74 97.82 -44.73 -6.02
-0.10 -0.10 1.36 -12.08 -87.39 -37.57
0.06 0.40 1.08 12.88 -102.49 -29.67
0.06 0.39 0.74 -50.75 -25.75 16.62
0.48 0.02 0.66 -57.20 -37.10 0.77
0.73 -0.21 0.58 83.47 39.38 -64.05
-0.14 -0.11 1.15 12.65 171.70 8.81
-0.20 0.21 1.28 -18.00 -25.83 50.65
0.07 0.00 0.82 -37.59 2.50 -0.08
-0.07 -0.07 0.46 -57.70 72.55 -40.18
-0.38 -0.19 0.83 21.37 18.39 -52.81
-0.44 -0.40 1.66 157.01 -158.50 -54.08
0.01 -0.02 0.96 -3.16 -0.60 -3.79
-0.04 -0.01 1.01 -4.62 1.21 0.53
0.00 -0.03 1.01 -0.42 -1.75 1.98
-0.05 -0.02 0.98 -4.26 -3.72 11.13
-0.06 -0.02 1.00 0.20 -15.53 23.60
0.00 -0.00 0.92 0.72 -22.59 19.22
-0.03 0.00 1.01 5.02 -19.45 29.38
0.01 -0.01 1.01 0.78 -30.27 33.93
-0.06 0.04 0.95 -0.59 -24.29 39.46
0.10 0.04 0.92 -7.74 -43.06 32.56
0.02 0.03 0.98 7.13 -31.11 23.77
0.20 -0.05 0.90 15.79 -53.00 23.64
0.50 -0.05 0.73 -2.89 -51.92 22.95
-0.46 -0.18 0.98 -38.18 54.94 -39.73
-0.32 -0.36 0.74 97.82 -44.73 -6.02
-0.10 -0.10 1.36 -12.08 -87.39 -37.57
0.06 0.40 1.08 12.88 -102.49 -29.67
0.06 0.39 0.74 -50.75 -25.75 16.62
0.48 0.02 0.66 -57.20 -37.10 0.77
0.73 -0.21 0.58 83.47 39.38 -64.05
-0.14 -0.11 1.15 12.65 171.70 8.81
-0.20 0.21 1.28 -18.00 -25.83 50.65
0.07 0.00 0.82 -37.59 2.50 -0.08
-0.07 -0.07 0.46 -57.70 72.55 -40.18
-0.38 -0.19 0.83 21.37 18.39 -52.81
-0.44 -0.40 1.66 157.01 -158.50 -54.08
0.23 0.08 0.98 27.37 -25.79 8.86
0.35 0.15 0.96 6.16 -37.39 -2.82
0.46 0.13 0.86 10.85 1.44 -18.31
0.37 0.07 0.77 27.09 43.57 -19.63
0.40 -0.04 0.80 44.85 1.44 -15.67
0.20 0.10 1.09 -6.29 -0.43 -60.81
0.25 0.17 1.11 -7.10 -46.32 -67.31
0.46 0.23 1.03 -40.70 -47.12 -75.10
0.35 0.11 1.18 -45.90 40.44 -42.68
0.21 -0.04 0.86 -41.77 96.66 -54.75
-0.12 0.01 0.67 -27.86 101.04 -73.07
0.50 -0.05 0.73 -2.89 -51.92 22.95
-0.46 -0.18 0.98 -38.18 54.94 -39.73
-0.32 -0.36 0.74 97.82 -44.73 -6.02
-0.10 -0.10 1.36 -12.08 -87.39 -37.57
0.06 0.40 1.08 12.88 -102.49 -29.67
0.06 0.39 0.74 -50.75 -25.75 16.62
0.48 0.02 0.66 -57.20 -37.10 0.77
0.73 -0.21 0.58 83.47 39.38 -64.05
-0.14 -0.11 1.15 12.65 171.70 8.81
-0.20 0.21 1.28 -18.00 -25.83 50.65
0.07 0.00 0.82 -37.59 2.50 -0.08
-0.07 -0.07 0.46 -57.70 72.55 -40.18
-0.38 -0.19 0.83 21.37 18.39 -52.81
-0.44 -0.40 1.66 157.01 -158.50 -54.08
-0.35 -0.09 1.24 89.52 -133.13 -108.02
0.52 0.24 0.85 61.45 -183.66 -150.54
0.56 0.39 0.84 7.20 -41.34 -103.70
0.56 0.29 0.78 -39.50 0.15 -94.41
0.38 0.27 0.94 -58.58 16.33 -67.42
0.51 0.07 0.86 -40.11 0.15 -96.70
0.40 0.04 0.91 -52.91 35.98 -86.65
0.38 0.06 0.82 -48.15 48.41 -95.34
0.53 0.04 0.85 -42.10 14.87 -102.91
0.34 -0.14 1.02 -53.39 20.11 -124.22
0.39 -0.05 1.05 -35.88 -31.69 -101.33
0.50 -0.05 0.73 -2.89 -51.92 22.95
-0.46 -0.18 0.98 -38.18 54.94 -39.73
-0.32 -0.36 0.74 97.82 -44.73 -6.02
-0.10 -0.10 1.36 -12.08 -87.39 -37.57
0.06 0.40 1.08 12.88 -102.49 -29.67
0.06 0.39 0.74 -50.75 -25.75 16.62
0.48 0.02 0.66 -57.20 -37.10 0.77
0.73 -0.21 0.58 83.47 39.38 -64.05
-0.14 -0.11 1.15 12.65 171.70 8.81
-0.20 0.21 1.28 -18.00 -25.83 50.65
0.07 0.00 0.82 -37.59 2.50 -0.08
-0.07 -0.07 0.46 -57.70 72.55 -40.18
-0.38 -0.19 0.83 21.37 18.39 -52.81
-0.44 -0.40 1.66 157.01 -158.50 -54.08
0.53 0.08 0.88 -62.61 104.55 -84.02
0.00 -0.11 0.66 -30.14 222.07 -74.23
-0.69 -0.01 0.94 31.78 105.06 -78.41
-0.60 0.04 0.96 94.35 -133.42 -134.74
0.07 0.06 1.54 63.10 -250.00 -219.10
0.80 0.45 1.27 54.34 -109.35 -194.47
0.68 0.51 0.81 -29.79 -22.87 -116.55
0.31 0.29 1.00 -75.03 -13.15 -89.74
0.70 0.03 0.80 -54.58 -25.30 -113.53
0.80 -0.02 0.70 -73.51 64.04 -88.90
0.73 -0.08 0.78 -24.24 84.53 23.64
0.50 -0.05 0.73 -2.89 -51.92 22.95
-0.46 -0.18 0.98 -38.18 54.94 -39.73
-0.32 -0.36 0.74 97.82 -44.73 -6.02