0.28 0.08 0.10 -126.42 196.62 33.47
-0.18 -0.53 1.51 130.51 158.87 66.49
-1.83 -0.00 2.00 -2.11 222.38 -117.68
-0.62 0.17 0.46 -176.43 -250.00 94.91
0.44 -0.33 1.82 -24.70 -250.00 93.67
1.23 -0.40 0.88 88.36 -173.01 -44.83
1.08 -0.70 0.65 -42.60 -25.42 70.07
0.52 0.19 0.57 -61.36 162.45 60.71
-0.00 -0.14 0.83 15.97 204.11 35.21
-0.75 -0.77 0.77 -75.19 211.24 77.13
-0.26 -0.80 0.95 17.66 -89.66 -15.41
0.01 0.08 -0.21 -62.71 249.99 53.03
-0.27 -0.32 1.38 -20.58 249.99 12.90
-1.62 0.41 1.48 -68.98 17.60 -115.62
0.01 0.07 -0.14 -28.97 -190.99 -5.70
0.56 -0.46 2.00 238.14 -250.00 22.18
0.53 0.11 0.89 37.99 -250.00 36.93
0.33 -0.06 1.15 -87.85 -8.57 63.41
0.33 -0.50 0.47 -4.76 -53.66 39.44
0.44 -0.54 0.80 72.36 -123.79 73.53
0.96 -0.53 0.53 130.25 16.91 173.03
0.55 -0.23 0.88 -1.98 215.94 128.49
-0.29 0.09 0.93 -39.38 177.84 125.53
-0.55 -0.15 1.21 -26.89 -50.25 183.11
-0.18 -0.30 0.92 15.72 -153.95 13.99
0.46 -0.29 0.74 12.52 -132.93 18.65
0.19 -0.31 0.93 -2.08 52.60 106.25
-0.20 -0.14 0.80 -32.27 -35.00 104.35
0.01 0.08 -0.21 -62.71 249.99 53.03
-0.27 -0.32 1.38 -20.58 249.99 12.90
-1.62 0.41 1.48 -68.98 17.60 -115.62
0.01 0.07 -0.14 -28.97 -190.99 -5.70
0.56 -0.46 2.00 238.14 -250.00 22.18
0.54 -0.55 0.80 36.74 -136.02 66.78
0.68 -0.35 0.40 48.99 -99.76 103.95
0.82 -0.22 0.67 51.21 -41.79 118.81
0.89 -0.26 0.81 70.95 72.24 69.95
0.15 -0.09 0.84 31.65 227.72 82.66
-0.05 -0.10 1.12 -6.79 52.90 128.79
-0.02 -0.23 1.05 12.60 15.06 53.80
0.01 -0.23 0.98 8.26 -17.31 58.88
0.12 -0.21 0.71 10.98 2.22 43.71
0.06 -0.13 0.89 8.45 -34.19 9.35
0.16 -0.24 0.83 36.25 -69.11 -29.12
0.34 -0.24 0.86 16.83 -68.62 -15.16
-0.27 -0.32 1.38 -20.58 249.99 12.90
-1.62 0.41 1.48 -68.98 17.60 -115.62
0.01 0.07 -0.14 -28.97 -190.99 -5.70
0.56 -0.46 2.00 238.14 -250.00 22.18
0.39 -0.17 1.00 11.00 7.42 -10.25
0.28 -0.14 0.93 10.07 -19.83 -20.65
0.36 -0.13 0.86 12.23 12.86 3.23
0.20 -0.08 0.86 -3.69 32.83 24.91
0.24 -0.12 0.99 12.85 2.72 11.15
0.17 -0.11 0.94 14.94 9.71 16.20
0.35 -0.08 0.87 -1.75 -20.22 15.59
0.33 -0.07 0.89 -3.08 7.23 -8.31
0.21 -0.14 0.93 14.63 32.10 0.03
0.27 -0.11 0.93 8.19 -6.12 0.56
0.27 -0.09 0.93 6.56 25.11 -5.10
0.17 -0.09 0.95 -6.17 27.02 1.00
-0.27 -0.32 1.38 -20.58 249.99 12.90
-1.62 0.41 1.48 -68.98 17.60 -115.62
0.01 0.07 -0.14 -28.97 -190.99 -5.70