0.15 0.11 -0.16 29.07 -211.49 24.00 
0.20 -0.19 0.83 -9.67 10.49 6.39
0.26 -0.35 0.96 25.44 -9.99 -2.37
0.28 -0.27 0.99 9.28 -7.82 7.32
0.34 -0.19 0.87 13.67 -10.70 -4.60
0.27 -0.22 0.89 5.36 10.15 8.08
0.25 -0.23 0.87 1.37 4.91 9.65
0.26 -0.24 0.97 -2.93 -9.13 3.39
0.29 -0.16 0.85 -17.72 0.77 7.87
0.30 -0.34 0.93 -3.10 3.28 0.11
0.29 -0.24 0.79 12.69 14.67 3.56
0.27 -0.20 0.93 2.78 -4.46 -3.29
0.24 -0.21 0.94 -4.02 2.07 -2.85
0.31 -0.22 0.78 -21.00 -2.03 -4.80
0.29 -0.42 0.98 0.81 13.67 -1.32
0.28 -0.21 0.87 -3.04 11.73 -4.94
0.82 -0.15 2.00 164.83 -248.52 20.37
0.68 0.05 1.45 -47.84 7.42 53.13
0.32 0.02 -0.17 -38.54 224.66 6.57
-0.08 -0.24 0.23 -21.53 249.99 -15.24
-1.44 0.42 2.00 -90.51 67.82 -104.45
-0.04 0.18 0.29 -0.70 -188.32 -11.06
0.42 0.05 -0.18 5.65 -170.26 16.31
1.41 0.59 0.66 25.00 -52.70 19.21
0.77 0.09 0.24 -68.01 110.43 16.99
0.04 0.01 -0.27 -51.64 249.99 -1.07
-0.93 -0.63 2.00 241.25 10.00 -24.09
0.20 -0.19 0.83 -9.67 10.49 6.39
0.26 -0.35 0.96 25.44 -9.99 -2.37
0.28 -0.27 0.99 9.28 -7.82 7.32
0.34 -0.19 0.87 13.67 -10.70 -4.60
0.27 -0.22 0.89 5.36 10.15 8.08
0.25 -0.23 0.87 1.37 4.91 9.65
0.26 -0.24 0.97 -2.93 -9.13 3.39
0.29 -0.16 0.85 -17.72 0.77 7.87
0.30 -0.34 0.93 -3.10 3.28 0.11
0.29 -0.24 0.79 12.69 14.67 3.56
0.27 -0.20 0.93 2.78 -4.46 -3.29
0.24 -0.21 0.94 -4.02 2.07 -2.85
0.31 -0.22 0.78 -21.00 -2.03 -4.80
0.29 -0.42 0.98 0.81 13.67 -1.32
0.28 -0.21 0.87 -3.04 11.73 -4.94
0.18 0.09 -0.27 12.39 -186.12 25.74
0.87 -0.19 2.00 147.35 -250.00 15.05
1.01 0.04 1.20 -84.60 29.27 62.26
0.21 0.03 -0.37 -47.55 249.99 -7.51
-0.10 -0.35 1.96 5.36 249.99 -29.70
-1.20 0.35 1.91 -79.99 -60.27 -145.96
-0.05 0.09 -0.13 18.05 -186.67 19.03
0.58 0.08 0.09 16.56 -173.01 42.49
1.03 0.38 1.46 -143.65 61.84 43.71
0.44 -0.04 -0.28 -33.49 242.33 2.58
0.03 -0.35 0.25 -50.74 249.99 -27.95
-1.62 0.18 2.00 -71.948 -180.566 0.95 
0.20 -0.19 0.83 -9.67 10.49 6.39
0.26 -0.35 0.96 25.44 -9.99 -2.37
0.28 -0.27 0.99 9.28 -7.82 7.32
0.34 -0.19 0.87 13.67 -10.70 -4.60
0.27 -0.22 0.89 5.36 10.15 8.08
0.25 -0.23 0.87 1.37 4.91 9.65
0.26 -0.24 0.97 -2.93 -9.13 3.39
0.29 -0.16 0.85 -17.72 0.77 7.87
0.30 -0.34 0.93 -3.10 3.28 0.11
0.29 -0.24 0.79 12.69 14.67 3.56
0.27 -0.20 0.93 2.78 -4.46 -3.29
0.24 -0.21 0.94 -4.02 2.07 -2.85
0.31 -0.22 0.78 -21.00 -2.03 -4.80
0.29 -0.42 0.98 0.81 13.67 -1.32
0.28 -0.21 0.87 -3.04 11.73 -4.94
-0.23 0.20 0.14 -18.59 -195.84 25.60
0.59 0.02 -0.20 -4.17 -224.74 46.49
1.29 0.64 0.80 -95.66 81.92 24.77
0.50 0.08 -0.27 -42.30 189.78 27.53
0.02 -0.25 -0.03 -58.30 249.99 -9.57
-1.74 0.04 2.00 -42.82 193.99 -167.76
-0.30 0.27 0.26 0.65 -250.00 25.76
0.54 0.04 -0.32 23.95 -242.69 40.81
1.46 0.58 0.20 -115.71 -23.27 22.76
0.45 0.05 -0.41 -100.14 237.31 74.81
0.04 -0.71 1.93 -21.43 242.71 -4.33
0.20 -0.19 0.83 -9.67 10.49 6.39
0.26 -0.35 0.96 25.44 -9.99 -2.37
0.28 -0.27 0.99 9.28 -7.82 7.32
0.34 -0.19 0.87 13.67 -10.70 -4.60
0.27 -0.22 0.89 5.36 10.15 8.08
0.25 -0.23 0.87 1.37 4.91 9.65
0.26 -0.24 0.97 -2.93 -9.13 3.39
0.29 -0.16 0.85 -17.72 0.77 7.87
0.30 -0.34 0.93 -3.10 3.28 0.11
0.29 -0.24 0.79 12.69 14.67 3.56
0.27 -0.20 0.93 2.78 -4.46 -3.29
0.24 -0.21 0.94 -4.02 2.07 -2.85
0.31 -0.22 0.78 -21.00 -2.03 -4.80
0.29 -0.42 0.98 0.81 13.67 -1.32
0.28 -0.21 0.87 -3.04 11.73 -4.94
-0.57 -0.01 0.36 -63.63 -85.77 108.76
0.32 -0.18 0.63 38.82 -250.00 68.11
1.18 1.39 0.70 -136.60 -176.48 71.75
0.53 -0.07 -0.22 -51.42 160.34 58.36
-0.08 -0.77 2.00 83.33 240.23 -39.07
-1.29 -0.19 1.68 18.72 132.06 -65.82
-0.50 -0.03 0.29 -69.22 -192.07 153.67
0.31 -0.75 1.68 211.71 -250.00 110.32
0.69 0.47 0.70 -183.56 -13.70 108.45
0.18 -0.10 -0.25 -118.10 232.16 19.71
0.20 -0.19 0.83 -9.67 10.49 6.39
0.26 -0.35 0.96 25.44 -9.99 -2.37
0.28 -0.27 0.99 9.28 -7.82 7.32
0.34 -0.19 0.87 13.67 -10.70 -4.60
0.27 -0.22 0.89 5.36 10.15 8.08
0.25 -0.23 0.87 1.37 4.91 9.65
0.26 -0.24 0.97 -2.93 -9.13 3.39
0.29 -0.16 0.85 -17.72 0.77 7.87
0.30 -0.34 0.93 -3.10 3.28 0.11
0.29 -0.24 0.79 12.69 14.67 3.56
0.27 -0.20 0.93 2.78 -4.46 -3.29
0.24 -0.21 0.94 -4.02 2.07 -2.85
0.31 -0.22 0.78 -21.00 -2.03 -4.80
0.29 -0.42 0.98 0.81 13.67 -1.32
0.28 -0.21 0.87 -3.04 11.73 -4.94
-0.89 -0.79 1.63 -36.02 -26.27 -113.01
-0.07 0.23 0.26 -34.65 -250.00 -31.39
0.70 0.23 -0.41 48.76 -99.27 62.42
0.95 0.74 0.42 128.13 -29.37 25.76
0.54 -0.05 0.67 -45.87 76.73 -13.47
0.10 -0.01 -0.26 13.75 249.99 -59.95
-1.08 -0.40 2.00 212.04 10.92 -104.52
-0.52 0.24 1.23 -50.51 -208.05 -89.76
0.13 0.16 -0.08 -14.13 -139.52 32.26
0.71 -0.24 1.57 85.88 -137.89 19.65
0.67 0.04 1.85 -100.09 87.65 0.89
0.20 -0.19 0.83 -9.67 10.49 6.39
0.26 -0.35 0.96 25.44 -9.99 -2.37
0.28 -0.27 0.99 9.28 -7.82 7.32
0.34 -0.19 0.87 13.67 -10.70 -4.60
0.27 -0.22 0.89 5.36 10.15 8.08
0.25 -0.23 0.87 1.37 4.91 9.65
0.26 -0.24 0.97 -2.93 -9.13 3.39
0.29 -0.16 0.85 -17.72 0.77 7.87
0.30 -0.34 0.93 -3.10 3.28 0.11
0.29 -0.24 0.79 12.69 14.67 3.56
0.27 -0.20 0.93 2.78 -4.46 -3.29
0.24 -0.21 0.94 -4.02 2.07 -2.85
0.31 -0.22 0.78 -21.00 -2.03 -4.80
0.29 -0.42 0.98 0.81 13.67 -1.32
0.28 -0.21 0.87 -3.04 11.73 -4.94
-0.12 -0.11 0.03 -14.49 249.99 -2.66
-1.28 0.16 1.80 -25.02 162.13 -91.49
-0.24 0.30 0.47 -24.14 -205.47 12.25
0.34 0.02 -0.16 -14.42 -150.19 37.91
1.36 0.30 1.05 151.05 -21.06 -8.71
0.62 -0.02 0.58 -66.50 53.36 20.52
0.08 0.04 -0.32 -42.18 249.99 1.95
0.25 -0.23 0.87 1.37 4.91 9.65
0.26 -0.24 0.97 -2.93 -9.13 3.39
0.29 -0.16 0.85 -17.72 0.77 7.87
0.30 -0.34 0.93 -3.10 3.28 0.11
0.29 -0.24 0.79 12.69 14.67 3.56
0.27 -0.20 0.93 2.78 -4.46 -3.29
0.24 -0.21 0.94 -4.02 2.07 -2.85
0.31 -0.22 0.78 -21.00 -2.03 -4.80
0.29 -0.42 0.98 0.81 13.67 -1.32
0.28 -0.21 0.87 -3.04 11.73 -4.94
-0.89 -0.79 1.63 -36.02 -26.27 -113.01
-0.07 0.23 0.26 -34.65 -250.00 -31.39
0.70 0.23 -0.41 48.76 -99.27 62.42
0.95 0.74 0.42 128.13 -29.37 25.76
0.54 -0.05 0.67 -45.87 76.73 -13.47
0.10 -0.01 -0.26 13.75 249.99 -59.95
-1.08 -0.40 2.00 212.04 10.92 -104.52
-0.52 0.24 1.23 -50.51 -208.05 -89.76
0.13 0.16 -0.08 -14.13 -139.52 32.26
0.71 -0.24 1.57 85.88 -137.89 19.65
0.67 0.04 1.85 -100.09 87.65 0.89
0.20 -0.19 0.83 -9.67 10.49 6.39
0.26 -0.35 0.96 25.44 -9.99 -2.37
0.28 -0.27 0.99 9.28 -7.82 7.32
0.34 -0.19 0.87 13.67 -10.70 -4.60
0.27 -0.22 0.89 5.36 10.15 8.08
0.25 -0.23 0.87 1.37 4.91 9.65
0.26 -0.24 0.97 -2.93 -9.13 3.39
0.29 -0.16 0.85 -17.72 0.77 7.87
0.30 -0.34 0.93 -3.10 3.28 0.11
0.29 -0.24 0.79 12.69 14.67 3.56
0.27 -0.20 0.93 2.78 -4.46 -3.29
0.24 -0.21 0.94 -4.02 2.07 -2.85
0.31 -0.22 0.78 -21.00 -2.03 -4.80
0.29 -0.42 0.98 0.81 13.67 -1.32
0.28 -0.21 0.87 -3.04 11.73 -4.94
-0.12 -0.11 0.03 -14.49 249.99 -2.66
-1.28 0.16 1.80 -25.02 162.13 -91.49
-0.24 0.30 0.47 -24.14 -205.47 12.25
0.34 0.02 -0.16 -14.42 -150.19 37.91
1.36 0.30 1.05 151.05 -21.06 -8.71
0.62 -0.02 0.58 -66.50 53.36 20.52
0.08 0.04 -0.32 -42.18 249.99 1.95
-0.22 -0.45 1.90 59.74 164.51 -13.55
-1.24 0.44 2.00 -65.95 -116.13 -109.41
0.07 0.17 -0.17 -13.45 -245.21 39.79
0.20 -0.19 0.83 -9.67 10.49 6.39
0.26 -0.35 0.96 25.44 -9.99 -2.37
0.28 -0.27 0.99 9.28 -7.82 7.32
0.34 -0.19 0.87 13.67 -10.70 -4.60
0.27 -0.22 0.89 5.36 10.15 8.08
0.25 -0.23 0.87 1.37 4.91 9.65
0.26 -0.24 0.97 -2.93 -9.13 3.39
0.29 -0.16 0.85 -17.72 0.77 7.87
0.30 -0.34 0.93 -3.10 3.28 0.11
0.29 -0.24 0.79 12.69 14.67 3.56
0.27 -0.20 0.93 2.78 -4.46 -3.29
0.24 -0.21 0.94 -4.02 2.07 -2.85
0.31 -0.22 0.78 -21.00 -2.03 -4.80
0.29 -0.42 0.98 0.81 13.67 -1.32
0.28 -0.21 0.87 -3.04 11.73 -4.94
0.95 0.40 1.46 -125.72 6.96 -15.98
0.40 0.03 0.15 -67.62 156.26 1.30
-0.03 -0.21 -0.18 -81.12 249.99 5.82
-0.88 -0.92 1.29 249.99 194.37 -38.58
-0.46 0.30 0.78 -6.13 -250.00 -34.77
0.43 0.09 -0.39 19.26 -246.60 36.22
1.60 0.32 1.59 153.85 -21.05 -29.25
0.52 0.14 0.63 -71.77 136.59 -7.75
-0.03 0.03 -0.29 -62.74 249.99 -4.43
-0.82 -0.63 2.00 201.32 27.77 1.92
-1.14 0.31 1.32 -76.71 -156.39 -73.26
0.20 -0.19 0.83 -9.67 10.49 6.39
0.26 -0.35 0.96 25.44 -9.99 -2.37
0.28 -0.27 0.99 9.28 -7.82 7.32
0.34 -0.19 0.87 13.67 -10.70 -4.60
0.27 -0.22 0.89 5.36 10.15 8.08
0.25 -0.23 0.87 1.37 4.91 9.65
0.26 -0.24 0.97 -2.93 -9.13 3.39
0.29 -0.16 0.85 -17.72 0.77 7.87
0.30 -0.34 0.93 -3.10 3.28 0.11
0.29 -0.24 0.79 12.69 14.67 3.56
0.27 -0.20 0.93 2.78 -4.46 -3.29
0.24 -0.21 0.94 -4.02 2.07 -2.85
0.31 -0.22 0.78 -21.00 -2.03 -4.80
0.29 -0.42 0.98 0.81 13.67 -1.32
0.28 -0.21 0.87 -3.04 11.73 -4.94
0.82 -0.04 1.90 107.15 -250.00 4.20
0.45 0.18 2.00 -88.94 69.66 71.66
0.30 -0.01 -0.16 -50.32 203.47 30.58
0.03 -0.25 -0.02 -74.39 249.99 12.12
-1.53 0.07 1.81 -65.79 205.23 -96.32
-0.28 0.16 0.44 -38.20 -208.92 40.23
0.50 -0.10 -0.10 -10.86 -222.91 28.90
1.13 1.13 0.58 52.99 2.78 28.85
0.55 0.07 0.18 -67.09 121.80 70.46
-0.03 -0.05 -0.27 -64.62 249.99 37.35
-0.83 -0.65 1.18 249.99 107.32 -1.67
0.20 -0.19 0.83 -9.67 10.49 6.39
0.26 -0.35 0.96 25.44 -9.99 -2.37
0.28 -0.27 0.99 9.28 -7.82 7.32
0.34 -0.19 0.87 13.67 -10.70 -4.60
0.27 -0.22 0.89 5.36 10.15 8.08
0.25 -0.23 0.87 1.37 4.91 9.65
0.26 -0.24 0.97 -2.93 -9.13 3.39
0.29 -0.16 0.85 -17.72 0.77 7.87
0.30 -0.34 0.93 -3.10 3.28 0.11
0.29 -0.24 0.79 12.69 14.67 3.56
0.27 -0.20 0.93 2.78 -4.46 -3.29
0.24 -0.21 0.94 -4.02 2.07 -2.85
0.31 -0.22 0.78 -21.00 -2.03 -4.80
0.29 -0.42 0.98 0.81 13.67 -1.32
0.28 -0.21 0.87 -3.04 11.73 -4.94
0.28 0.04 -0.28 4.93 -231.98 51.90
0.79 -0.53 2.00 249.99 -250.00 -6.81
0.72 0.05 0.87 -72.67 50.46 68.31
0.11 0.03 -0.35 -49.62 249.99 20.04
-0.27 -0.45 1.83 8.48 249.99 2.62
-1.82 0.36 2.00 -84.60 20.92 -84.09
-0.02 0.16 0.01 -17.38 -250.00 66.79
0.74 -0.12 0.22 0.82 -248.24 18.68
0.86 0.59 2.00 -99.14 63.75 1.05
0.43 0.09 0.05 -60.68 150.60 34.93
-0.03 -0.15 -0.27 -84.30 249.99 21.06
0.20 -0.19 0.83 -9.67 10.49 6.39
0.26 -0.35 0.96 25.44 -9.99 -2.37
0.28 -0.27 0.99 9.28 -7.82 7.32
0.34 -0.19 0.87 13.67 -10.70 -4.60
0.27 -0.22 0.89 5.36 10.15 8.08
0.25 -0.23 0.87 1.37 4.91 9.65
0.26 -0.24 0.97 -2.93 -9.13 3.39
0.29 -0.16 0.85 -17.72 0.77 7.87
0.30 -0.34 0.93 -3.10 3.28 0.11
0.29 -0.24 0.79 12.69 14.67 3.56
0.27 -0.20 0.93 2.78 -4.46 -3.29
0.24 -0.21 0.94 -4.02 2.07 -2.85
0.31 -0.22 0.78 -21.00 -2.03 -4.80
0.29 -0.42 0.98 0.81 13.67 -1.32
0.28 -0.21 0.87 -3.04 11.73 -4.94
-0.65 0.26 0.65 -41.99 -250.00 55.24
0.43 -0.04 -0.15 -6.41 -250.00 61.95
1.59 0.40 0.69 115.68 -15.37 -68.24
0.80 0.03 0.23 -67.02 104.42 35.15
0.05 -0.02 -0.33 -54.54 249.99 6.18
-1.08 -0.90 2.00 204.97 178.50 28.75
-1.57 0.55 1.08 -65.12 -193.70 -2.04
0.25 0.12 -0.17 -53.43 -250.00 91.76
1.24 -0.69 1.82 213.07 -136.59 -43.90
0.29 0.32 1.51 -122.44 15.91 21.69
0.20 -0.19 0.83 -9.67 10.49 6.39
0.26 -0.35 0.96 25.44 -9.99 -2.37