0.26 -0.24 0.97 -2.93 -9.13 3.39
0.29 -0.16 0.85 -17.72 0.77 7.87
0.30 -0.34 0.93 -3.10 3.28 0.11
0.29 -0.24 0.79 12.69 14.67 3.56
0.27 -0.20 0.93 2.78 -4.46 -3.29
0.24 -0.21 0.94 -4.02 2.07 -2.85
0.31 -0.22 0.78 -21.00 -2.03 -4.80
0.29 -0.42 0.98 0.81 13.67 -1.32
0.28 -0.21 0.87 -3.04 11.73 -4.94
-0.65 0.26 0.65 -41.99 -250.00 55.24
0.43 -0.04 -0.15 -6.41 -250.00 61.95
1.59 0.40 0.69 115.68 -15.37 -68.24
0.80 0.03 0.23 -67.02 104.42 35.15
0.05 -0.02 -0.33 -54.54 249.99 6.18
-1.08 -0.90 2.00 204.97 178.50 28.75
-1.57 0.55 1.08 -65.12 -193.70 -2.04
0.25 0.12 -0.17 -53.43 -250.00 91.76
1.24 -0.69 1.82 213.07 -136.59 -43.90
0.29 0.32 1.51 -122.44 15.91 21.69
0.20 -0.19 0.83 -9.67 10.49 6.39
0.26 -0.35 0.96 25.44 -9.99 -2.37
0.28 -0.27 0.99 9.28 -7.82 7.32
0.34 -0.19 0.87 13.67 -10.70 -4.60
0.27 -0.22 0.89 5.36 10.15 8.08
0.25 -0.23 0.87 1.37 4.91 9.65
0.26 -0.24 0.97 -2.93 -9.13 3.39
0.29 -0.16 0.85 -17.72 0.77 7.87
0.30 -0.34 0.93 -3.10 3.28 0.11
0.29 -0.24 0.79 12.69 14.67 3.56
0.27 -0.20 0.93 2.78 -4.46 -3.29
0.24 -0.21 0.94 -4.02 2.07 -2.85
0.31 -0.22 0.78 -21.00 -2.03 -4.80
0.29 -0.42 0.98 0.81 13.67 -1.32
0.28 -0.21 0.87 -3.04 11.73 -4.94
-0.06 -0.20 -0.16 -97.41 249.99 9.81
-1.20 -0.88 1.24 186.71 249.38 -50.46
-0.55 0.24 0.74 -11.55 -250.00 34.38
0.47 0.01 -0.33 -10.70 -239.58 59.56
1.48 0.22 0.81 200.28 -28.90 -50.48
0.27 0.09 0.84 -67.34 40.78 12.12
0.21 0.01 -0.23 -63.80 137.05 13.87
-0.00 -0.39 0.96 -37.76 181.05 0.96
-1.52 0.10 2.00 -43.40 141.39 -142.20
-0.11 0.21 0.45 -6.14 -250.00 16.40
0.49 0.10 -0.43 -32.74 -211.40 37.39
0.20 -0.19 0.83 -9.67 10.49 6.39
0.26 -0.35 0.96 25.44 -9.99 -2.37
0.28 -0.27 0.99 9.28 -7.82 7.32
0.34 -0.19 0.87 13.67 -10.70 -4.60
0.27 -0.22 0.89 5.36 10.15 8.08
0.25 -0.23 0.87 1.37 4.91 9.65
0.26 -0.24 0.97 -2.93 -9.13 3.39
0.29 -0.16 0.85 -17.72 0.77 7.87
0.30 -0.34 0.93 -3.10 3.28 0.11
0.29 -0.24 0.79 12.69 14.67 3.56
0.27 -0.20 0.93 2.78 -4.46 -3.29
0.24 -0.21 0.94 -4.02 2.07 -2.85
0.31 -0.22 0.78 -21.00 -2.03 -4.80
0.29 -0.42 0.98 0.81 13.67 -1.32
0.28 -0.21 0.87 -3.04 11.73 -4.94
0.76 0.04 0.61 -92.85 19.50 17.45
0.21 0.02 -0.21 -74.91 209.53 -6.54
-0.35 -0.62 2.00 67.34 195.77 15.12
-1.45 0.22 2.00 -25.10 41.54 -185.98
-0.16 0.34 0.60 2.94 -250.00 24.43
0.46 0.08 -0.58 -28.31 -161.52 53.81
1.21 0.13 0.93 231.96 -9.03 -81.44
0.76 0.06 1.08 -91.96 17.98 27.35
0.27 0.06 -0.13 -69.92 161.25 -16.44
-0.08 -0.42 1.71 19.39 186.33 -14.40
-1.17 0.35 2.00 -43.66 154.21 -197.28
0.20 -0.19 0.83 -9.67 10.49 6.39
0.26 -0.35 0.96 25.44 -9.99 -2.37
0.28 -0.27 0.99 9.28 -7.82 7.32
0.34 -0.19 0.87 13.67 -10.70 -4.60
0.27 -0.22 0.89 5.36 10.15 8.08
0.25 -0.23 0.87 1.37 4.91 9.65
0.26 -0.24 0.97 -2.93 -9.13 3.39
0.29 -0.16 0.85 -17.72 0.77 7.87
0.30 -0.34 0.93 -3.10 3.28 0.11
0.29 -0.24 0.79 12.69 14.67 3.56
0.27 -0.20 0.93 2.78 -4.46 -3.29
0.24 -0.21 0.94 -4.02 2.07 -2.85
0.31 -0.22 0.78 -21.00 -2.03 -4.80
0.29 -0.42 0.98 0.81 13.67 -1.32
0.28 -0.21 0.87 -3.04 11.73 -4.94
0.36 -0.08 -0.10 -44.35 -133.01 60.23
0.86 0.09 1.12 178.49 -134.99 -63.58
0.90 0.05 1.10 -102.94 24.99 39.53
0.24 0.10 0.08 -90.69 146.52 -13.85
-0.19 -0.60 2.00 120.97 171.74 -11.86
-1.20 0.20 1.97 -15.82 -22.93 -142.95
0.02 0.32 0.43 -24.45 -226.38 1.01
0.51 0.05 0.05 -2.54 -117.52 62.13
0.99 0.01 0.63 95.44 2.49 -29.81
0.77 0.00 1.30 -84.56 40.41 -6.65
0.30 0.25 0.39 -63.10 133.76 -50.73
0.20 -0.19 0.83 -9.67 10.49 6.39
0.26 -0.35 0.96 25.44 -9.99 -2.37
0.28 -0.27 0.99 9.28 -7.82 7.32
0.34 -0.19 0.87 13.67 -10.70 -4.60
0.27 -0.22 0.89 5.36 10.15 8.08
0.25 -0.23 0.87 1.37 4.91 9.65
0.26 -0.24 0.97 -2.93 -9.13 3.39
0.29 -0.16 0.85 -17.72 0.77 7.87
0.30 -0.34 0.93 -3.10 3.28 0.11
0.29 -0.24 0.79 12.69 14.67 3.56
0.27 -0.20 0.93 2.78 -4.46 -3.29
0.24 -0.21 0.94 -4.02 2.07 -2.85
0.31 -0.22 0.78 -21.00 -2.03 -4.80
0.29 -0.42 0.98 0.81 13.67 -1.32
0.28 -0.21 0.87 -3.04 11.73 -4.94
-0.81 -0.10 1.77 13.02 249.99 -142.85
-0.24 0.59 0.84 -73.56 -250.00 -9.79
0.33 0.16 -0.38 -70.03 -125.50 42.99
1.04 -0.43 0.89 184.52 -65.86 -73.43
1.35 -0.16 1.10 -69.79 -9.17 -18.00
0.49 0.17 0.34 -104.72 162.70 -96.24
-0.00 -0.13 0.04 -43.07 249.99 -68.57
-0.83 -0.07 1.81 51.03 148.00 -166.66
-0.01 0.41 0.54 -24.11 -250.00 -98.56
0.54 0.21 -0.57 -68.34 -141.40 17.23
0.20 -0.19 0.83 -9.67 10.49 6.39
0.26 -0.35 0.96 25.44 -9.99 -2.37
0.28 -0.27 0.99 9.28 -7.82 7.32
0.34 -0.19 0.87 13.67 -10.70 -4.60
0.27 -0.22 0.89 5.36 10.15 8.08
0.25 -0.23 0.87 1.37 4.91 9.65
0.26 -0.24 0.97 -2.93 -9.13 3.39
0.29 -0.16 0.85 -17.72 0.77 7.87
0.30 -0.34 0.93 -3.10 3.28 0.11
0.29 -0.24 0.79 12.69 14.67 3.56
0.27 -0.20 0.93 2.78 -4.46 -3.29
0.24 -0.21 0.94 -4.02 2.07 -2.85
0.31 -0.22 0.78 -21.00 -2.03 -4.80
0.29 -0.42 0.98 0.81 13.67 -1.32
0.28 -0.21 0.87 -3.04 11.73 -4.94
1.08 -0.20 1.10 -58.17 -0.94 -41.82
0.24 0.16 0.10 -62.81 189.13 -95.57
-0.17 -0.15 0.45 -1.60 249.99 -26.50
-1.27 0.52 2.00 -12.77 -59.01 -151.60
0.19 0.40 -0.07 -29.88 -250.00 -43.39
0.57 0.07 -0.23 -78.07 -70.34 41.85
1.40 0.01 0.85 38.80 -56.50 -16.34
1.07 -0.06 0.40 -96.74 121.95 -23.51
-0.08 0.03 -0.19 -75.58 249.99 -3.41
-0.90 -0.55 2.00 232.96 162.04 36.86
-0.85 0.42 1.22 -50.37 -250.00 -43.02
0.20 -0.19 0.83 -9.67 10.49 6.39
0.26 -0.35 0.96 25.44 -9.99 -2.37
0.28 -0.27 0.99 9.28 -7.82 7.32
0.31 -0.22 0.78 -21.00 -2.03 -4.80
0.29 -0.42 0.98 0.81 13.67 -1.32
0.28 -0.21 0.87 -3.04 11.73 -4.94
0.12 -0.17 1.10 -59.51 20.81 70.34
0.59 -0.45 1.09 13.92 -82.26 15.53
0.63 -0.39 0.73 45.20 5.01 -1.88
0.22 -0.12 0.54 9.42 50.79 63.62
0.58 -0.22 0.96 32.01 -28.64 60.44
0.49 -0.38 0.73 46.37 45.85 57.56
0.28 -0.37 0.87 -1.48 58.68 51.85
0.21 -0.24 0.73 14.40 -46.22 28.47
0.42 -0.28 0.93 10.77 -63.73 -6.07
0.47 -0.24 0.77 4.36 -30.00 -0.03
0.45 -0.27 0.94 -10.22 4.37 -3.43
0.25 -0.40 .35 1.16 25.27 -2.86 
0.20 -0.19 0.83 -9.67 10.49 6.39
0.26 -0.35 0.96 25.44 -9.99 -2.37
0.28 -0.27 0.99 9.28 -7.82 7.32
0.34 -0.19 0.87 13.67 -10.70 -4.60
0.27 -0.22 0.89 5.36 10.15 8.08
0.25 -0.23 0.87 1.37 4.91 9.65
0.26 -0.24 0.97 -2.93 -9.13 3.39
0.29 -0.16 0.85 -17.72 0.77 7.87
0.30 -0.34 0.93 -3.10 3.28 0.11
0.29 -0.24 0.79 12.69 14.67 3.56
0.27 -0.20 0.93 2.78 -4.46 -3.29
0.24 -0.21 0.94 -4.02 2.07 -2.85
0.31 -0.22 0.78 -21.00 -2.03 -4.80
0.29 -0.42 0.98 0.81 13.67 -1.32
0.28 -0.21 0.87 -3.04 11.73 -4.94
0.43 -0.26 0.81 -28.15 -2.75 -11.45
0.57 -0.34 0.98 -23.87 -3.15 -21.98
0.53 -0.36 0.88 -9.38 1.61 -36.84
0.39 -0.27 0.79 5.36 30.01 -15.85
0.35 -0.21 0.73 19.68 18.75 20.65
0.51 -0.26 0.89 32.59 9.81 15.29
0.09 -0.13 0.85 -13.01 60.13 64.83
0.45 -0.32 0.99 43.40 -86.77 41.07
0.28 -0.26 0.94 0.20 8.42 86.34
0.40 -0.25 0.73 11.41 -73.78 55.95
0.61 -0.41 0.88 22.29 -19.01 34.32
0.25 -0.40 0.35 1.16 25.27 -2.86
0.20 -0.19 0.83 -9.67 10.49 6.39
0.26 -0.35 0.96 25.44 -9.99 -2.37
0.28 -0.27 0.99 9.28 -7.82 7.32
0.34 -0.19 0.87 13.67 -10.70 -4.60
0.27 -0.22 0.89 5.36 10.15 8.08
0.25 -0.23 0.87 1.37 4.91 9.65
0.26 -0.24 0.97 -2.93 -9.13 3.39
0.29 -0.16 0.85 -17.72 0.77 7.87
0.30 -0.34 0.93 -3.10 3.28 0.11
0.29 -0.24 0.79 12.69 14.67 3.56
0.27 -0.20 0.93 2.78 -4.46 -3.29
0.24 -0.21 0.94 -4.02 2.07 -2.85
0.31 -0.22 0.78 -21.00 -2.03 -4.80
0.29 -0.42 0.98 0.81 13.67 -1.32
0.28 -0.21 0.87 -3.04 11.73 -4.94
0.53 -0.36 0.81 32.55 -5.15 14.01
0.27 -0.19 1.12 -12.09 0.60 26.54
0.62 -0.33 0.77 12.08 -39.20 -13.43
0.42 -0.25 0.80 0.89 32.22 -10.07
0.45 -0.21 0.82 20.39 -10.33 -27.50
0.29 -0.15 0.79 7.26 52.15 30.36
0.29 -0.05 0.83 -14.73 -22.71 7.43
0.52 -0.32 0.85 -3.21 -29.82 12.72
0.47 -0.31 0.81 1.05 0.60 15.85
0.50 -0.33 0.82 32.71 3.81 12.25
0.26 -0.18 0.95 16.94 13.37 27.40
0.41 -0.14 0.78 -12.36 -0.27 1.004
0.20 -0.19 0.83 -9.67 10.49 6.39
0.26 -0.35 0.96 25.44 -9.99 -2.37
0.28 -0.27 0.99 9.28 -7.82 7.32
0.34 -0.19 0.87 13.67 -10.70 -4.60
0.27 -0.22 0.89 5.36 10.15 8.08
0.25 -0.23 0.87 1.37 4.91 9.65
0.26 -0.24 0.97 -2.93 -9.13 3.39
0.29 -0.16 0.85 -17.72 0.77 7.87
0.30 -0.34 0.93 -3.10 3.28 0.11
0.29 -0.24 0.79 12.69 14.67 3.56
0.27 -0.20 0.93 2.78 -4.46 -3.29
0.24 -0.21 0.94 -4.02 2.07 -2.85
0.31 -0.22 0.78 -21.00 -2.03 -4.80
0.29 -0.42 0.98 0.81 13.67 -1.32
0.28 -0.21 0.87 -3.04 11.73 -4.94
0.63 -0.32 0.62 23.25 -18.83 12.14
0.20 -0.18 1.07 -6.37 25.62 57.16
0.46 -0.27 0.85 4.68 -59.55 0.35
0.57 -0.33 0.80 35.76 -0.57 12.12
0.27 -0.22 0.95 21.78 26.56 46.70
0.47 -0.24 0.80 43.09 -41.12 29.29
0.50 -0.15 0.95 32.18 -30.97 39.18
0.49 -0.09 0.65 6.31 -6.40 35.77
0.56 -0.24 0.89 9.80 -53.77 41.92
0.49 -0.28 0.80 5.68 12.63 33.26
0.62 -0.25 0.85 1.56 -25.57 20.42
0.47 -0.22 0.72 11.50 42.76 23.77
0.46 -0.23 0.72 -20.89 -14.79 -5.58
0.20 -0.19 0.83 -9.67 10.49 6.39
0.26 -0.35 0.96 25.44 -9.99 -2.37
0.28 -0.27 0.99 9.28 -7.82 7.32
0.34 -0.19 0.87 13.67 -10.70 -4.60
0.27 -0.22 0.89 5.36 10.15 8.08
0.25 -0.23 0.87 1.37 4.91 9.65
0.26 -0.24 0.97 -2.93 -9.13 3.39
0.29 -0.16 0.85 -17.72 0.77 7.87
0.30 -0.34 0.93 -3.10 3.28 0.11
0.29 -0.24 0.79 12.69 14.67 3.56
0.27 -0.20 0.93 2.78 -4.46 -3.29
0.24 -0.21 0.94 -4.02 2.07 -2.85
0.31 -0.22 0.78 -21.00 -2.03 -4.80
0.29 -0.42 0.98 0.81 13.67 -1.32
0.28 -0.21 0.87 -3.04 11.73 -4.94
0.47 -0.30 0.87 9.56 15.66 6.61
0.41 -0.28 1.05 15.41 3.30 1.62
0.52 -0.27 0.81 13.57 18.92 -7.68
0.36 -0.13 0.83 11.99 31.62 -2.29
0.50 -0.16 0.95 1.76 -21.90 2.98
0.41 -0.20 0.92 1.98 8.13 13.64
0.47 -0.23 0.88 2.98 -13.13 9.03
0.45 -0.18 0.76 4.96 -3.65 17.14
0.55 -0.17 0.87 -3.24 -37.72 8.22
0.54 -0.24 0.78 9.34 10.50 12.03
0.50 -0.18 0.91 8.83 -7.24 9.84
0.40 -0.21 0.83 0.60 3.94 11.15
0.46 -0.23 0.92 -20.89 -14.79 -5.58
0.20 -0.19 0.83 -9.67 10.49 6.39
0.26 -0.35 0.96 25.44 -9.99 -2.37
0.28 -0.27 0.99 9.28 -7.82 7.32
0.34 -0.19 0.87 13.67 -10.70 -4.60
0.27 -0.22 0.89 5.36 10.15 8.08
0.25 -0.23 0.87 1.37 4.91 9.65
0.26 -0.24 0.97 -2.93 -9.13 3.39
0.29 -0.16 0.85 -17.72 0.77 7.87
0.30 -0.34 0.93 -3.10 3.28 0.11