0.20 -0.17 1.06 -6.72 24.73 -29.17
0.54 -0.23 0.93 -21.71 -17.12 -60.15
0.53 -0.16 0.72 -19.36 40.29 -53.25
0.41 -0.33 0.90 -17.87 90.67 -30.23
0.39 -0.29 0.83 -17.69 56.08 -72.17
0.39 -0.26 0.87 -24.40 60.28 -76.27
0.27 -0.37 0.94 4.66 43.33 -80.41
0.34 -0.03 0.65 -62.25 -51.38 -119.58
0.58 -0.26 0.78 -9.84 43.89 -87.40
0.27 -0.26 0.91 -46.03 9.39 -49.64
0.34 -0.41 0.87 -48.65 26.00 -51.22
0.21 -0.36 0.72 -20.89 -14.79 -5.58
0.20 -0.19 0.83 -9.67 10.49 6.39
0.26 -0.35 0.96 25.44 -9.99 -2.37
0.28 -0.27 0.99 9.28 -7.82 7.32
0.34 -0.19 0.87 13.67 -10.70 -4.60
0.27 -0.22 0.89 5.36 10.15 8.08
0.25 -0.23 0.87 1.37 4.91 9.65
0.26 -0.24 0.97 -2.93 -9.13 3.39
0.29 -0.16 0.85 -17.72 0.77 7.87
0.30 -0.34 0.93 -3.10 3.28 0.11
0.29 -0.24 0.79 12.69 14.67 3.56
0.27 -0.20 0.93 2.78 -4.46 -3.29
0.24 -0.21 0.94 -4.02 2.07 -2.85
0.31 -0.22 0.78 -21.00 -2.03 -4.80
0.29 -0.42 0.98 0.81 13.67 -1.32
0.28 -0.21 0.87 -3.04 11.73 -4.94
0.26 -0.45 0.89 12.34 -27.66 -22.22
0.52 -0.17 0.74 -22.53 -8.65 -41.50
0.49 -0.41 0.83 -4.15 5.20 -64.60
0.40 -0.13 0.67 -45.30 72.59 -35.91
0.14 -0.52 1.01 -13.64 36.77 -5.18
0.23 -0.38 0.77 29.54 26.37 -34.62
0.19 -0.39 0.96 26.68 11.91 -19.75
0.33 -0.21 0.82 30.26 -17.97 -28.65
0.40 -0.24 0.83 -5.58 29.88 -18.18
0.37 -0.31 0.88 -2.29 24.80 -33.91
0.39 -0.34 0.97 -17.15 33.94 -29.85
0.20 -0.19 0.83 -9.67 10.49 6.39
0.26 -0.35 0.96 25.44 -9.99 -2.37
0.28 -0.27 0.99 9.28 -7.82 7.32
0.34 -0.19 0.87 13.67 -10.70 -4.60
0.27 -0.22 0.89 5.36 10.15 8.08
0.25 -0.23 0.87 1.37 4.91 9.65
0.26 -0.24 0.97 -2.93 -9.13 3.39
0.29 -0.16 0.85 -17.72 0.77 7.87
0.30 -0.34 0.93 -3.10 3.28 0.11
0.29 -0.24 0.79 12.69 14.67 3.56
0.27 -0.20 0.93 2.78 -4.46 -3.29
0.24 -0.21 0.94 -4.02 2.07 -2.85
0.31 -0.22 0.78 -21.00 -2.03 -4.80
0.29 -0.42 0.98 0.81 13.67 -1.32
0.28 -0.21 0.87 -3.04 11.73 -4.94
0.26 -0.35 1.02 56.39 45.69 -44.78
0.23 -0.08 1.14 76.35 35.87 -71.98
0.09 0.25 1.14 52.81 33.09 -45.75
0.39 0.13 0.88 27.41 32.97 -52.65
0.23 0.07 0.31 -34.00 70.30 -79.99
-0.06 0.00 1.38 -20.58 60.36 -68.64
0.01 -0.15 1.01 84.34 -72.79 -44.38
0.47 -0.07 0.96 -36.90 -160.13 -20.87
0.42 0.10 0.88 -90.93 -132.87 -16.37
0.83 -0.17 1.13 -40.76 16.02 -96.66
0.03 -0.53 0.68 -34.03 144.90 -8.69
0.20 -0.19 0.83 -9.67 10.49 6.39
0.26 -0.35 0.96 25.44 -9.99 -2.37
0.28 -0.27 0.99 9.28 -7.82 7.32
0.34 -0.19 0.87 13.67 -10.70 -4.60
0.27 -0.22 0.89 5.36 10.15 8.08
0.25 -0.23 0.87 1.37 4.91 9.65
0.26 -0.24 0.97 -2.93 -9.13 3.39
0.29 -0.16 0.85 -17.72 0.77 7.87
0.30 -0.34 0.93 -3.10 3.28 0.11
0.29 -0.24 0.79 12.69 14.67 3.56
0.27 -0.20 0.93 2.78 -4.46 -3.29
0.24 -0.21 0.94 -4.02 2.07 -2.85
0.31 -0.22 0.78 -21.00 -2.03 -4.80
0.29 -0.42 0.98 0.81 13.67 -1.32
0.28 -0.21 0.87 -3.04 11.73 -4.94
-0.24 -0.18 0.81 2.71 58.97 8.07
-0.09 -0.36 1.02 58.49 -52.19 -30.55
0.22 -0.35 0.77 57.46 -78.26 0.47
0.25 -0.10 0.90 5.36 0.68 11.72
0.14 -0.07 1.16 -24.87 17.49 9.01
-0.10 -0.14 0.81 -41.08 14.89 43.30
-0.04 -0.28 0.97 -53.41 -41.02 43.50
0.31 -0.36 1.22 36.09 -90.78 24.40
0.61 -0.24 0.66 7.43 -75.50 12.81
0.53 -0.34 0.91 -6.58 -7.57 43.56
0.27 -0.16 0.99 3.87 -20.03 31.98
0.20 -0.19 0.83 -9.67 10.49 6.39
0.26 -0.35 0.96 25.44 -9.99 -2.37
0.28 -0.27 0.99 9.28 -7.82 7.32
0.34 -0.19 0.87 13.67 -10.70 -4.60
0.27 -0.22 0.89 5.36 10.15 8.08
0.25 -0.23 0.87 1.37 4.91 9.65
0.26 -0.24 0.97 -2.93 -9.13 3.39
0.29 -0.16 0.85 -17.72 0.77 7.87
0.30 -0.34 0.93 -3.10 3.28 0.11
0.29 -0.24 0.79 12.69 14.67 3.56
0.27 -0.20 0.93 2.78 -4.46 -3.29
0.24 -0.21 0.94 -4.02 2.07 -2.85
0.31 -0.22 0.78 -21.00 -2.03 -4.80
0.29 -0.42 0.98 0.81 13.67 -1.32
0.28 -0.21 0.87 -3.04 11.73 -4.94
0.33 -0.28 0.81 0.30 -23.23 49.88
0.45 -0.26 0.88 5.45 -58.73 28.88
0.51 -0.25 0.81 -13.74 -59.20 28.40
0.63 -0.33 0.71 1.94 -19.43 20.91
0.47 -0.23 0.78 -34.30 18.89 8.37
0.50 -0.33 0.91 -13.78 -43.41 -22.49
0.46 -0.35 0.96 4.51 6.45 -0.09
0.26 -0.22 0.68 -1.27 28.59 34.48
0.38 -0.32 0.89 26.49 -3.06 38.92
0.27 -0.23 0.89 -18.35 -30.30 47.51
0.62 -0.44 0.85 54.76 -36.73 7.99
0.38 -0.29 0.62 -22.29 25.87 41.74
0.20 -0.19 0.83 -9.67 10.49 6.39
0.26 -0.35 0.96 25.44 -9.99 -2.37
0.28 -0.27 0.99 9.28 -7.82 7.32
0.34 -0.19 0.87 13.67 -10.70 -4.60
0.27 -0.22 0.89 5.36 10.15 8.08
0.25 -0.23 0.87 1.37 4.91 9.65
0.26 -0.24 0.97 -2.93 -9.13 3.39
0.29 -0.16 0.85 -17.72 0.77 7.87
0.30 -0.34 0.93 -3.10 3.28 0.11
0.29 -0.24 0.79 12.69 14.67 3.56
0.27 -0.20 0.93 2.78 -4.46 -3.29
0.24 -0.21 0.94 -4.02 2.07 -2.85
0.31 -0.22 0.78 -21.00 -2.03 -4.80
0.96 -0.53 0.53 130.25 16.91 173.03
0.55 -0.23 0.88 -1.98 215.94 128.49
-0.29 0.09 0.93 -39.38 177.84 125.53
-0.55 -0.15 1.21 -26.89 -50.25 183.11
-0.18 -0.30 0.92 15.72 -153.95 13.99
0.46 -0.29 0.74 12.52 -132.93 18.65
0.19 -0.31 0.93 -2.08 52.60 106.25
-0.20 -0.14 0.80 -32.27 -35.00 104.35
0.01 0.08 -0.21 -62.71 249.99 53.03
-0.27 -0.32 1.38 -20.58 249.99 12.90
-1.62 0.41 1.48 -68.98 17.60 -115.62
0.01 0.07 -0.14 -28.97 -190.99 -5.70
0.56 -0.46 2.00 238.14 -250.00 22.18
0.54 -0.55 0.80 36.74 -136.02 66.78
0.68 -0.35 0.40 48.99 -99.76 103.95
0.82 -0.22 0.67 51.21 -41.79 118.81
0.89 -0.26 0.81 70.95 72.24 69.95
0.15 -0.09 0.84 31.65 227.72 82.66
-0.05 -0.10 1.12 -6.79 52.90 128.79
-0.02 -0.23 1.05 12.60 15.06 53.80
0.01 -0.23 0.98 8.26 -17.31 58.88
0.12 -0.21 0.71 10.98 2.22 43.71
0.06 -0.13 0.89 8.45 -34.19 9.35
0.16 -0.24 0.83 36.25 -69.11 -29.12
0.34 -0.24 0.86 16.83 -68.62 -15.16
-0.27 -0.32 1.38 -20.58 249.99 12.90
-1.62 0.41 1.48 -68.98 17.60 -115.62
0.01 0.07 -0.14 -28.97 -190.99 -5.70
0.56 -0.46 2.00 238.14 -250.00 22.18
0.39 -0.17 1.00 11.00 7.42 -10.25
0.28 -0.14 0.93 10.07 -19.83 -20.65
0.36 -0.13 0.86 12.23 12.86 3.23
0.20 -0.08 0.86 -3.69 32.83 24.91
0.24 -0.12 0.99 12.85 2.72 11.15
0.17 -0.11 0.94 14.94 9.71 16.20
0.35 -0.08 0.87 -1.75 -20.22 15.59
0.33 -0.07 0.89 -3.08 7.23 -8.31
0.21 -0.14 0.93 14.63 32.10 0.03
0.27 -0.11 0.93 8.19 -6.12 0.56
0.27 -0.09 0.93 6.56 25.11 -5.10
0.17 -0.09 0.95 -6.17 27.02 1.00
-0.27 -0.32 1.38 -20.58 249.99 12.90
-1.62 0.41 1.48 -68.98 17.60 -115.62
0.01 0.07 -0.14 -28.97 -190.99 -5.70
0.56 -0.46 2.00 238.14 -250.00 22.18
0.26 -0.09 0.93 8.09 1.79 -2.31
0.18 -0.10 0.90 -2.51 33.56 4.59
0.12 -0.13 0.99 -5.30 0.95 -0.39
0.14 -0.14 0.95 -2.73 -18.59 9.41
0.19 -0.13 0.92 -2.65 -9.02 3.79
0.20 -0.10 0.80 1.34 16.07 -1.82
0.14 -0.09 1.03 5.51 -9.49 0.48
0.29 -0.13 0.97 15.39 0.56 -7.64
0.31 -0.14 0.85 16.94 34.38 -15.46
0.16 0.02 0.81 3.76 36.87 -26.29
0.08 -0.07 1.03 4.67 27.86 -18.60
0.14 -0.12 1.04 16.18 -5.37 -18.54
0.16 0.04 0.86 16.83 -68.62 -15.16
-0.27 -0.32 1.38 -20.58 249.99 12.90
-1.62 0.41 1.48 -68.98 17.60 -115.62
0.01 0.07 -0.14 -28.97 -190.99 -5.70
0.56 -0.46 2.00 238.14 -250.00 22.18
0.53 0.10 0.93 -11.21 -13.79 -17.36
0.04 -0.06 0.99 -9.38 14.33 -3.69
0.10 -0.15 0.99 2.23 -25.21 1.39
0.20 -0.11 0.88 -0.12 -31.75 8.58
0.24 -0.08 0.87 -7.64 -5.16 16.36
0.12 -0.12 1.03 4.33 8.71 7.65
0.11 -0.09 0.94 3.18 -22.35 8.20
0.26 -0.10 0.95 -5.08 -21.22 6.07
0.16 -0.07 0.90 -0.52 9.86 3.67
0.19 -0.11 1.09 -5.41 3.17 -1.52
0.15 -0.04 0.92 -13.89 -40.40 -20.41
0.44 0.01 0.70 -78.48 -63.80 -1.11
0.63 -0.13 0.76 -139.62 46.09 -38.70
-0.27 -0.32 1.38 -20.58 249.99 12.90
-1.62 0.41 1.48 -68.98 17.60 -115.62
0.01 0.07 -0.14 -28.97 -190.99 -5.70
0.56 -0.46 2.00 238.14 -250.00 22.18
0.27 -0.54 1.14 -27.31 -16.38 -91.89
0.57 -0.38 1.00 37.97 -94.48 -183.16
0.81 -0.08 0.58 -1.34 -44.98 -212.55
0.83 -0.04 0.46 -54.64 123.29 -246.47
-0.04 -0.15 1.03 -85.65 188.69 -195.27
-0.08 -0.20 1.29 13.69 68.09 -80.47
0.32 -0.09 1.16 11.81 18.56 -70.88
0.43 0.07 0.70 7.28 7.77 -40.34
0.36 0.01 0.31 43.31 75.98 -23.83
0.07 0.11 0.75 25.56 105.25 22.07
-0.00 -0.09 1.39 -32.13 84.34 -10.67
-0.27 -0.32 1.38 -20.58 249.99 12.90