-0.14 -0.11 1.15 12.65 171.70 8.81
-0.20 0.21 1.28 -18.00 -25.83 50.65
0.07 0.00 0.82 -37.59 2.50 -0.08
-0.07 -0.07 0.46 -57.70 72.55 -40.18
-0.38 -0.19 0.83 21.37 18.39 -52.81
-0.44 -0.40 1.66 157.01 -158.50 -54.08
0.13 0.01 0.98 0.78 0.66 1.48
0.13 0.01 0.98 -0.75 0.56 0.53
0.11 -0.00 0.98 -0.16 -1.38 1.41
0.13 0.01 0.96 -1.06 -1.54 0.67
0.14 0.02 0.97 -0.89 1.48 0.25
0.14 0.01 0.97 -0.48 2.94 -0.47
0.13 0.01 0.99 -1.53 2.68 0.89
0.14 0.00 0.98 -1.40 0.43 0.62
0.13 0.00 0.99 -1.35 1.53 0.90
0.12 0.01 0.97 -0.48 1.32 1.28
0.14 0.00 0.97 -0.76 3.92 1.41
0.11 0.01 0.98 -1.14 6.15 3.52
0.12 -0.00 0.97 -0.47 5.46 2.22
0.50 -0.05 0.73 -2.89 -51.92 22.95
-0.46 -0.18 0.98 -38.18 54.94 -39.73
-0.32 -0.36 0.74 97.82 -44.73 -6.02
-0.10 -0.10 1.36 -12.08 -87.39 -37.57
0.06 0.40 1.08 12.88 -102.49 -29.67
0.06 0.39 0.74 -50.75 -25.75 16.62
0.48 0.02 0.66 -57.20 -37.10 0.77
0.73 -0.21 0.58 83.47 39.38 -64.05
-0.14 -0.11 1.15 12.65 171.70 8.81
-0.20 0.21 1.28 -18.00 -25.83 50.65
0.07 0.00 0.82 -37.59 2.50 -0.08
-0.07 -0.07 0.46 -57.70 72.55 -40.18
-0.38 -0.19 0.83 21.37 18.39 -52.81
-0.44 -0.40 1.66 157.01 -158.50 -54.08
0.12 -0.00 0.97 -0.58 4.78 2.07
0.10 -0.01 0.98 -0.31 5.12 3.14
0.13 0.00 0.97 -0.63 5.20 -0.71
0.11 -0.01 0.98 -0.42 8.20 0.24
0.11 -0.01 0.98 1.88 9.57 -0.55
0.10 -0.01 0.99 -0.46 7.16 -1.00
0.10 -0.01 0.98 -0.95 10.64 -2.58
0.08 -0.01 0.98 -0.59 8.18 -3.83
0.08 -0.01 0.98 -1.95 3.70 -1.95
0.07 -0.00 0.98 -0.03 2.24 -2.27
0.08 -0.01 0.99 0.11 3.20 -0.65
0.09 -0.01 0.98 -0.31 4.21 0.53
0.06 -0.01 0.97 -1.40 14.98 -16.17
0.50 -0.05 0.73 -2.89 -51.92 22.95
-0.46 -0.18 0.98 -38.18 54.94 -39.73
-0.32 -0.36 0.74 97.82 -44.73 -6.02
-0.10 -0.10 1.36 -12.08 -87.39 -37.57
0.06 0.40 1.08 12.88 -102.49 -29.67
0.06 0.39 0.74 -50.75 -25.75 16.62
0.48 0.02 0.66 -57.20 -37.10 0.77
0.73 -0.21 0.58 83.47 39.38 -64.05
-0.14 -0.11 1.15 12.65 171.70 8.81
-0.20 0.21 1.28 -18.00 -25.83 50.65
0.07 0.00 0.82 -37.59 2.50 -0.08
-0.07 -0.07 0.46 -57.70 72.55 -40.18
-0.38 -0.19 0.83 21.37 18.39 -52.81
-0.44 -0.40 1.66 157.01 -158.50 -54.08
0.07 -0.00 0.97 -0.02 2.37 1.53
0.07 -0.00 0.97 -0.31 0.73 0.17
0.08 -0.01 0.98 0.33 2.82 1.30
0.07 -0.00 0.97 -0.57 2.56 1.30
0.08 -0.02 0.98 -0.37 2.97 1.81
0.07 0.01 0.97 -0.47 1.59 1.83
0.08 -0.01 0.97 -0.43 -0.11 0.35
0.08 -0.01 0.99 0.02 3.14 0.92
0.07 -0.01 0.97 -0.68 3.46 -0.57
0.06 -0.01 0.99 -0.14 0.34 -2.11
0.07 -0.02 0.98 0.18 1.41 -1.88
0.07 -0.00 0.97 0.14 2.90 -3.77
0.50 -0.05 0.73 -2.89 -51.92 22.95
-0.46 -0.18 0.98 -38.18 54.94 -39.73
-0.32 -0.36 0.74 97.82 -44.73 -6.02
-0.10 -0.10 1.36 -12.08 -87.39 -37.57
0.06 0.40 1.08 12.88 -102.49 -29.67
0.06 0.39 0.74 -50.75 -25.75 16.62
0.48 0.02 0.66 -57.20 -37.10 0.77
0.73 -0.21 0.58 83.47 39.38 -64.05
-0.14 -0.11 1.15 12.65 171.70 8.81
-0.20 0.21 1.28 -18.00 -25.83 50.65
0.07 0.00 0.82 -37.59 2.50 -0.08
-0.07 -0.07 0.46 -57.70 72.55 -40.18
-0.38 -0.19 0.83 21.37 18.39 -52.81
-0.44 -0.40 1.66 157.01 -158.50 -54.08
0.07 -0.02 0.98 -0.24 5.39 -3.10
0.06 -0.02 0.98 1.67 5.77 -5.21
0.04 -0.00 0.98 0.68 2.71 -4.04
0.05 -0.02 0.99 0.96 2.73 -4.70
0.07 -0.00 0.97 -0.77 -1.60 -4.12
0.06 -0.00 0.97 -0.21 3.59 -1.63
0.05 -0.00 0.97 0.21 -0.01 -1.85
0.07 -0.01 0.98 0.98 2.33 -2.14
0.05 -0.00 0.98 0.63 5.72 0.00
0.04 -0.00 0.99 -0.67 3.20 1.22
0.06 -0.01 0.98 0.18 3.78 1.75
0.05 -0.01 0.97 -0.93 2.31 3.15
0.50 -0.05 0.73 -2.89 -51.92 22.95
-0.46 -0.18 0.98 -38.18 54.94 -39.73
-0.32 -0.36 0.74 97.82 -44.73 -6.02
-0.10 -0.10 1.36 -12.08 -87.39 -37.57
0.06 0.40 1.08 12.88 -102.49 -29.67
0.06 0.39 0.74 -50.75 -25.75 16.62
0.48 0.02 0.66 -57.20 -37.10 0.77
0.73 -0.21 0.58 83.47 39.38 -64.05
-0.14 -0.11 1.15 12.65 171.70 8.81
-0.20 0.21 1.28 -18.00 -25.83 50.65
0.07 0.00 0.82 -37.59 2.50 -0.08
-0.07 -0.07 0.46 -57.70 72.55 -40.18
-0.38 -0.19 0.83 21.37 18.39 -52.81
-0.44 -0.40 1.66 157.01 -158.50 -54.08
0.04 -0.00 0.97 0.01 1.53 2.64
0.05 -0.01 0.97 0.18 5.22 2.52
0.04 -0.01 0.98 0.73 5.39 1.59
0.04 -0.02 0.98 -0.21 5.20 1.35
0.03 -0.02 0.99 0.79 2.92 1.19
0.05 -0.01 0.98 -0.14 2.28 1.33
0.03 -0.01 0.98 -0.17 5.13 -0.63
0.03 -0.02 0.98 0.72 3.14 -0.61
0.04 -0.01 0.98 0.59 2.11 -0.87
0.03 -0.01 0.97 0.00 0.65 -1.62
0.04 -0.02 0.98 0.04 2.92 -1.61
0.03 -0.01 0.97 -0.18 3.53 -1.77
0.03 -0.01 0.97 1.02 3.43 -2.39
0.50 -0.05 0.73 -2.89 -51.92 22.95
-0.46 -0.18 0.98 -38.18 54.94 -39.73
-0.32 -0.36 0.74 97.82 -44.73 -6.02
-0.10 -0.10 1.36 -12.08 -87.39 -37.57
0.06 0.40 1.08 12.88 -102.49 -29.67
0.06 0.39 0.74 -50.75 -25.75 16.62
0.48 0.02 0.66 -57.20 -37.10 0.77
0.73 -0.21 0.58 83.47 39.38 -64.05
-0.14 -0.11 1.15 12.65 171.70 8.81
-0.20 0.21 1.28 -18.00 -25.83 50.65
0.07 0.00 0.82 -37.59 2.50 -0.08
-0.07 -0.07 0.46 -57.70 72.55 -40.18
-0.38 -0.19 0.83 21.37 18.39 -52.81
-0.44 -0.40 1.66 157.01 -158.50 -54.08
0.03 -0.01 0.99 -0.39 0.71 -2.08
0.02 -0.00 0.97 -0.76 1.55 -1.00
0.03 -0.01 0.97 0.25 2.94 -0.79
0.02 -0.01 0.98 0.34 2.96 -0.16
0.03 -0.01 0.98 -0.14 1.92 -0.63
0.04 -0.01 0.98 -0.18 1.67 0.37
0.02 -0.00 0.97 0.41 3.79 1.62
0.03 -0.01 0.97 0.50 2.59 0.50
0.02 -0.02 0.98 -0.18 1.77 1.09
0.03 -0.02 0.98 0.49 2.58 1.40
0.02 -0.01 0.98 -0.28 4.32 1.03
0.02 -0.02 0.98 -0.11 2.88 1.09
-0.02 0.17 0.73 -67.75 -47.13 76.87
-0.75 0.12 1.18 -79.28 58.36 133.45
-0.38 0.06 0.93 -62.42 -128.23 176.83
0.08 -0.01 0.50 -44.78 -124.11 226.79
0.31 -0.17 0.57 25.15 50.38 241.36
-0.89 0.14 0.97 -104.07 104.21 150.66
-0.39 -0.06 0.84 -100.91 -55.21 106.27
-0.57 -0.13 0.83 -86.79 46.88 93.13
-0.65 -0.10 0.83 -89.91 -7.20 80.13
-0.55 -0.10 0.58 -70.28 -44.05 118.15
-0.55 -0.25 0.52 -35.00 -42.75 92.53
-0.74 -0.44 0.66 76.81 -105.81 92.50
-0.52 0.01 1.33 -60.85 -115.03 80.11
-0.05 0.39 1.21 -105.06 -88.08 87.62
-0.35 0.38 1.19 -73.48 -64.41 81.97
0.10 -0.10 0.51 -18.98 -163.53 132.85
0.36 0.02 0.42 42.95 -163.64 72.46
0.45 0.11 0.80 44.76 162.83 104.66
-0.13 -0.02 1.05 7.73 232.97 30.10
-0.78 0.17 1.15 -36.90 5.81 6.97
-0.28 0.00 1.17 -31.16 -95.27 6.46
-0.53 0.01 0.66 -22.74 39.70 47.78
-0.43 -0.15 0.64 12.14 3.66 40.33
-0.33 -0.15 0.69 67.86 -148.88 -46.77
-0.68 -0.07 0.84 6.94 10.94 23.06
-0.68 -0.14 0.73 60.08 -142.81 -22.57
-0.46 -0.04 0.97 14.90 -147.77 21.67
-0.02 0.17 0.73 -67.75 -47.13 76.87
-0.75 0.12 1.18 -79.28 58.36 133.45
-0.38 0.06 0.93 -62.42 -128.23 176.83
0.08 -0.01 0.50 -44.78 -124.11 226.79
0.31 -0.17 0.57 25.15 50.38 241.36
0.60 0.60 1.22 8.18 -170.33 68.82
0.74 0.05 0.86 0.18 52.82 55.05
0.47 0.05 0.42 3.55 130.17 61.79
-0.00 0.14 0.84 14.24 246.08 103.87
-0.13 -0.09 1.03 -23.31 190.78 104.20
-0.63 0.07 1.17 -60.79 15.50 68.38
-0.04 0.08 0.99 -32.07 -62.48 -1.02
-0.50 -0.08 0.72 -32.04 59.07 34.80
-0.39 -0.25 0.86 -9.75 13.93 20.55
-0.42 -0.05 0.85 57.45 -94.48 -64.16
-0.28 0.01 1.09 10.99 -131.95 -93.91
0.45 0.11 0.80 44.76 162.83 104.66
-0.13 -0.02 1.05 7.73 232.97 30.10
-0.78 0.17 1.15 -36.90 5.81 6.97
-0.28 0.00 1.17 -31.16 -95.27 6.46
-0.53 0.01 0.66 -22.74 39.70 47.78
-0.43 -0.15 0.64 12.14 3.66 40.33
-0.33 -0.15 0.69 67.86 -148.88 -46.77
-0.68 -0.07 0.84 6.94 10.94 23.06
-0.68 -0.14 0.73 60.08 -142.81 -22.57
-0.46 -0.04 0.97 14.90 -147.77 21.67
-0.02 0.17 0.73 -67.75 -47.13 76.87
-0.75 0.12 1.18 -79.28 58.36 133.45
-0.38 0.06 0.93 -62.42 -128.23 176.83
0.08 -0.01 0.50 -44.78 -124.11 226.79
0.31 -0.17 0.57 25.15 50.38 241.36
0.24 -0.10 1.29 7.10 -24.82 27.44
0.41 0.04 0.70 10.38 -36.67 22.22
0.39 0.07 0.72 1.89 37.59 78.96
0.25 0.02 0.92 25.21 70.30 74.88
0.22 0.07 0.76 14.47 119.41 87.74
-0.19 -0.04 1.14 -23.80 62.72 69.50
-0.11 -0.11 0.96 2.43 15.54 11.25
-0.23 -0.11 1.07 -14.56 -22.48 23.00
0.02 0.04 0.89 -23.11 -9.05 14.40
-0.08 -0.06 0.87 -13.34 23.53 10.54
-0.13 -0.06 0.91 4.71 20.48 -12.18
0.45 0.11 0.80 44.76 162.83 104.66
-0.13 -0.02 1.05 7.73 232.97 30.10
-0.78 0.17 1.15 -36.90 5.81 6.97
-0.28 0.00 1.17 -31.16 -95.27 6.46
-0.53 0.01 0.66 -22.74 39.70 47.78
-0.43 -0.15 0.64 12.14 3.66 40.33
-0.33 -0.15 0.69 67.86 -148.88 -46.77
-0.68 -0.07 0.84 6.94 10.94 23.06
-0.68 -0.14 0.73 60.08 -142.81 -22.57
-0.46 -0.04 0.97 14.90 -147.77 21.67
-0.02 0.17 0.73 -67.75 -47.13 76.87
-0.75 0.12 1.18 -79.28 58.36 133.45
-0.38 0.06 0.93 -62.42 -128.23 176.83
0.08 -0.01 0.50 -44.78 -124.11 226.79
0.31 -0.17 0.57 25.15 50.38 241.36
-0.19 -0.05 1.04 4.36 -0.42 -31.43
0.03 -0.01 0.95 -7.94 10.59 -19.16
0.04 0.03 0.91 -0.71 29.69 -39.24
-0.13 0.08 0.86 -4.55 31.49 -46.17
-0.22 -0.10 1.01 8.89 33.68 -10.56
-0.14 -0.02 0.93 3.27 34.39 19.39
-0.21 -0.01 0.91 -7.68 30.60 34.37
-0.26 -0.04 0.96 -6.22 10.92 33.45
-0.26 0.00 0.99 -1.59 -5.68 27.03
-0.16 0.05 0.86 -1.73 -2.83 19.09
-0.20 0.03 0.94 2.68 -3.97 15.85
0.45 0.11 0.80 44.76 162.83 104.66
-0.13 -0.02 1.05 7.73 232.97 30.10
-0.78 0.17 1.15 -36.90 5.81 6.97
-0.28 0.00 1.17 -31.16 -95.27 6.46
-0.53 0.01 0.66 -22.74 39.70 47.78
-0.43 -0.15 0.64 12.14 3.66 40.33
-0.33 -0.15 0.69 67.86 -148.88 -46.77
-0.68 -0.07 0.84 6.94 10.94 23.06
-0.68 -0.14 0.73 60.08 -142.81 -22.57
-0.46 -0.04 0.97 14.90 -147.77 21.67
-0.02 0.17 0.73 -67.75 -47.13 76.87
-0.75 0.12 1.18 -79.28 58.36 133.45
-0.38 0.06 0.93 -62.42 -128.23 176.83
0.08 -0.01 0.50 -44.78 -124.11 226.79
0.31 -0.17 0.57 25.15 50.38 241.36
-0.18 0.08 0.91 6.77 -0.42 10.12
-0.19 0.10 0.92 0.14 0.03 9.28
-0.18 0.06 0.92 0.43 -1.95 5.35
-0.17 0.07 0.94 0.02 -2.28 4.84
-0.17 0.06 0.93 0.02 -4.52 4.83
-0.15 0.07 0.91 -1.40 9.22 5.00
-0.19 0.08 0.96 -2.53 2.95 -0.94
-0.13 0.01 0.94 -0.88 5.61 7.96
-0.22 0.05 0.91 -0.69 9.15 9.57
-0.19 0.05 0.91 -1.79 -5.83 5.95
-0.17 0.05 0.91 -3.68 2.47 5.48
-0.21 0.03 0.99 -2.25 -5.73 9.64
0.45 0.11 0.80 44.76 162.83 104.66
-0.13 -0.02 1.05 7.73 232.97 30.10
-0.78 0.17 1.15 -36.90 5.81 6.97
-0.28 0.00 1.17 -31.16 -95.27 6.46
-0.53 0.01 0.66 -22.74 39.70 47.78
-0.43 -0.15 0.64 12.14 3.66 40.33
-0.33 -0.15 0.69 67.86 -148.88 -46.77
-0.68 -0.07 0.84 6.94 10.94 23.06
-0.68 -0.14 0.73 60.08 -142.81 -22.57
-0.46 -0.04 0.97 14.90 -147.77 21.67
-0.02 0.17 0.73 -67.75 -47.13 76.87
-0.75 0.12 1.18 -79.28 58.36 133.45
-0.38 0.06 0.93 -62.42 -128.23 176.83
0.08 -0.01 0.50 -44.78 -124.11 226.79
0.31 -0.17 0.57 25.15 50.38 241.36
-0.18 0.00 0.94 -7.71 -2.96 28.59
-0.26 0.08 0.95 -9.16 -17.45 31.52
-0.20 0.09 0.96 -10.54 -48.99 4.43
-0.11 0.06 0.92 -9.72 -57.33 2.70
-0.06 0.09 1.03 -4.84 -53.48 -21.67
-0.00 0.22 0.87 -3.13 -29.27 -34.58
-0.10 0.22 0.64 -8.58 -24.27 -40.51
-0.25 0.13 0.93 -33.16 -37.22 -21.57
0.05 0.10 1.17 -4.07 -76.22 -31.25
0.13 0.24 1.14 -1.17 -60.79 -28.89
0.32 0.24 0.93 8.65 -49.24 -10.79
0.45 0.11 0.80 44.76 162.83 104.66
-0.13 -0.02 1.05 7.73 232.97 30.10
-0.78 0.17 1.15 -36.90 5.81 6.97