0.02 -0.02 0.98 -0.11 2.88 1.09
0.50 -0.05 0.73 -2.89 -51.92 22.95
-0.46 -0.18 0.98 -38.18 54.94 -39.73
-0.32 -0.36 0.74 97.82 -44.73 -6.02
-0.10 -0.10 1.36 -12.08 -87.39 -37.57
0.06 0.40 1.08 12.88 -102.49 -29.67
0.06 0.39 0.74 -50.75 -25.75 16.62
0.48 0.02 0.66 -57.20 -37.10 0.77
0.73 -0.21 0.58 83.47 39.38 -64.05
-0.14 -0.11 1.15 12.65 171.70 8.81
-0.20 0.21 1.28 -18.00 -25.83 50.65
0.07 0.00 0.82 -37.59 2.50 -0.08
-0.07 -0.07 0.46 -57.70 72.55 -40.18
-0.38 -0.19 0.83 21.37 18.39 -52.81
-0.44 -0.40 1.66 157.01 -158.50 -54.08
0.02 -0.02 0.98 -0.21 1.48 0.60
0.01 -0.01 0.99 -0.02 1.70 0.69
0.01 -0.02 0.97 -0.01 3.09 0.79
0.01 -0.01 0.98 0.43 1.44 0.93
0.02 -0.01 0.98 -0.23 2.13 0.60
0.01 -0.01 0.98 -0.28 2.53 0.39
0.00 -0.01 0.97 -0.69 1.89 0.72
0.01 -0.01 0.98 -0.16 1.04 0.47
0.01 -0.01 0.99 0.46 1.87 0.42
0.01 -0.02 0.96 -0.60 1.56 1.22
0.02 -0.01 0.97 -0.48 2.81 0.42
0.00 -0.02 0.97 -0.20 2.74 0.17
0.50 -0.05 0.73 -2.89 -51.92 22.95
-0.46 -0.18 0.98 -38.18 54.94 -39.73
-0.32 -0.36 0.74 97.82 -44.73 -6.02
-0.10 -0.10 1.36 -12.08 -87.39 -37.57
0.06 0.40 1.08 12.88 -102.49 -29.67
0.06 0.39 0.74 -50.75 -25.75 16.62
0.48 0.02 0.66 -57.20 -37.10 0.77
0.73 -0.21 0.58 83.47 39.38 -64.05
-0.14 -0.11 1.15 12.65 171.70 8.81
-0.20 0.21 1.28 -18.00 -25.83 50.65
0.07 0.00 0.82 -37.59 2.50 -0.08
-0.07 -0.07 0.46 -57.70 72.55 -40.18
-0.38 -0.19 0.83 21.37 18.39 -52.81
-0.44 -0.40 1.66 157.01 -158.50 -54.08
0.01 -0.02 0.97 -0.05 0.93 0.26
0.01 -0.01 0.99 0.03 2.26 -0.65
0.01 -0.01 0.98 0.11 2.32 -1.05
0.00 -0.02 0.97 -0.17 3.50 -1.00
-0.00 -0.01 0.96 -0.08 2.46 -1.50
-0.00 -0.02 0.98 0.40 2.27 -0.76
0.01 -0.01 0.98 0.67 2.20 -0.60
-0.00 -0.02 0.97 0.05 2.05 0.09
0.00 -0.02 0.97 0.09 1.54 0.15
0.01 -0.02 0.98 -0.24 1.93 0.62
-0.01 -0.01 0.98 0.67 1.56 1.02
0.00 -0.02 0.98 0.03 0.85 0.67
0.50 -0.05 0.73 -2.89 -51.92 22.95
-0.46 -0.18 0.98 -38.18 54.94 -39.73
-0.32 -0.36 0.74 97.82 -44.73 -6.02
-0.10 -0.10 1.36 -12.08 -87.39 -37.57
0.06 0.40 1.08 12.88 -102.49 -29.67
0.06 0.39 0.74 -50.75 -25.75 16.62
0.48 0.02 0.66 -57.20 -37.10 0.77
0.73 -0.21 0.58 83.47 39.38 -64.05
-0.14 -0.11 1.15 12.65 171.70 8.81
-0.20 0.21 1.28 -18.00 -25.83 50.65
0.07 0.00 0.82 -37.59 2.50 -0.08
-0.07 -0.07 0.46 -57.70 72.55 -40.18
-0.38 -0.19 0.83 21.37 18.39 -52.81
-0.44 -0.40 1.66 157.01 -158.50 -54.08
0.00 -0.02 0.98 0.08 2.00 1.58
-0.00 -0.02 0.98 -0.54 0.47 1.14
0.00 -0.02 0.97 -0.39 2.82 0.90
-0.01 -0.02 0.98 -0.36 1.08 1.16
-0.00 -0.02 0.98 0.42 1.01 1.26
0.00 -0.02 0.97 -0.50 0.92 1.77
-0.01 -0.02 0.97 0.16 2.72 1.01
-0.01 -0.03 0.98 0.06 0.39 1.01
-0.00 -0.02 0.98 0.14 -0.51 1.18
-0.00 -0.02 0.97 0.06 -1.25 0.98
0.00 -0.02 0.97 -0.21 0.27 1.02
-0.00 -0.01 0.98 0.18 1.17 0.25
0.50 -0.05 0.73 -2.89 -51.92 22.95
-0.46 -0.18 0.98 -38.18 54.94 -39.73
-0.32 -0.36 0.74 97.82 -44.73 -6.02
-0.10 -0.10 1.36 -12.08 -87.39 -37.57
0.06 0.40 1.08 12.88 -102.49 -29.67
0.06 0.39 0.74 -50.75 -25.75 16.62
0.48 0.02 0.66 -57.20 -37.10 0.77
0.73 -0.21 0.58 83.47 39.38 -64.05
-0.14 -0.11 1.15 12.65 171.70 8.81
-0.20 0.21 1.28 -18.00 -25.83 50.65
0.07 0.00 0.82 -37.59 2.50 -0.08
-0.07 -0.07 0.46 -57.70 72.55 -40.18
-0.38 -0.19 0.83 21.37 18.39 -52.81
-0.44 -0.40 1.66 157.01 -158.50 -54.08
0.00 -0.02 0.97 -0.57 -1.11 0.11
0.00 -0.02 0.97 0.21 -1.15 -0.62
0.00 -0.02 0.98 -0.94 2.46 0.57
-0.01 -0.02 0.99 -0.27 0.43 -0.13
0.02 -0.02 0.97 -1.12 1.58 0.57
-0.00 -0.01 0.97 -0.32 2.53 0.53
-0.00 -0.03 0.97 0.31 2.81 1.72
-0.01 -0.02 0.97 0.54 0.82 1.29
0.00 -0.02 0.97 0.76 1.55 1.30
-0.00 -0.02 0.98 0.81 2.23 1.64
-0.00 -0.02 0.98 0.50 1.04 1.75
-0.00 -0.03 0.97 0.07 0.52 1.27
0.50 -0.05 0.73 -2.89 -51.92 22.95
-0.46 -0.18 0.98 -38.18 54.94 -39.73
-0.32 -0.36 0.74 97.82 -44.73 -6.02
-0.10 -0.10 1.36 -12.08 -87.39 -37.57
0.06 0.40 1.08 12.88 -102.49 -29.67
0.06 0.39 0.74 -50.75 -25.75 16.62
0.48 0.02 0.66 -57.20 -37.10 0.77
0.73 -0.21 0.58 83.47 39.38 -64.05
-0.14 -0.11 1.15 12.65 171.70 8.81
-0.20 0.21 1.28 -18.00 -25.83 50.65
0.07 0.00 0.82 -37.59 2.50 -0.08
-0.07 -0.07 0.46 -57.70 72.55 -40.18
-0.38 -0.19 0.83 21.37 18.39 -52.81
-0.44 -0.40 1.66 157.01 -158.50 -54.08
-0.01 -0.01 0.98 -0.05 1.56 0.88
0.01 -0.02 0.98 -0.32 3.91 -0.60
0.00 -0.00 0.96 -1.50 4.74 -4.19
-0.03 -0.04 0.97 3.29 2.96 -3.64
-0.03 -0.02 0.98 2.84 -2.20 -3.24
0.02 -0.02 0.97 0.34 3.36 0.36
-0.02 -0.02 0.99 -1.73 7.32 1.63
-0.03 -0.02 0.99 -1.14 0.05 -1.65
0.00 -0.02 0.95 1.08 -0.59 -0.14
-0.00 -0.02 0.96 2.21 2.17 -0.25
-0.01 -0.02 0.99 1.07 4.36 2.11
0.50 -0.05 0.73 -2.89 -51.92 22.95
-0.46 -0.18 0.98 -38.18 54.94 -39.73
-0.32 -0.36 0.74 97.82 -44.73 -6.02
-0.10 -0.10 1.36 -12.08 -87.39 -37.57
0.06 0.40 1.08 12.88 -102.49 -29.67
0.06 0.39 0.74 -50.75 -25.75 16.62
0.48 0.02 0.66 -57.20 -37.10 0.77
0.73 -0.21 0.58 83.47 39.38 -64.05
-0.14 -0.11 1.15 12.65 171.70 8.81
-0.20 0.21 1.28 -18.00 -25.83 50.65
0.07 0.00 0.82 -37.59 2.50 -0.08
-0.07 -0.07 0.46 -57.70 72.55 -40.18
-0.38 -0.19 0.83 21.37 18.39 -52.81
-0.44 -0.40 1.66 157.01 -158.50 -54.08
-0.01 -0.02 0.98 -0.01 2.11 -0.63
-0.02 -0.02 0.96 1.91 -1.24 -0.30
-0.00 -0.02 0.97 2.37 -0.03 0.83
-0.00 -0.02 0.96 -0.12 3.66 2.39
-0.02 -0.04 0.99 -0.27 0.24 1.65
-0.01 -0.01 0.97 -2.31 -3.88 1.77
-0.00 -0.02 0.99 1.88 -3.60 1.59