0.09 -0.05 0.97 -0.05 8.03 -1.40
0.08 -0.05 0.96 0.67 11.49 -3.72
0.25 -0.00 0.96 1.81 0.62 0.81
0.24 -0.01 0.96 2.79 -0.70 1.94
0.23 -0.00 0.97 4.25 0.72 2.49
0.24 0.01 0.98 3.02 -3.89 0.45
0.25 0.01 0.97 0.45 -0.03 1.36
-0.16 0.04 0.71 -53.96 145.45 -52.29
-0.56 -0.10 0.95 8.32 66.51 -14.08
-0.37 -0.09 1.38 90.16 -146.00 -62.32
0.53 0.05 0.85 38.44 -126.31 -110.30
0.42 0.24 0.88 -14.08 8.49 -63.11
0.13 0.25 0.96 -70.31 35.45 -66.61
0.14 0.07 0.91 -31.22 -11.41 -52.70
0.55 -0.04 0.57 1.79 6.55 -90.74
0.43 0.03 1.02 40.42 88.42 -27.60
0.25 -0.12 0.78 28.33 137.15 -16.75
-0.35 0.19 1.39 -23.31 4.64 1.10
0.16 0.18 1.06 -05 16.79 -0.12
0.11 -0.07 1.00 3.43 18.10 1.74
0.10 -0.03 0.97 5.55 12.89 1.49
0.08 -0.05 0.98 5.08 6.02 6.27
0.12 -0.03 0.97 1.94 4.80 5.42
0.09 -0.03 0.99 -3.75 1.32 5.58
0.10 -0.04 0.98 -4.10 3.44 2.04
0.09 -0.04 0.97 -3.29 9.55 0.37
0.10 -0.05 0.96 -1.88 3.52 -0.91
0.10 -0.05 1.00 1.05 7.77 -3.20
0.09 -0.05 0.97 -0.05 8.03 -1.40
0.08 -0.05 0.96 0.67 11.49 -3.72
0.25 -0.00 0.96 1.81 0.62 0.81
0.24 -0.01 0.96 2.79 -0.70 1.94
0.23 -0.00 0.97 4.25 0.72 2.49
0.24 0.01 0.98 3.02 -3.89 0.45
0.25 0.01 0.97 0.45 -0.03 1.36
-0.04 0.09 0.90 -50.46 51.82 10.91
-0.38 -0.12 0.93 -54.70 49.48 50.47
-0.29 -0.15 0.93 18.46 -79.35 6.81
-0.06 -0.16 0.95 32.06 -96.34 -33.49
0.28 0.07 1.14 8.08 -49.13 0.02
0.23 0.10 1.16 -10.33 19.13 50.71
0.45 0.10 0.63 -32.24 -22.94 20.88
0.51 0.13 0.51 -19.90 113.59 2.28
0.07 -0.20 0.84 83.82 122.60 103.15
-0.40 -0.04 1.44 -31.36 108.32 46.79
-0.08 0.19 1.05 -66.42 -84.35 44.14
0.11 -0.07 1.00 3.43 18.10 1.74
0.10 -0.03 0.97 5.55 12.89 1.49
0.08 -0.05 0.98 5.08 6.02 6.27
0.12 -0.03 0.97 1.94 4.80 5.42
0.09 -0.03 0.99 -3.75 1.32 5.58
0.10 -0.04 0.98 -4.10 3.44 2.04
0.09 -0.04 0.97 -3.29 9.55 0.37
0.10 -0.05 0.96 -1.88 3.52 -0.91
0.10 -0.05 1.00 1.05 7.77 -3.20
0.09 -0.05 0.97 -0.05 8.03 -1.40
0.08 -0.05 0.96 0.67 11.49 -3.72
0.25 -0.00 0.96 1.81 0.62 0.81
0.24 -0.01 0.96 2.79 -0.70 1.94
0.23 -0.00 0.97 4.25 0.72 2.49
0.24 0.01 0.98 3.02 -3.89 0.45
0.25 0.01 0.97 0.45 -0.03 1.36
-0.48 -0.24 0.78 -41.69 23.61 88.44
-0.29 -0.31 0.96 14.16 -119.80 23.92
-0.16 -0.47 1.45 140.83 -174.08 -70.73
0.43 0.25 1.20 -14.34 -96.46 -4.64
0.44 0.18 0.98 -14.98 -20.66 36.01
0.88 0.01 0.44 -31.10 -19.49 -58.58
0.33 0.07 0.71 14.85 164.49 0.86
0.13 -0.32 0.94 87.91 148.23 57.60
-0.37 -0.07 1.42 -7.78 67.12 42.26
0.08 0.33 1.10 -67.73 -50.21 43.08
-0.34 0.05 0.99 -35.71 84.95 47.36
0.11 -0.07 1.00 3.43 18.10 1.74
0.10 -0.03 0.97 5.55 12.89 1.49
0.08 -0.05 0.98 5.08 6.02 6.27
0.12 -0.03 0.97 1.94 4.80 5.42
0.09 -0.03 0.99 -3.75 1.32 5.58
0.10 -0.04 0.98 -4.10 3.44 2.04
0.09 -0.04 0.97 -3.29 9.55 0.37
0.10 -0.05 0.96 -1.88 3.52 -0.91
0.10 -0.05 1.00 1.05 7.77 -3.20
0.09 -0.05 0.97 -0.05 8.03 -1.40
0.08 -0.05 0.96 0.67 11.49 -3.72
0.25 -0.00 0.96 1.81 0.62 0.81
0.24 -0.01 0.96 2.79 -0.70 1.94
0.23 -0.00 0.97 4.25 0.72 2.49
0.24 0.01 0.98 3.02 -3.89 0.45
0.25 0.01 0.97 0.45 -0.03 1.36
-0.17 -0.46 1.13 108.01 -116.95 -30.12
0.14 0.11 1.43 7.48 -139.77 -54.24
0.19 0.37 0.77 -48.01 -18.14 21.50
0.65 0.09 0.81 -44.11 -61.18 10.95
0.67 -0.02 0.43 19.65 125.27 -51.35
0.08 -0.23 1.12 109.97 147.45 50.94
-0.55 0.08 1.58 -45.85 55.79 60.90
0.06 0.07 1.03 -59.61 -56.91 32.38
-0.29 -0.03 0.81 -53.37 86.85 23.88
-0.49 -0.22 0.65 -29.30 38.25 54.53
-0.25 -0.49 0.91 81.36 -101.78 -16.22
0.11 -0.07 1.00 3.43 18.10 1.74
0.10 -0.03 0.97 5.55 12.89 1.49
0.08 -0.05 0.98 5.08 6.02 6.27
0.12 -0.03 0.97 1.94 4.80 5.42
0.09 -0.03 0.99 -3.75 1.32 5.58
0.10 -0.04 0.98 -4.10 3.44 2.04
0.09 -0.04 0.97 -3.29 9.55 0.37
0.10 -0.05 0.96 -1.88 3.52 -0.91
0.10 -0.05 1.00 1.05 7.77 -3.20
0.09 -0.05 0.97 -0.05 8.03 -1.40
0.08 -0.05 0.96 0.67 11.49 -3.72
0.25 -0.00 0.96 1.81 0.62 0.81
0.24 -0.01 0.96 2.79 -0.70 1.94
0.23 -0.00 0.97 4.25 0.72 2.49
0.24 0.01 0.98 3.02 -3.89 0.45
0.25 0.01 0.97 0.45 -0.03 1.36
0.19 0.48 0.74 -20.10 -73.46 29.69
0.59 0.09 0.81 -45.14 -49.90 31.37
0.66 -0.09 0.36 25.08 62.32 -46.23
0.08 -0.12 1.25 117.47 145.55 32.35
-0.38 0.01 1.53 -26.44 34.90 52.70
0.14 0.17 0.95 -59.61 -46.85 57.46
-0.07 0.01 0.66 -62.51 80.62 29.08
-0.40 -0.27 0.68 -32.78 93.34 59.52
-0.28 -0.38 0.71 66.15 -19.28 -8.80
-0.24 0.06 1.00 -1.92 -153.28 -47.92
0.23 0.36 1.03 -29.82 -132.67 -3.61
0.45 0.06 0.98 -32.03 -45.07 -0.12
0.11 -0.07 1.00 3.43 18.10 1.74
0.10 -0.03 0.97 5.55 12.89 1.49
0.08 -0.05 0.98 5.08 6.02 6.27
0.12 -0.03 0.97 1.94 4.80 5.42
0.09 -0.03 0.99 -3.75 1.32 5.58
0.10 -0.04 0.98 -4.10 3.44 2.04
0.09 -0.04 0.97 -3.29 9.55 0.37
0.10 -0.05 0.96 -1.88 3.52 -0.91
0.10 -0.05 1.00 1.05 7.77 -3.20
0.09 -0.05 0.97 -0.05 8.03 -1.40
0.08 -0.05 0.96 0.67 11.49 -3.72
0.25 -0.00 0.96 1.81 0.62 0.81
0.24 -0.01 0.96 2.79 -0.70 1.94
0.23 -0.00 0.97 4.25 0.72 2.49
0.24 0.01 0.98 3.02 -3.89 0.45
0.25 0.01 0.97 0.45 -0.03 1.36
0.71 -0.17 0.58 -25.18 -18.55 -47.94
0.24 -0.06 0.95 63.65 136.36 8.64
0.27 -0.25 0.88 95.50 75.13 46.12
-0.43 0.16 1.43 -7.41 24.81 63.10
0.18 0.23 1.05 -73.87 -72.77 43.45
-0.11 -0.05 0.76 -46.38 106.39 35.21
-0.49 -0.31 0.84 -44.50 70.96 89.85