-0.49 -0.31 0.84 -44.50 70.96 89.85
-0.26 -0.33 0.77 45.96 -48.16 4.51
-0.26 0.00 0.99 72.93 -207.92 -62.77
0.53 0.24 1.04 -10.27 -77.29 3.23
0.28 0.12 1.07 -43.99 5.10 31.79
0.11 -0.07 1.00 3.43 18.10 1.74
0.10 -0.03 0.97 5.55 12.89 1.49
0.08 -0.05 0.98 5.08 6.02 6.27
0.12 -0.03 0.97 1.94 4.80 5.42
0.09 -0.03 0.99 -3.75 1.32 5.58
0.10 -0.04 0.98 -4.10 3.44 2.04
0.09 -0.04 0.97 -3.29 9.55 0.37
0.10 -0.05 0.96 -1.88 3.52 -0.91
0.10 -0.05 1.00 1.05 7.77 -3.20
0.09 -0.05 0.97 -0.05 8.03 -1.40
0.08 -0.05 0.96 0.67 11.49 -3.72
0.25 -0.00 0.96 1.81 0.62 0.81
0.24 -0.01 0.96 2.79 -0.70 1.94
0.23 -0.00 0.97 4.25 0.72 2.49
0.24 0.01 0.98 3.02 -3.89 0.45
0.25 0.01 0.97 0.45 -0.03 1.36
0.44 0.06 0.62 19.27 97.89 -28.28
0.26 -0.18 0.75 109.09 119.67 58.58
-0.28 -0.11 1.45 -12.00 139.72 26.47
-0.11 0.17 1.19 -57.50 -64.59 20.55
-0.11 -0.05 0.80 -35.45 73.59 19.95
-0.42 -0.27 0.86 -31.19 66.09 61.43
-0.26 -0.23 0.88 10.64 -48.40 14.47
-0.29 -0.17 0.81 65.16 -65.73 -43.65
0.08 0.05 1.28 -14.34 -125.43 7.16
0.25 -0.01 1.22 -14.37 -21.42 6.64
0.19 -0.05 0.94 -1.84 -36.61 1.82
0.11 -0.07 1.00 3.43 18.10 1.74
0.10 -0.03 0.97 5.55 12.89 1.49
0.08 -0.05 0.98 5.08 6.02 6.27
0.12 -0.03 0.97 1.94 4.80 5.42
0.09 -0.03 0.99 -3.75 1.32 5.58
0.10 -0.04 0.98 -4.10 3.44 2.04
0.09 -0.04 0.97 -3.29 9.55 0.37
0.10 -0.05 0.96 -1.88 3.52 -0.91
0.10 -0.05 1.00 1.05 7.77 -3.20
0.09 -0.05 0.97 -0.05 8.03 -1.40
0.08 -0.05 0.96 0.67 11.49 -3.72
0.25 -0.00 0.96 1.81 0.62 0.81
0.24 -0.01 0.96 2.79 -0.70 1.94
0.23 -0.00 0.97 4.25 0.72 2.49
0.24 0.01 0.98 3.02 -3.89 0.45
0.25 0.01 0.97 0.45 -0.03 1.36
0.42 0.16 0.66 41.19 29.44 38.11
0.27 0.02 0.98 51.57 129.49 92.07
-0.33 0.04 1.31 -9.86 139.60 61.42
-0.27 0.02 1.11 -50.89 -34.35 39.66
-0.09 0.05 0.93 -33.26 4.91 23.77
-0.34 -0.10 0.87 -42.01 33.50 77.75
-0.30 -0.12 0.83 -55.53 -9.79 73.62
-0.29 -0.16 0.89 15.38 -66.83 3.41
-0.20 -0.39 1.05 79.88 -96.44 -43.32
0.23 0.10 1.12 -24.00 -109.41 14.26
0.28 0.09 1.24 -6.45 -35.01 44.13
0.11 -0.07 1.00 3.43 18.10 1.74
0.10 -0.03 0.97 5.55 12.89 1.49
0.08 -0.05 0.98 5.08 6.02 6.27
0.12 -0.03 0.97 1.94 4.80 5.42
0.09 -0.03 0.99 -3.75 1.32 5.58
0.10 -0.04 0.98 -4.10 3.44 2.04
0.09 -0.04 0.97 -3.29 9.55 0.37
0.10 -0.05 0.96 -1.88 3.52 -0.91
0.10 -0.05 1.00 1.05 7.77 -3.20
0.09 -0.05 0.97 -0.05 8.03 -1.40
0.08 -0.05 0.96 0.67 11.49 -3.72
0.25 -0.00 0.96 1.81 0.62 0.81
0.24 -0.01 0.96 2.79 -0.70 1.94
0.23 -0.00 0.97 4.25 0.72 2.49
0.24 0.01 0.98 3.02 -3.89 0.45
0.25 0.01 0.97 0.45 -0.03 1.36
0.56 -0.06 0.64 -17.06 -14.84 -38.61
0.35 0.06 0.80 35.89 100.95 53.79
0.29 -0.20 0.85 60.51 87.33 53.57
-0.21 0.03 1.28 -16.18 41.45 -3.91
-0.05 0.10 1.16 -35.14 -20.03 9.46
-0.15 -0.05 0.90 -34.78 15.17 51.47
-0.13 -0.19 0.84 -42.68 30.42 46.42
-0.11 -0.03 0.91 12.42 -33.26 9.94
-0.07 -0.29 0.90 78.37 6.90 -38.96
0.11 -0.03 1.08 -13.56 -84.54 -22.36
0.09 0.11 1.21 -20.93 -24.80 20.59
0.51 -0.04 0.98 2.20 -52.33 -26.29
0.11 -0.07 1.00 3.43 18.10 1.74
0.10 -0.03 0.97 5.55 12.89 1.49
0.08 -0.05 0.98 5.08 6.02 6.27
0.12 -0.03 0.97 1.94 4.80 5.42
0.09 -0.03 0.99 -3.75 1.32 5.58
0.10 -0.04 0.98 -4.10 3.44 2.04
0.09 -0.04 0.97 -3.29 9.55 0.37
0.10 -0.05 0.96 -1.88 3.52 -0.91
0.10 -0.05 1.00 1.05 7.77 -3.20
0.09 -0.05 0.97 -0.05 8.03 -1.40
0.08 -0.05 0.96 0.67 11.49 -3.72
0.25 -0.00 0.96 1.81 0.62 0.81
0.24 -0.01 0.96 2.79 -0.70 1.94
0.23 -0.00 0.97 4.25 0.72 2.49
0.24 0.01 0.98 3.02 -3.89 0.45
0.25 0.01 0.97 0.45 -0.03 1.36
0.24 0.16 0.79 20.13 120.33 18.39
0.08 -0.00 0.85 46.24 70.82 98.30
-0.25 -0.24 1.38 -19.97 70.95 39.28
-0.09 -0.03 1.13 -25.95 -71.04 8.05
-0.15 -0.10 0.82 -26.37 28.05 43.94
-0.17 -0.24 0.83 -25.63 37.32 60.71
-0.23 -0.07 0.99 16.38 -11.77 2.56
-0.17 -0.22 0.94 79.73 -23.28 -43.24
-0.07 0.09 1.25 -8.99 -86.66 2.96
0.06 0.12 1.24 -21.86 -65.98 45.66
0.11 -0.07 1.00 3.43 18.10 1.74
0.10 -0.03 0.97 5.55 12.89 1.49
0.08 -0.05 0.98 5.08 6.02 6.27
0.12 -0.03 0.97 1.94 4.80 5.42
0.09 -0.03 0.99 -3.75 1.32 5.58
0.10 -0.04 0.98 -4.10 3.44 2.04
0.09 -0.04 0.97 -3.29 9.55 0.37
0.10 -0.05 0.96 -1.88 3.52 -0.91
0.10 -0.05 1.00 1.05 7.77 -3.20
0.09 -0.05 0.97 -0.05 8.03 -1.40
0.08 -0.05 0.96 0.67 11.49 -3.72
0.25 -0.00 0.96 1.81 0.62 0.81
0.24 -0.01 0.96 2.79 -0.70 1.94
0.23 -0.00 0.97 4.25 0.72 2.49
0.24 0.01 0.98 3.02 -3.89 0.45
0.25 0.01 0.97 0.45 -0.03 1.36
0.55 -0.05 0.46 24.99 45.21 -16.12
0.14 0.08 0.94 95.88 151.73 93.73
-0.28 0.02 1.43 -26.43 142.55 66.14
-0.30 0.01 1.03 -42.62 -31.55 82.89
-0.13 0.09 0.71 -39.57 -9.38 26.25
-0.41 -0.14 0.91 -32.68 32.55 70.87
-0.30 -0.18 0.86 -12.61 -66.45 49.33
-0.15 -0.35 1.00 70.19 -66.15 -24.82
0.11 0.07 1.22 8.42 -138.46 -7.03
0.18 0.27 1.11 -17.71 -10.77 63.12
0.65 0.02 0.68 -23.11 -55.09 32.26
0.52 -0.03 0.40 42.96 113.82 -23.07
0.11 -0.07 1.00 3.43 18.10 1.74
0.10 -0.03 0.97 5.55 12.89 1.49
0.08 -0.05 0.98 5.08 6.02 6.27
0.12 -0.03 0.97 1.94 4.80 5.42
0.09 -0.03 0.99 -3.75 1.32 5.58
0.10 -0.04 0.98 -4.10 3.44 2.04
0.09 -0.04 0.97 -3.29 9.55 0.37
0.10 -0.05 0.96 -1.88 3.52 -0.91
0.10 -0.05 1.00 1.05 7.77 -3.20
0.09 -0.05 0.97 -0.05 8.03 -1.40