0.08 -0.05 0.98 5.08 6.02 6.27
0.12 -0.03 0.97 1.94 4.80 5.42
0.09 -0.03 0.99 -3.75 1.32 5.58
0.10 -0.04 0.98 -4.10 3.44 2.04
0.09 -0.04 0.97 -3.29 9.55 0.37
0.10 -0.05 0.96 -1.88 3.52 -0.91
0.10 -0.05 1.00 1.05 7.77 -3.20
0.09 -0.05 0.97 -0.05 8.03 -1.40
0.08 -0.05 0.96 0.67 11.49 -3.72
0.25 -0.00 0.96 1.81 0.62 0.81
0.24 -0.01 0.96 2.79 -0.70 1.94
0.23 -0.00 0.97 4.25 0.72 2.49
0.24 0.01 0.98 3.02 -3.89 0.45
0.25 0.01 0.97 0.45 -0.03 1.36
0.03 -0.05 0.39 -41.66 66.02 38.02
-0.15 -0.22 0.26 -33.27 71.37 -13.84
-0.78 -0.52 1.12 154.24 16.70 29.83
-0.12 0.09 1.46 4.21 -190.17 5.91
0.15 0.51 0.75 -24.95 -129.95 -4.25
0.20 0.16 0.13 -26.37 -80.35 26.42
0.67 -0.36 0.96 116.13 -18.75 -23.42
0.02 -0.02 2.00 28.56 135.14 4.15
-0.02 0.44 0.72 -86.69 14.74 36.10
0.08 -0.05 0.09 -48.80 106.98 41.57
-0.17 -0.27 0.63 -16.01 82.03 -14.75
0.11 -0.07 1.00 3.43 18.10 1.74
0.10 -0.03 0.97 5.55 12.89 1.49
0.08 -0.05 0.98 5.08 6.02 6.27
0.12 -0.03 0.97 1.94 4.80 5.42
0.09 -0.03 0.99 -3.75 1.32 5.58
0.10 -0.04 0.98 -4.10 3.44 2.04
0.09 -0.04 0.97 -3.29 9.55 0.37
0.10 -0.05 0.96 -1.88 3.52 -0.91
0.10 -0.05 1.00 1.05 7.77 -3.20
0.09 -0.05 0.97 -0.05 8.03 -1.40
0.08 -0.05 0.96 0.67 11.49 -3.72
0.25 -0.00 0.96 1.81 0.62 0.81
0.24 -0.01 0.96 2.79 -0.70 1.94
0.23 -0.00 0.97 4.25 0.72 2.49
0.24 0.01 0.98 3.02 -3.89 0.45
0.25 0.01 0.97 0.45 -0.03 1.36
-0.21 0.18 1.34 -13.20 -171.93 -25.41
0.13 0.44 0.44 -16.13 -132.61 -2.23
0.46 -0.01 0.31 -33.67 -112.25 12.24
0.93 -0.16 0.78 113.93 132.56 -46.62
-0.11 0.10 1.54 -13.02 122.67 39.10
-0.04 0.22 0.41 -81.36 70.32 84.59
-0.05 -0.19 0.20 -63.34 144.10 24.49
-0.64 -0.55 1.22 129.83 28.26 16.33
-0.48 -0.14 1.77 15.08 -129.06 -15.72
0.01 0.39 0.69 -25.45 -166.64 -5.39
0.20 0.17 -0.00 -18.67 -152.49 16.37
0.11 -0.07 1.00 3.43 18.10 1.74
0.10 -0.03 0.97 5.55 12.89 1.49
0.08 -0.05 0.98 5.08 6.02 6.27
0.12 -0.03 0.97 1.94 4.80 5.42
0.09 -0.03 0.99 -3.75 1.32 5.58
0.10 -0.04 0.98 -4.10 3.44 2.04
0.09 -0.04 0.97 -3.29 9.55 0.37
0.10 -0.05 0.96 -1.88 3.52 -0.91
0.10 -0.05 1.00 1.05 7.77 -3.20
0.09 -0.05 0.97 -0.05 8.03 -1.40
0.08 -0.05 0.96 0.67 11.49 -3.72
0.25 -0.00 0.96 1.81 0.62 0.81
0.24 -0.01 0.96 2.79 -0.70 1.94
0.23 -0.00 0.97 4.25 0.72 2.49
0.24 0.01 0.98 3.02 -3.89 0.45
0.25 0.01 0.97 0.45 -0.03 1.36
-0.06 -0.04 1.87 9.14 140.14 73.20
-0.16 0.36 0.79 -101.91 88.94 92.86
-0.06 -0.08 0.16 -71.63 172.77 68.29
-0.47 -0.42 1.10 20.32 6.75 10.84
-0.79 -0.25 1.41 35.87 -33.49 -6.31
-0.21 0.30 1.17 -25.93 -208.47 8.81
0.25 0.35 0.19 -39.66 -158.17 34.04
0.80 -0.24 0.96 14.69 -91.55 0.82
0.62 -0.15 1.34 139.81 198.54 -2.37
-0.05 0.02 1.38 -11.58 80.99 105.45
0.09 0.27 0.32 -70.25 56.12 108.44
0.11 -0.07 1.00 3.43 18.10 1.74
0.10 -0.03 0.97 5.55 12.89 1.49
0.08 -0.05 0.98 5.08 6.02 6.27
0.12 -0.03 0.97 1.94 4.80 5.42
0.09 -0.03 0.99 -3.75 1.32 5.58
0.10 -0.04 0.98 -4.10 3.44 2.04
0.09 -0.04 0.97 -3.29 9.55 0.37
0.10 -0.05 0.96 -1.88 3.52 -0.91
0.10 -0.05 1.00 1.05 7.77 -3.20
0.09 -0.05 0.97 -0.05 8.03 -1.40
0.08 -0.05 0.96 0.67 11.49 -3.72
0.25 -0.00 0.96 1.81 0.62 0.81
0.24 -0.01 0.96 2.79 -0.70 1.94
0.23 -0.00 0.97 4.25 0.72 2.49
0.24 0.01 0.98 3.02 -3.89 0.45
0.25 0.01 0.97 0.45 -0.03 1.36
-0.67 -0.55 1.05 92.03 129.74 56.57
-0.57 -0.05 1.72 -28.47 -198.38 31.03
0.22 0.43 0.87 -29.68 -225.03 15.06
0.45 0.40 0.01 -77.86 -119.42 48.55
0.76 -0.20 0.85 94.78 74.98 10.76
0.09 -0.48 1.37 37.86 180.21 87.45
-0.17 0.34 1.19 -60.96 24.99 112.18
0.10 0.16 0.29 -98.43 43.22 94.57
-0.27 -0.19 0.60 -69.73 99.84 35.42
-0.76 -0.60 1.20 66.98 140.05 64.39
-0.64 -0.27 1.45 137.30 -250.00 -5.44
0.11 -0.07 1.00 3.43 18.10 1.74
0.10 -0.03 0.97 5.55 12.89 1.49
0.08 -0.05 0.98 5.08 6.02 6.27
0.12 -0.03 0.97 1.94 4.80 5.42
0.09 -0.03 0.99 -3.75 1.32 5.58
0.10 -0.04 0.98 -4.10 3.44 2.04
0.09 -0.04 0.97 -3.29 9.55 0.37
0.10 -0.05 0.96 -1.88 3.52 -0.91
0.10 -0.05 1.00 1.05 7.77 -3.20
0.09 -0.05 0.97 -0.05 8.03 -1.40
0.08 -0.05 0.96 0.67 11.49 -3.72
0.25 -0.00 0.96 1.81 0.62 0.81
0.24 -0.01 0.96 2.79 -0.70 1.94
0.23 -0.00 0.97 4.25 0.72 2.49
0.24 0.01 0.98 3.02 -3.89 0.45
0.25 0.01 0.97 0.45 -0.03 1.36
0.50 0.37 0.01 -52.02 -33.09 89.58
0.59 -0.32 1.00 105.15 79.40 45.53
-0.24 -0.23 1.98 18.98 172.64 41.60
-0.15 0.27 1.10 -58.39 5.07 55.66
0.02 0.11 0.27 -95.66 80.00 46.42
-0.48 -0.26 0.94 -33.79 99.76 49.97
-0.53 -0.76 1.79 128.43 -45.66 -2.71
-0.08 0.07 1.03 32.23 -187.74 -67.15
0.32 0.71 0.13 -37.41 -206.19 14.24
1.22 -0.00 1.01 4.92 28.69 12.41
0.37 -0.39 1.16 144.94 141.62 4.47
0.03 -0.04 1.43 -34.55 51.1 -0.12
0.11 -0.07 1.00 3.43 18.10 1.74
0.10 -0.03 0.97 5.55 12.89 1.49
0.08 -0.05 0.98 5.08 6.02 6.27
0.12 -0.03 0.97 1.94 4.80 5.42
0.09 -0.03 0.99 -3.75 1.32 5.58
0.10 -0.04 0.98 -4.10 3.44 2.04
0.09 -0.04 0.97 -3.29 9.55 0.37
0.10 -0.05 0.96 -1.88 3.52 -0.91
0.10 -0.05 1.00 1.05 7.77 -3.20
0.09 -0.05 0.97 -0.05 8.03 -1.40
0.08 -0.05 0.96 0.67 11.49 -3.72
0.25 -0.00 0.96 1.81 0.62 0.81
0.24 -0.01 0.96 2.79 -0.70 1.94
0.23 -0.00 0.97 4.25 0.72 2.49
0.24 0.01 0.98 3.02 -3.89 0.45
0.25 0.01 0.97 0.45 -0.03 1.36
0.03 0.29 1.00 -84.02 84.74 28.69
-0.33 -0.00 0.69 -62.64 151.74 43.09
-0.45 -0.37 0.86 27.45 121.64 17.65
-0.70 -0.38 1.45 133.25 -214.91 -92.09
0.12 0.27 1.21 -19.34 -163.34 -49.74
0.28 0.12 1.01 -54.82 -102.66 10.55
0.96 -0.13 0.65 -46.78 -141.84 -41.37
0.58 -0.09 0.73 -12.84 117.11 5.93