0.17 -0.03 0.96 3.97 6.76 -2.43
0.18 -0.05 0.95 -0.39 8.13 -1.77
0.17 -0.03 0.95 0.21 3.84 -4.23
0.19 -0.36 0.95 10.46 17.97 -0.77
0.20 -0.19 0.83 -9.67 10.49 6.39
0.26 -0.35 0.96 25.44 -9.99 -2.37
0.28 -0.27 0.99 9.28 -7.82 7.32
0.34 -0.19 0.87 13.67 -10.70 -4.60
0.27 -0.22 0.89 5.36 10.15 8.08
0.25 -0.23 0.87 1.37 4.91 9.65
0.26 -0.24 0.97 -2.93 -9.13 3.39
0.29 -0.16 0.85 -17.72 0.77 7.87
0.30 -0.34 0.93 -3.10 3.28 0.11
0.29 -0.24 0.79 12.69 14.67 3.56
0.27 -0.20 0.93 2.78 -4.46 -3.29
0.24 -0.21 0.94 -4.02 2.07 -2.85
0.31 -0.22 0.78 -21.00 -2.03 -4.80
0.29 -0.42 0.98 0.81 13.67 -1.32
0.28 -0.21 0.87 -3.04 11.73 -4.94
0.17 -0.00 0.94 3.66 4.31 -4.38
0.14 -0.03 0.96 -1.12 3.27 -1.37
0.13 0.00 0.84 -34.18 -20.02 15.57
0.29 0.00 1.01 -38.89 -25.33 -9.26
0.27 -0.01 1.06 -12.59 27.26 -18.61
0.04 0.02 0.81 -18.16 24.77 -10.87
0.01 -0.01 0.99 -5.20 -40.35 7.67
0.27 0.16 0.98 -19.75 -45.94 18.91
0.41 0.16 1.00 9.01 -13.15 -29.02
0.31 0.14 0.97 -27.15 -24.86 -22.93
0.24 0.06 0.56 15.72 -29.38 34.95
0.19 -0.36 0.95 10.46 17.97 -0.77
0.20 -0.19 0.83 -9.67 10.49 6.39
0.26 -0.35 0.96 25.44 -9.99 -2.37
0.28 -0.27 0.99 9.28 -7.82 7.32
0.34 -0.19 0.87 13.67 -10.70 -4.60
0.27 -0.22 0.89 5.36 10.15 8.08
0.25 -0.23 0.87 1.37 4.91 9.65
0.26 -0.24 0.97 -2.93 -9.13 3.39
0.29 -0.16 0.85 -17.72 0.77 7.87
0.30 -0.34 0.93 -3.10 3.28 0.11
0.29 -0.24 0.79 12.69 14.67 3.56
0.27 -0.20 0.93 2.78 -4.46 -3.29
0.24 -0.21 0.94 -4.02 2.07 -2.85
0.31 -0.22 0.78 -21.00 -2.03 -4.80
0.29 -0.42 0.98 0.81 13.67 -1.32
0.28 -0.21 0.87 -3.04 11.73 -4.94
0.45 -0.14 0.88 82.66 98.08 40.50
-0.14 0.22 1.58 -32.01 -49.90 -29.05
0.47 0.29 0.79 -117.00 -101.01 59.44
0.79 -0.40 0.49 -39.11 1.75 -32.86
-0.01 -0.45 0.61 41.00 138.98 -90.20
-0.48 -0.50 1.30 80.13 23.25 -73.05
0.24 0.26 1.77 2.09 -185.71 -53.44
0.58 0.34 0.53 -62.23 -17.56 37.41
0.14 0.00 -0.06 -10.34 132.43 12.07
0.15 -0.04 0.39 41.73 66.80 5.17
0.23 -0.75 1.94 249.99 -239.91 22.72
0.51 0.78 1.52 -42.82 -36.90 51.41
0.19 -0.36 0.95 10.46 17.97 -0.77
0.20 -0.19 0.83 -9.67 10.49 6.39
0.26 -0.35 0.96 25.44 -9.99 -2.37
0.28 -0.27 0.99 9.28 -7.82 7.32
0.34 -0.19 0.87 13.67 -10.70 -4.60
0.27 -0.22 0.89 5.36 10.15 8.08
0.25 -0.23 0.87 1.37 4.91 9.65
0.26 -0.24 0.97 -2.93 -9.13 3.39
0.29 -0.16 0.85 -17.72 0.77 7.87
0.30 -0.34 0.93 -3.10 3.28 0.11
0.29 -0.24 0.79 12.69 14.67 3.56
0.27 -0.20 0.93 2.78 -4.46 -3.29
0.24 -0.21 0.94 -4.02 2.07 -2.85
0.31 -0.22 0.78 -21.00 -2.03 -4.80
0.29 -0.42 0.98 0.81 13.67 -1.32
0.28 -0.21 0.87 -3.04 11.73 -4.94
0.16 -0.30 -0.13 -79.39 183.86 19.27
-0.17 -0.84 1.84 166.87 9.13 -87.70
-0.50 0.27 2.00 -37.83 -114.68 -63.75
0.15 0.42 0.27 -60.78 -196.49 77.42
0.43 0.04 0.00 -37.09 -77.15 74.03
0.79 -0.66 1.27 249.99 -7.97 -30.88
0.06 0.13 1.82 -5.71 -46.78 24.96
0.69 0.32 0.64 -76.05 28.88 9.43
0.21 0.03 -0.03 -15.66 126.19 8.26
0.08 -0.56 1.16 49.95 140.66 -25.00
0.19 -0.36 0.95 10.46 17.97 -0.77
0.20 -0.19 0.83 -9.67 10.49 6.39