-0.07 0.42 0.91 -4.97 -0.69 -0.47
-0.05 0.41 0.92 -2.24 -0.76 0.75
-0.19 0.44 0.81 4.04 9.00 -1.01
-0.21 0.45 0.82 1.49 8.38 2.01
-0.22 0.45 0.86 -0.23 6.02 0.02
-0.20 0.44 0.84 1.28 -3.02 -3.14
-0.20 0.45 0.82 0.08 2.84 -0.92
-0.21 0.44 0.85 -2.36 5.23 -1.14
-0.22 0.43 0.84 0.16 -4.20 2.34
-0.19 0.46 0.79 1.05 7.22 1.55
-0.20 0.45 0.80 -0.34 6.17 2.62
-0.24 0.44 0.82 2.06 3.58 4.09
-0.23 0.46 0.81 -0.07 0.19 5.95
-0.17 0.45 0.82 -5.56 -4.88 3.62
-0.19 0.44 0.86 -5.74 8.90 0.31
-0.26 0.44 0.85 -4.54 6.51 2.89
-0.24 0.44 0.84 -4.59 -11.05 3.97
-0.18 0.46 0.82 -5.91 -8.91 12.88
-0.11 0.45 1.01 -14.18 -11.73 -1.00
-0.04 0.40 1.03 -24.99 -52.51 -6.78
0.09 0.39 0.87 -39.86 -34.56 -16.57
0.12 0.42 1.00 -61.95 -32.45 -15.90
0.20 0.39 1.11 -60.93 -22.29 -15.47
0.20 0.36 0.89 -65.48 46.47 -6.71
-0.14 0.31 0.74 -97.79 64.19 -0.79
-0.43 0.22 1.00 -113.67 52.91 -10.57
-0.42 0.08 1.07 -76.97 -39.86 -80.25
-0.33 0.01 0.99 -16.02 -146.77 -119.71
0.32 0.01 0.66 16.50 -184.62 -96.73
-0.19 0.44 0.81 4.04 9.00 -1.01
-0.21 0.45 0.82 1.49 8.38 2.01
-0.22 0.45 0.86 -0.23 6.02 0.02
-0.20 0.44 0.84 1.28 -3.02 -3.14
-0.20 0.45 0.82 0.08 2.84 -0.92
-0.21 0.44 0.85 -2.36 5.23 -1.14
-0.22 0.43 0.84 0.16 -4.20 2.34
-0.19 0.46 0.79 1.05 7.22 1.55
-0.20 0.45 0.80 -0.34 6.17 2.62
-0.24 0.44 0.82 2.06 3.58 4.09
-0.23 0.46 0.81 -0.07 0.19 5.95
-0.17 0.45 0.82 -5.56 -4.88 3.62
-0.19 0.44 0.86 -5.74 8.90 0.31
-0.26 0.44 0.85 -4.54 6.51 2.89
-0.24 0.44 0.84 -4.59 -11.05 3.97
-0.18 0.46 0.82 -5.91 -8.91 12.88
0.51 -0.01 1.00 -52.41 -74.65 -23.50
0.57 -0.10 0.85 -39.06 -70.66 -13.06
0.65 -0.10 0.81 -14.79 -2.08 -10.70
0.66 0.01 0.70 -16.96 27.05 -23.23
0.52 -0.14 0.64 1.52 77.09 -39.54
0.34 -0.37 0.83 -21.75 71.40 -58.66
0.30 -0.20 1.17 -60.91 -56.32 -120.16
0.93 -0.02 0.94 -93.95 -72.79 -172.25
0.83 -0.08 0.48 -127.37 138.42 -165.46
0.14 -0.35 0.21 -107.71 249.99 -195.38
-0.19 0.44 0.81 4.04 9.00 -1.01
-0.21 0.45 0.82 1.49 8.38 2.01
-0.22 0.45 0.86 -0.23 6.02 0.02
-0.20 0.44 0.84 1.28 -3.02 -3.14
-0.20 0.45 0.82 0.08 2.84 -0.92
-0.21 0.44 0.85 -2.36 5.23 -1.14
-0.22 0.43 0.84 0.16 -4.20 2.34
-0.19 0.46 0.79 1.05 7.22 1.55
-0.20 0.45 0.80 -0.34 6.17 2.62
-0.24 0.44 0.82 2.06 3.58 4.09
-0.23 0.46 0.81 -0.07 0.19 5.95
-0.17 0.45 0.82 -5.56 -4.88 3.62
-0.19 0.44 0.86 -5.74 8.90 0.31
-0.26 0.44 0.85 -4.54 6.51 2.89
-0.24 0.44 0.84 -4.59 -11.05 3.97
-0.18 0.46 0.82 -5.91 -8.91 12.88
-0.51 -0.17 1.76 94.28 -250.00 -250.00
0.64 0.39 1.11 8.48 -148.86 -250.00
1.25 0.30 0.46 -78.09 3.36 -164.54