0.43 0.15 0.89 -0.21 8.77 8.11
0.43 0.15 0.89 -0.12 15.03 6.03
0.39 0.13 0.92 0.59 10.85 6.96
0.39 0.14 0.90 4.18 5.13 6.32
0.40 0.15 0.90 3.20 1.57 5.77
0.40 0.15 0.90 2.78 4.37 5.52
0.40 0.15 0.90 2.82 1.18 4.88
0.41 0.14 0.89 -0.99 1.93 5.55
0.39 0.15 0.91 -0.39 3 -5.61
-0.05 0.11 0.05 -172.43 -17.31 -5.41
0.57 -0.16 2.00 37.65 -250.00 24.65
1.39 0.26 0.11 -100.36 92.62 9.75
0.18 -0.01 -0.14 -97.79 249.99 18.16
0.40 0.14 0.90 -0.98 1.98 3.46
0.41 0.14 0.90 0.95 0.18 1.86
0.41 0.15 0.89 0.85 1.00 1.64
0.41 0.14 0.88 -1.36 3.68 1.53
0.50 0.19 0.85 -7.57 14.07 -9.82
0.40 0.14 0.84 -14.03 32.55 -10.30
0.28 0.20 1.05 -4.04 18.14 12.66
0.24 0.29 0.95 -22.09 8.10 53.76
0.37 0.22 0.89 -26.77 0.70 52.60
0.48 0.13 0.83 -17.29 27.86 30.71
0.43 0.23 1.08 -25.51 35.52 6.61
0.31 0.29 1.00 -40.45 58.03 4.95
0.21 0.12 0.82 -33.79 3 -5.61
-0.05 0.11 0.05 -172.43 -17.31 -5.41
0.57 -0.16 2.00 37.65 -250.00 24.65
1.39 0.26 0.11 -100.36 92.62 9.75
0.18 -0.01 -0.14 -97.79 249.99 18.16
-0.55 -0.88 2.00 218.86 101.96 -12.42
-0.01 -0.02 0.79 -19.82 89.56 -53.71
-0.35 -0.22 1.33 28.26 14.60 -65.28
0.21 -0.04 1.19 60.20 -180.25 -15.33
0.67 0.15 1.06 -3.20 -92.84 6.41
0.47 0.17 0.96 -10.89 -0.40 43.46
0.37 0.34 0.47 9.22 2.46 54.06
0.62 0.41 0.33 13.02 40.35 66.55
0.52 0.19 1.14 7.91 164.09 19.17
0.04 -0.03 1.72 -11.68 -10.50 -40.65
0.53 0.33 0.57 -74.70 -9.73 4.14
0.35 -0.14 0.55 -24.04 27.24 -75.17
-0.05 0.11 0.05 -172.43 -17.31 -5.41
0.57 -0.16 2.00 37.65 -250.00 24.65
1.39 0.26 0.11 -100.36 92.62 9.75
0.18 -0.01 -0.14 -97.79 249.99 18.16
-0.19 0.33 2.00 -9.05 -120.19 -47.77
0.43 0.57 0.30 -46.13 -50.64 -6.76
0.32 0.10 -0.05 -20.93 -0.60 -14.42
0.77 -0.29 1.84 71.22 -107.45 -62.67
0.67 0.21 1.75 -34.02 87.41 -13.72
0.57 0.14 0.49 -94.55 72.63 -23.68
0.22 0.07 -0.12 -35.29 149.25 -67.05
-0.23 -0.37 2.00 113.40 37.43 -95.31
-0.17 0.25 2.00 -12.16 -108.34 -50.14
0.31 0.41 0.34 -51.90 -81.02 12.83
0.63 -0.03 0.08 -25.77 -122.09 -4.81
-0.05 0.11 0.05 -172.43 -17.31 -5.41
0.57 -0.16 2.00 37.65 -250.00 24.65
1.39 0.26 0.11 -100.36 92.62 9.75
0.18 -0.01 -0.14 -97.79 249.99 18.16
0.53 0.10 1.14 -103.84 89.73 65.61
0.07 0.24 0.39 -53.65 207.81 22.53
-0.05 -0.09 0.28 -5.50 241.28 -22.15
-0.93 -0.03 1.61 27.57 -59.88 -84.69
0.09 0.35 0.37 -25.67 -250.00 18.52
0.31 0.18 -0.08 -17.37 -71.11 66.22
0.87 -0.39 2.00 96.15 -153.26 -12.28
0.86 0.28 1.91 -63.43 102.28 18.75
0.49 0.22 0.52 -92.87 159.94 47.26
0.12 -0.07 -0.23 -39.20 236.02 6.49
-0.46 -0.53 2.00 98.72 89.56 -33.21
-0.05 0.11 0.05 -172.43 -17.31 -5.41
0.57 -0.16 2.00 37.65 -250.00 24.65
1.39 0.26 0.11 -100.36 92.62 9.75
0.18 -0.01 -0.14 -97.79 249.99 18.16
0.13 0.30 0.10 -16.06 -245.08 54.28
0.45 0.11 -0.26 -9.98 -110.05 43.63
1.18 -0.05 1.94 194.99 -112.88 -30.51
0.61 0.04 1.07 -60.33 52.32 67.35
0.23 0.13 0.19 -41.15 183.06 11.25
-0.03 -0.15 -0.05 -37.00 249.99 -7.19
-1.12 -0.03 1.72 12.62 91.00 -72.45
-0.36 0.31 0.72 -23.66 -217.00 14.43
0.22 0.15 -0.16 2.28 -96.44 68.53
0.79 -0.21 2.00 123.41 -191.15 17.54
0.65 0.20 1.76 -51.50 102.57 56.37
-0.05 0.11 0.05 -172.43 -17.31 -5.41
0.57 -0.16 2.00 37.65 -250.00 24.65
1.39 0.26 0.11 -100.36 92.62 9.75
0.18 -0.01 -0.14 -97.79 249.99 18.16
-0.06 -0.13 0.06 -25.67 244.61 19.10
-0.92 -0.33 1.58 54.28 152.29 -69.67
-0.47 0.33 1.10 -1.74 -250.00 10.11
0.29 0.28 -0.33 0.72 -189.47 77.10
1.09 -0.24 2.00 104.83 -127.81 14.79
0.61 0.19 1.90 -64.77 163.19 39.67
0.22 0.26 0.39 -64.33 186.09 -2.21
-0.10 -0.12 -0.05 -54.10 249.99 11.34
-1.02 -0.20 1.50 -15.63 80.80 -59.97
-0.40 0.22 0.44 -20.24 -201.52 62.96