0.36 0.04 0.79 96.89 249.99 36.20
0.30 0.08 0.75 -24.80 249.99 12.83
-1.42 0.21 1.34 -82.69 249.99 74.56
-0.37 0.24 0.79 -35.96 61.45 49.80
-0.23 0.15 0.65 -40.28 -43.13 -143.23
-0.36 -0.63 0.88 172.64 -173.83 -72.01
-0.17 -0.33 1.13 124.27 -192.03 -101.28
0.28 0.98 1.37 14.26 -250.00 -19.62
0.95 1.00 -0.68 -120.74 -250.00 -88.56
1.34 -0.22 0.59 -14.72 180.87 42.83
-0.30 -0.93 1.47 -61.33 249.99 -42.30
-0.10 -0.31 1.39 -34.58 -156.37 -35.29
0.86 0.62 0.15 -151.68 -228.39 -34.43
0.19 -0.33 0.67 -123.22 249.99 33.29
-0.30 -0.79 0.98 -101.95 223.93 -9.98
-0.21 -0.73 1.00 -10.85 -11.25 -151.37
-0.19 -0.53 0.76 16.69 25.46 -188.73
0.03 -0.76 0.81 59.97 -26.13 -250.00
0.61 -0.29 0.97 -64.83 36.35 -47.76
0.23 -0.27 0.95 -20.25 58.06 -57.81
0.34 -0.17 0.69 38.71 41.97 -59.55
0.32 -0.07 0.80 1.30 73.84 -11.82
-0.07 -0.30 1.21 -23.93 75.46 -29.26
-0.03 -0.30 1.09 -12.91 -25.45 -33.87
0.06 -0.45 0.96 -1.89 13.09 0.22
0.03 -0.12 0.90 8.53 -27.41 -1.91
0.15 -0.21 0.90 6.68 -19.49 2.98
0.31 -0.23 0.89 5.30 -28.89 -2.22
0.17 -0.32 1.06 16.49 3.21 -17.40
0.28 -0.22 0.99 19.91 -54.70 -78.45
0.49 -0.12 0.71 -15.65 -14.51 -88.82
0.38 -0.26 0.79 -3.82 12.33 -116.87
0.39 -0.02 1.00 -14.16 34.79 -133.33
0.33 -0.21 0.99 -23.50 27.60 -96.05
0.11 -0.02 0.91 -106.80 73.97 -59.12
0.19 -0.38 0.66 -71.05 57.55 -67.47
-0.05 -0.38 0.85 -35.69 119.29 -22.96
0.22 -0.12 0.71 1.16 49.95 8.68
-0.15 -0.62 1.05 -52.49 116.03 -13.01
-0.31 -0.31 1.01 -8.29 -3.94 -27.35
0.01 -0.20 0.77 -59.22 -8.57 -9.62
-0.21 -0.73 1.00 -10.85 -11.25 -151.37
-0.19 -0.53 0.76 16.69 25.46 -188.73
0.03 -0.76 0.81 59.97 -26.13 -250.00
-0.02 -0.57 0.86 -0.25 -19.08 -23.80
0.16 -0.47 0.88 38.63 -33.07 -34.19
0.14 -0.43 0.77 24.93 8.47 -44.28
0.21 -0.27 0.88 14.42 -15.45 -67.03
0.26 -0.24 0.85 -35.61 46.46 -83.63