0.04 -0.18 1.17 53.41 132.06 -1.77
-0.30 -0.09 1.34 -35.20 68.59 27.38
0.08 0.20 0.88 -36.64 -9.22 -0.73
-0.35 0.11 0.80 -58.41 76.26 -17.84
-0.54 -0.11 0.93 -13.13 -8.58 10.79
-0.14 -0.41 0.80 107.17 -101.60 -63.00
0.19 0.05 1.33 -23.98 -154.84 -83.36
0.16 0.43 0.80 -22.11 -13.76 2.29
0.66 0.02 0.83 -51.61 -17.39 8.47
0.64 -0.12 0.64 34.97 95.04 -71.70
0.06 -0.03 1.46 82.72 81.44 7.21
-0.38 0.08 1.71 -49.51 76.96 33.07
0.12 0.19 0.82 -44.31 0.06 32.95
-0.08 -0.00 0.48 -85.68 80.28 -24.89
-0.65 -0.16 0.80 -21.53 81.99 8.98
-0.35 -0.31 0.52 73.82 -87.22 -30.38
-0.14 0.03 1.00 43.53 -250.00 -74.25
0.30 0.43 0.90 -4.63 -57.34 -31.88
0.57 0.15 0.66 -50.14 -28.75 37.80
0.85 -0.11 0.57 -4.91 54.49 -75.45
0.10 -0.17 1.34 103.29 157.71 -17.36
-0.28 -0.03 1.53 -37.61 83.44 62.64
0.13 0.14 0.85 -30.56 6.33 37.00
-0.10 -0.00 0.48 -80.87 60.91 -21.72
-0.44 -0.21 0.85 4.63 56.14 -4.88
-0.22 -0.39 1.09 142.16 -80.35 -34.30
0.19 -0.02 1.89 -10.57 -126.18 -87.91
0.10 0.38 0.63 -28.41 -41.92 -32.36
0.85 -0.06 0.62 9.61 45.97 -57.98
0.23 -0.17 1.27 96.08 175.78 -7.55
-0.48 0.09 1.64 -64.06 123.92 38.28
0.04 0.12 0.83 -54.23 22.03 38.01
-0.22 -0.03 0.58 -79.82 82.86 -52.71
-0.49 -0.26 0.80 7.33 30.35 -21.04
-0.25 -0.60 0.97 149.94 -100.83 -44.27
0.07 0.19 1.39 -19.18 -154.95 -40.14
0.19 0.56 0.60 15.79 -90.10 -12.81
0.74 0.16 0.54 -58.43 -19.39 27.16
0.71 -0.18 0.59 52.06 139.60 -54.20
-0.21 -0.17 1.13 -2.53 187.23 27.80
-0.21 0.26 0.97 -55.06 21.42 77.32
0.01 -0.09 0.50 -66.95 47.74 -20.41
-0.46 -0.18 0.98 -38.18 54.94 -39.73
-0.32 -0.36 0.74 97.82 -44.73 -6.02
-0.10 -0.10 1.36 -12.08 -87.39 -37.57
0.06 0.40 1.08 12.88 -102.49 -29.67
0.06 0.39 0.74 -50.75 -25.75 16.62
0.48 0.02 0.66 -57.20 -37.10 0.77
0.73 -0.21 0.58 83.47 39.38 -64.05
-0.14 -0.11 1.15 12.65 171.70 8.81
-0.20 0.21 1.28 -18.00 -25.83 50.65
0.07 0.00 0.82 -37.59 2.50 -0.08
-0.07 -0.07 0.46 -57.70 72.55 -40.18
-0.38 -0.19 0.83 21.37 18.39 -52.81
-0.44 -0.40 1.66 157.01 -158.50 -54.08
0.13 0.27 1.09 -54.50 -34.36 -26.82
0.49 0.08 0.85 -47.81 -65.33 -19.62
0.78 -0.06 0.45 -57.33 27.24 -69.68
0.35 -0.16 0.75 10.06 124.25 -37.25
0.13 -0.27 1.25 73.03 5.32 -2.91
0.01 -0.04 1.06 -33.36 91.26 0.03
-0.26 -0.04 1.31 12.08 53.01 -33.24
-0.44 -0.09 0.84 -38.52 47.41 7.95
-0.26 -0.19 1.01 -31.62 -27.28 -1.37
-0.28 -0.07 0.78 7.58 -79.87 -38.08
-0.10 -0.19 1.08 43.41 -90.22 -58.24
0.16 0.09 1.00 -19.64 -118.71 13.05
0.42 -0.09 1.29 14.98 -16.17 49.05
0.50 -0.05 0.73 -2.89 -51.92 22.95
-0.46 -0.18 0.98 -38.18 54.94 -39.73
-0.32 -0.36 0.74 97.82 -44.73 -6.02
-0.10 -0.10 1.36 -12.08 -87.39 -37.57
0.06 0.40 1.08 12.88 -102.49 -29.67
0.06 0.39 0.74 -50.75 -25.75 16.62
0.48 0.02 0.66 -57.20 -37.10 0.77
0.73 -0.21 0.58 83.47 39.38 -64.05
-0.14 -0.11 1.15 12.65 171.70 8.81
-0.20 0.21 1.28 -18.00 -25.83 50.65
0.07 0.00 0.82 -37.59 2.50 -0.08
-0.07 -0.07 0.46 -57.70 72.55 -40.18
-0.38 -0.19 0.83 21.37 18.39 -52.81
-0.44 -0.40 1.66 157.01 -158.50 -54.08
0.39 -0.06 0.81 39.60 89.10 45.09
0.37 -0.03 0.81 41.89 71.08 56.82
-0.05 -0.05 1.03 -8.96 100.94 58.63
-0.09 -0.09 1.29 -15.43 22.71 16.49
-0.19 -0.11 1.07 -13.37 40.18 23.83
-0.16 -0.16 0.88 -9.84 44.70 32.97
-0.22 -0.16 0.94 3.52 25.14 4.07
-0.33 -0.10 0.76 17.37 -19.84 -3.19
-0.22 0.07 0.95 -3.94 -78.86 -34.17
0.26 -0.17 1.16 17.70 -90.63 -27.30
0.25 0.02 0.86 24.44 -3.65 -19.39
0.11 -0.02 0.89 5.70 18.71 13.05
0.42 -0.09 1.29 14.98 -16.17 49.05
0.50 -0.05 0.73 -2.89 -51.92 22.95
-0.46 -0.18 0.98 -38.18 54.94 -39.73
-0.32 -0.36 0.74 97.82 -44.73 -6.02
-0.10 -0.10 1.36 -12.08 -87.39 -37.57
0.06 0.40 1.08 12.88 -102.49 -29.67
0.06 0.39 0.74 -50.75 -25.75 16.62
0.48 0.02 0.66 -57.20 -37.10 0.77
0.73 -0.21 0.58 83.47 39.38 -64.05
-0.14 -0.11 1.15 12.65 171.70 8.81
-0.20 0.21 1.28 -18.00 -25.83 50.65
0.07 0.00 0.82 -37.59 2.50 -0.08
-0.07 -0.07 0.46 -57.70 72.55 -40.18
-0.38 -0.19 0.83 21.37 18.39 -52.81
-0.44 -0.40 1.66 157.01 -158.50 -54.08
0.08 -0.03 1.00 3.32 -7.23 -17.10
0.16 -0.06 0.99 5.75 -13.14 -12.26
0.17 -0.01 0.99 0.56 -5.21 -11.51
0.14 -0.00 0.97 -0.98 -1.30 -5.16
0.13 -0.01 0.96 -1.44 -3.88 -2.56
0.13 -0.01 0.96 -0.12 -3.17 -2.95
0.14 0.00 0.97 -1.38 -6.76 0.18
0.13 0.01 0.99 -2.48 1.87 -0.55
0.13 -0.00 0.97 0.24 -1.05 0.95
0.12 0.00 0.97 -1.00 1.85 0.22
0.12 -0.01 0.99 2.11 0.54 -2.15
0.13 0.01 0.98 0.28 -2.98 -1.26
0.50 -0.05 0.73 -2.89 -51.92 22.95
-0.46 -0.18 0.98 -38.18 54.94 -39.73
-0.32 -0.36 0.74 97.82 -44.73 -6.02
-0.10 -0.10 1.36 -12.08 -87.39 -37.57
0.06 0.40 1.08 12.88 -102.49 -29.67
0.06 0.39 0.74 -50.75 -25.75 16.62
0.48 0.02 0.66 -57.20 -37.10 0.77
0.73 -0.21 0.58 83.47 39.38 -64.05
-0.14 -0.11 1.15 12.65 171.70 8.81
-0.20 0.21 1.28 -18.00 -25.83 50.65
0.07 0.00 0.82 -37.59 2.50 -0.08
-0.07 -0.07 0.46 -57.70 72.55 -40.18
-0.38 -0.19 0.83 21.37 18.39 -52.81
-0.44 -0.40 1.66 157.01 -158.50 -54.08
0.13 0.01 0.98 0.78 0.66 1.48
0.13 0.01 0.98 -0.75 0.56 0.53
0.11 -0.00 0.98 -0.16 -1.38 1.41
0.13 0.01 0.96 -1.06 -1.54 0.67
0.14 0.02 0.97 -0.89 1.48 0.25