-0.76 -0.17 2.00 65.61 -147.00 -67.90
0.30 0.49 0.19 20.58 -250.00 -17.35
1.11 -0.15 0.25 -3.02 -94.43 23.42
1.09 -0.16 0.83 164.29 92.91 -136.14
0.82 0.39 0.88 -16.82 105.64 -21.77
-0.05 0.62 0.81 -144.71 53.31 0.47
0.22 -0.32 0.66 -115.87 145.65 -40.76
-0.14 -0.48 1.29 87.41 -69.85 -86.62
0.22 0.20 0.85 71.08 -245.12 -106.13
0.81 0.34 0.79 -40.11 -86.89 -24.73
0.87 0.13 0.83 0.01 -70.70 -26.21
-0.05 0.11 0.05 -172.43 -17.31 -5.41
0.57 -0.16 2.00 37.65 -250.00 24.65
1.39 0.26 0.11 -100.36 92.62 9.75
0.18 -0.01 -0.14 -97.79 249.99 18.16
-0.55 -0.88 2.00 218.86 101.96 44.14
0.66 0.18 0.66 26.74 76.80 48.99
0.63 0.15 0.89 62.07 39.70 51.03
0.34 0.25 0.99 1.70 13.30 18.71
0.46 0.17 0.83 9.91 -52.76 11.11
0.65 0.14 0.71 13.98 -30.84 7.25
0.59 0.27 0.75 10.49 -12.92 12.09
0.58 0.23 0.82 7.80 -11.94 -3.56
0.66 0.23 0.81 4.91 -13.92 -6.89
0.67 0.28 0.72 -6.25 -5.97 -6.19
0.58 0.28 0.80 -8.65 -1.63 0.79
0.62 0.25 0.74 -9.77 -3.67 -1.09
0.61 0.24 0.77 1.40 -0.24 -1.76
-0.05 0.11 0.05 -172.43 -17.31 -5.41
0.57 -0.16 2.00 37.65 -250.00 24.65
1.39 0.26 0.11 -100.36 92.62 9.75
0.18 -0.01 -0.14 -97.79 249.99 18.16
0.61 0.28 0.80 0.60 -3.81 -3.65
0.63 0.25 0.76 -2.68 -3.83 -3.34
0.62 0.28 0.76 0.92 -7.13 -0.33
0.63 0.27 0.74 -2.44 -1.40 3.07
0.62 0.27 0.76 2.07 -3.65 2.45
0.64 0.27 0.76 1.66 -5.54 1.85
0.65 0.28 0.75 0.27 -0.86 3.46
0.67 0.30 0.75 -4.01 2.89 3.81
0.74 0.26 0.69 -14.95 8.86 -7.14
0.72 0.31 0.68 -34.36 29.88 -29.00
0.57 0.32 0.76 -26.66 24.37 -14.85
0.47 0.22 0.80 -9.45 22.16 17.39
0.58 0.23 0.80 3.47 0.75 0.63
-0.05 0.11 0.05 -172.43 -17.31 -5.41
0.57 -0.16 2.00 37.65 -250.00 24.65
1.39 0.26 0.11 -100.36 92.62 9.75
0.18 -0.01 -0.14 -97.79 249.99 18.16
0.58 0.27 0.77 11.94 17.82 19.18
0.53 0.24 0.84 2.88 17.79 19.65
0.57 0.21 0.81 4.37 16.15 16.69
0.54 0.21 0.84 -3.70 17.83 13.21
0.56 0.22 0.78 -13.73 25.83 3.30
0.48 0.15 0.93 -3.36 22.87 9.28
0.46 0.16 0.85 -2.91 8.09 6.68
0.52 0.19 0.89 4.16 1.98 0.96
0.46 0.21 0.86 -0.55 -5.33 1.13
0.45 0.18 0.86 3.70 -9.72 13.62
0.47 0.19 0.86 10.94 -15.14 18.71
0.56 0.24 0.79 4.73 1.12 14.77
-0.05 0.11 0.05 -172.43 -17.31 -5.41
0.57 -0.16 2.00 37.65 -250.00 24.65
1.39 0.26 0.11 -100.36 92.62 9.75
0.18 -0.01 -0.14 -97.79 249.99 18.16
0.65 0.22 0.72 -36.57 41.62 -37.79
0.40 0.05 0.98 -19.66 13.54 -21.42
0.52 0.22 0.80 -14.11 -14.70 -33.93
0.50 0.12 0.85 -8.57 4.13 -27.20
0.46 0.18 0.89 -7.29 1.85 -20.97
0.47 0.18 0.90 -6.09 -1.38 -16.22
0.46 0.17 0.86 -6.78 -2.79 -8.83
0.42 0.15 0.87 -1.09 -5.43 5.56
0.50 0.16 0.86 4.85 -13.79 -3.34
0.50 0.16 0.86 6.63 -5.44 -8.46
0.51 0.22 0.86 -2.01 -4.46 -7.14
0.51 0.19 0.85 -8.20 1.66 -3.30
-0.05 0.11 0.05 -172.43 -17.31 -5.41
0.57 -0.16 2.00 37.65 -250.00 24.65
1.39 0.26 0.11 -100.36 92.62 9.75
0.48 0.18 0.85 1.30 1.34 -0.82
0.49 0.18 0.86 0.79 0.04 -1.15
0.51 0.18 0.86 -1.55 1.00 -0.15
0.54 0.19 0.83 -3.68 3.13 -1.22
0.51 0.18 0.86 -5.13 3.66 3.28
0.58 0.16 0.82 -12.67 11.26 -8.43
0.56 0.22 0.80 -27.86 17.97 -28.30
0.46 0.21 0.84 -22.73 19.21 -10.80
0.41 0.17 0.87 -13.79 15.98 6.03
0.42 0.15 0.87 0.27 14.63 18.02
0.38 0.10 0.94 11.50 14.76 22.61
0.43 0.18 0.88 5.84 -4.27 15.94
-0.05 0.11 0.05 -172.43 -17.31 -5.41
0.57 -0.16 2.00 37.65 -250.00 24.65
1.39 0.26 0.11 -100.36 92.62 9.75
0.40 0.10 0.89 5.55 16.48 10.44
0.41 0.12 0.90 7.32 4.81 11.80
0.43 0.15 0.90 5.47 1.27 10.77
0.43 0.17 0.90 1.98 7.02 11.38
0.43 0.15 0.89 -0.21 8.77 8.11