-0.19 0.46 0.90 3.50 12.03 -7.06
-0.24 0.44 0.82 9.51 13.39 -11.83
-0.27 0.42 0.80 10.43 -1.92 -1.72
-0.25 0.46 0.82 6.09 -11.19 -3.38
-0.21 0.46 0.87 1.17 -1.84 3.40
-0.25 0.46 0.86 4.05 -2.09 0.76
-0.23 0.47 0.81 -4.49 -18.20 -3.38
-0.20 0.44 0.81 -3.15 -12.99 0.61
-0.17 0.44 0.83 -2.46 -8.13 -1.63
-0.20 0.45 0.85 -2.01 5.77 -3.77
-0.18 0.43 0.81 0.58 -2.28 -6.18
-0.19 0.43 0.84 1.43 -6.62 -3.70
-0.19 0.43 0.83 5.81 7.91 -3.32
-0.19 0.44 0.81 4.04 9.00 -1.01
-0.21 0.45 0.82 1.49 8.38 2.01
-0.22 0.45 0.86 -0.23 6.02 0.02
-0.20 0.44 0.84 1.28 -3.02 -3.14
-0.20 0.45 0.82 0.08 2.84 -0.92
-0.21 0.44 0.85 -2.36 5.23 -1.14
-0.22 0.43 0.84 0.16 -4.20 2.34
-0.19 0.46 0.79 1.05 7.22 1.55
-0.20 0.45 0.80 -0.34 6.17 2.62
-0.24 0.44 0.82 2.06 3.58 4.09
-0.23 0.46 0.81 -0.07 0.19 5.95
-0.17 0.45 0.82 -5.56 -4.88 3.62
-0.19 0.44 0.86 -5.74 8.90 0.31
-0.26 0.44 0.85 -4.54 6.51 2.89
-0.24 0.44 0.84 -4.59 -11.05 3.97
-0.18 0.46 0.82 -5.91 -8.91 12.88
-0.22 0.44 0.86 -5.78 10.93 22.20
-0.23 0.43 0.85 -10.14 3.63 15.14
-0.21 0.41 0.88 -8.59 -1.52 10.44
-0.15 0.40 0.85 -4.03 -1.85 4.28
-0.22 0.39 0.87 -0.02 -6.36 -5.62
-0.16 0.47 0.82 -4.09 -10.61 4.88
-0.19 0.42 0.89 1.82 3.79 5.30
-0.19 0.40 0.86 -1.40 2.75 4.96
-0.17 0.40 0.83 -0.38 -3.22 1.21
-0.20 0.40 0.83 2.14 -2.56 -0.72
-0.18 0.41 0.88 8.25 -24.20 1.72
-0.14 0.40 0.83 12.85 -9.83 -1.08
-0.19 0.44 0.81 4.04 9.00 -1.01
-0.21 0.45 0.82 1.49 8.38 2.01
-0.22 0.45 0.86 -0.23 6.02 0.02
-0.20 0.44 0.84 1.28 -3.02 -3.14
-0.20 0.45 0.82 0.08 2.84 -0.92
-0.21 0.44 0.85 -2.36 5.23 -1.14
-0.22 0.43 0.84 0.16 -4.20 2.34
-0.19 0.46 0.79 1.05 7.22 1.55
-0.20 0.45 0.80 -0.34 6.17 2.62
-0.24 0.44 0.82 2.06 3.58 4.09
-0.23 0.46 0.81 -0.07 0.19 5.95
-0.17 0.45 0.82 -5.56 -4.88 3.62
-0.19 0.44 0.86 -5.74 8.90 0.31
-0.26 0.44 0.85 -4.54 6.51 2.89
-0.24 0.44 0.84 -4.59 -11.05 3.97
-0.18 0.46 0.82 -5.91 -8.91 12.88
-0.17 0.55 0.82 -7.04 -20.29 12.14
-0.13 0.46 0.85 -5.13 -14.17 18.58
-0.08 0.40 0.79 -5.36 -12.60 15.85
-0.14 0.40 0.91 -3.52 -25.76 12.31
-0.05 0.40 0.91 4.99 -51.72 6.63
0.05 0.41 0.82 15.02 -38.06 -3.50
-0.01 0.46 0.86 7.06 -11.47 -3.90
-0.02 0.46 0.88 5.48 -22.73 -6.20
0.05 0.45 0.84 7.45 -15.66 -9.06
0.02 0.49 0.86 6.71 -5.74 -4.39
0.00 0.47 0.87 5.65 -14.59 -4.17
0.04 0.47 0.85 7.48 -13.74 -3.43
-0.19 0.44 0.81 4.04 9.00 -1.01
-0.21 0.45 0.82 1.49 8.38 2.01
-0.22 0.45 0.86 -0.23 6.02 0.02
-0.20 0.44 0.84 1.28 -3.02 -3.14
-0.20 0.45 0.82 0.08 2.84 -0.92
-0.21 0.44 0.85 -2.36 5.23 -1.14
-0.22 0.43 0.84 0.16 -4.20 2.34
-0.19 0.46 0.79 1.05 7.22 1.55
-0.20 0.45 0.80 -0.34 6.17 2.62
-0.24 0.44 0.82 2.06 3.58 4.09
-0.23 0.46 0.81 -0.07 0.19 5.95
-0.17 0.45 0.82 -5.56 -4.88 3.62
-0.19 0.44 0.86 -5.74 8.90 0.31
-0.26 0.44 0.85 -4.54 6.51 2.89
-0.24 0.44 0.84 -4.59 -11.05 3.97
-0.18 0.46 0.82 -5.91 -8.91 12.88
0.04 0.48 0.87 -0.39 -4.78 -5.97
0.04 0.50 0.85 -1.61 4.63 -4.24
0.05 0.46 0.87 -2.37 0.95 -2.09
0.05 0.50 0.81 -1.17 7.48 0.34
0.03 0.49 0.83 -2.18 6.78 3.03
0.02 0.49 0.84 -3.23 8.13 6.29
0.01 0.45 0.88 -0.39 -1.59 5.92
0.03 0.46 0.84 -0.72 -2.82 3.23
0.02 0.49 0.88 -1.38 1.01 2.68
0.04 0.44 0.87 -2.27 -12.33 -1.45
0.04 0.45 0.85 -1.50 -5.21 -3.32
0.01 0.44 0.86 -1.63 3.98 -4.57
-0.19 0.44 0.81 4.04 9.00 -1.01
-0.21 0.45 0.82 1.49 8.38 2.01
-0.22 0.45 0.86 -0.23 6.02 0.02
-0.20 0.44 0.84 1.28 -3.02 -3.14
-0.20 0.45 0.82 0.08 2.84 -0.92
-0.21 0.44 0.85 -2.36 5.23 -1.14
-0.22 0.43 0.84 0.16 -4.20 2.34
-0.19 0.46 0.79 1.05 7.22 1.55
-0.20 0.45 0.80 -0.34 6.17 2.62
-0.24 0.44 0.82 2.06 3.58 4.09
-0.23 0.46 0.81 -0.07 0.19 5.95
-0.17 0.45 0.82 -5.56 -4.88 3.62
-0.19 0.44 0.86 -5.74 8.90 0.31
-0.26 0.44 0.85 -4.54 6.51 2.89
-0.24 0.44 0.84 -4.59 -11.05 3.97
-0.18 0.46 0.82 -5.91 -8.91 12.88
0.12 0.45 0.85 7.73 6.07 -11.37
-0.00 0.46 0.88 0.56 12.07 -9.86
0.03 0.47 0.85 1.58 1.44 -5.62
0.07 0.54 0.81 -4.01 12.44 4.43
0.01 0.50 0.86 -6.67 31.11 10.91
-0.03 0.48 0.86 -8.33 25.72 14.78
-0.06 0.44 0.89 -6.52 6.55 11.06
0.02 0.44 0.82 0.39 -6.81 5.88
0.04 0.48 0.79 -3.59 7.68 1.49
-0.04 0.44 0.89 -2.56 18.05 2.41
-0.05 0.45 0.88 -0.79 -3.74 -1.21
-0.02 0.44 0.86 -3.41 0.67 -4.91
-0.19 0.44 0.81 4.04 9.00 -1.01
-0.21 0.45 0.82 1.49 8.38 2.01
-0.22 0.45 0.86 -0.23 6.02 0.02
-0.20 0.44 0.84 1.28 -3.02 -3.14
-0.20 0.45 0.82 0.08 2.84 -0.92
-0.21 0.44 0.85 -2.36 5.23 -1.14
-0.22 0.43 0.84 0.16 -4.20 2.34
-0.19 0.46 0.79 1.05 7.22 1.55
-0.20 0.45 0.80 -0.34 6.17 2.62
-0.24 0.44 0.82 2.06 3.58 4.09
-0.23 0.46 0.81 -0.07 0.19 5.95
-0.17 0.45 0.82 -5.56 -4.88 3.62
-0.19 0.44 0.86 -5.74 8.90 0.31
-0.26 0.44 0.85 -4.54 6.51 2.89
-0.24 0.44 0.84 -4.59 -11.05 3.97
-0.18 0.46 0.82 -5.91 -8.91 12.88
-0.01 0.44 0.89 -0.49 4.06 -0.69
-0.02 0.41 0.89 2.64 5.47 -1.24
-0.03 0.44 0.86 2.93 4.33 -1.07
0.01 0.45 0.86 -0.04 0.79 0.49
-0.01 0.45 0.89 0.01 5.37 -0.89
-0.03 0.43 0.88 -4.01 3.19 -1.47
-0.03 0.46 0.87 -0.15 2.96 0.08
-0.00 0.44 0.82 1.46 10.48 1.59
-0.06 0.48 0.89 -2.82 3.40 3.23
-0.05 0.45 0.88 -4.15 5.74 6.06
-0.02 0.45 0.83 -6.23 5.96 4.96
-0.03 0.43 0.86 -3.11 9.30 0.80
-0.19 0.44 0.81 4.04 9.00 -1.01
-0.21 0.45 0.82 1.49 8.38 2.01
-0.22 0.45 0.86 -0.23 6.02 0.02
-0.20 0.44 0.84 1.28 -3.02 -3.14
-0.20 0.45 0.82 0.08 2.84 -0.92
-0.21 0.44 0.85 -2.36 5.23 -1.14
-0.22 0.43 0.84 0.16 -4.20 2.34
-0.19 0.46 0.79 1.05 7.22 1.55
-0.20 0.45 0.80 -0.34 6.17 2.62
-0.24 0.44 0.82 2.06 3.58 4.09
-0.23 0.46 0.81 -0.07 0.19 5.95
-0.17 0.45 0.82 -5.56 -4.88 3.62
-0.19 0.44 0.86 -5.74 8.90 0.31
-0.26 0.44 0.85 -4.54 6.51 2.89
-0.24 0.44 0.84 -4.59 -11.05 3.97
-0.18 0.46 0.82 -5.91 -8.91 12.88
-0.09 0.42 0.89 -2.94 4.81 0.89
-0.06 0.43 0.86 1.85 -11.31 2.38
-0.03 0.46 0.84 -4.90 4.32 4.50
-0.03 0.43 0.85 -5.04 2.70 2.33
-0.04 0.43 0.88 -4.65 5.49 4.00
-0.07 0.41 0.91 -2.43 2.78 0.73
-0.03 0.41 0.89 -2.29 5.81 1.19
-0.05 0.42 0.85 -3.49 12.33 0.75
-0.06 0.42 0.90 -0.43 -5.67 1.07
-0.00 0.42 0.87 -3.31 -5.93 -0.60
-0.07 0.42 0.91 -4.97 -0.69 -0.47
-0.05 0.41 0.92 -2.24 -0.76 0.75
-0.19 0.44 0.81 4.04 9.00 -1.01
-0.21 0.45 0.82 1.49 8.38 2.01
-0.22 0.45 0.86 -0.23 6.02 0.02
-0.20 0.44 0.84 1.28 -3.02 -3.14
-0.20 0.45 0.82 0.08 2.84 -0.92
-0.21 0.44 0.85 -2.36 5.23 -1.14
-0.22 0.43 0.84 0.16 -4.20 2.34
-0.19 0.46 0.79 1.05 7.22 1.55
-0.20 0.45 0.80 -0.34 6.17 2.62
-0.24 0.44 0.82 2.06 3.58 4.09
-0.23 0.46 0.81 -0.07 0.19 5.95
-0.17 0.45 0.82 -5.56 -4.88 3.62
-0.19 0.44 0.86 -5.74 8.90 0.31
-0.26 0.44 0.85 -4.54 6.51 2.89
-0.24 0.44 0.84 -4.59 -11.05 3.97
-0.18 0.46 0.82 -5.91 -8.91 12.88
-0.11 0.45 1.01 -14.18 -11.73 -1.00
-0.04 0.40 1.03 -24.99 -52.51 -6.78
0.09 0.39 0.87 -39.86 -34.56 -16.57
0.12 0.42 1.00 -61.95 -32.45 -15.90
0.20 0.39 1.11 -60.93 -22.29 -15.47
0.20 0.36 0.89 -65.48 46.47 -6.71
-0.14 0.31 0.74 -97.79 64.19 -0.79
-0.43 0.22 1.00 -113.67 52.91 -10.57
-0.42 0.08 1.07 -76.97 -39.86 -80.25
-0.33 0.01 0.99 -16.02 -146.77 -119.71
0.32 0.01 0.66 16.50 -184.62 -96.73
-0.19 0.44 0.81 4.04 9.00 -1.01
-0.21 0.45 0.82 1.49 8.38 2.01
-0.22 0.45 0.86 -0.23 6.02 0.02
-0.20 0.44 0.84 1.28 -3.02 -3.14
-0.20 0.45 0.82 0.08 2.84 -0.92
-0.21 0.44 0.85 -2.36 5.23 -1.14
-0.22 0.43 0.84 0.16 -4.20 2.34
-0.19 0.46 0.79 1.05 7.22 1.55
-0.20 0.45 0.80 -0.34 6.17 2.62
-0.24 0.44 0.82 2.06 3.58 4.09
-0.23 0.46 0.81 -0.07 0.19 5.95
-0.17 0.45 0.82 -5.56 -4.88 3.62
-0.19 0.44 0.86 -5.74 8.90 0.31
-0.26 0.44 0.85 -4.54 6.51 2.89
-0.24 0.44 0.84 -4.59 -11.05 3.97
-0.18 0.46 0.82 -5.91 -8.91 12.88
0.51 -0.01 1.00 -52.41 -74.65 -23.50
0.57 -0.10 0.85 -39.06 -70.66 -13.06
0.65 -0.10 0.81 -14.79 -2.08 -10.70
0.66 0.01 0.70 -16.96 27.05 -23.23
0.52 -0.14 0.64 1.52 77.09 -39.54
0.34 -0.37 0.83 -21.75 71.40 -58.66
0.30 -0.20 1.17 -60.91 -56.32 -120.16
0.93 -0.02 0.94 -93.95 -72.79 -172.25
0.83 -0.08 0.48 -127.37 138.42 -165.46
0.14 -0.35 0.21 -107.71 249.99 -195.38
-0.19 0.44 0.81 4.04 9.00 -1.01
-0.21 0.45 0.82 1.49 8.38 2.01
-0.22 0.45 0.86 -0.23 6.02 0.02
-0.20 0.44 0.84 1.28 -3.02 -3.14
-0.20 0.45 0.82 0.08 2.84 -0.92
-0.21 0.44 0.85 -2.36 5.23 -1.14
-0.22 0.43 0.84 0.16 -4.20 2.34
-0.19 0.46 0.79 1.05 7.22 1.55
-0.20 0.45 0.80 -0.34 6.17 2.62
-0.24 0.44 0.82 2.06 3.58 4.09
-0.23 0.46 0.81 -0.07 0.19 5.95
-0.17 0.45 0.82 -5.56 -4.88 3.62
-0.19 0.44 0.86 -5.74 8.90 0.31
-0.26 0.44 0.85 -4.54 6.51 2.89
-0.24 0.44 0.84 -4.59 -11.05 3.97
-0.18 0.46 0.82 -5.91 -8.91 12.88
-0.51 -0.17 1.76 94.28 -250.00 -250.00
0.64 0.39 1.11 8.48 -148.86 -250.00
1.25 0.30 0.46 -78.09 3.36 -164.54
0.54 0.05 0.54 -146.03 94.16 -171.91
0.23 -0.46 0.94 -90.32 116.40 -131.63
0.43 -0.33 0.70 -0.85 7.69 -106.48
0.98 -0.37 0.79 12.69 -12.54 -118.21
0.72 -0.29 1.23 -80.94 85.96 -127.58
0.70 -0.10 0.62 -113.62 37.96 -139.15
0.34 0.02 -0.02 -81.23 143.38 -186.13
-0.07 -0.64 1.14 70.52 247.96 -183.15
-0.19 0.44 0.81 4.04 9.00 -1.01
-0.21 0.45 0.82 1.49 8.38 2.01
-0.22 0.45 0.86 -0.23 6.02 0.02
-0.20 0.44 0.84 1.28 -3.02 -3.14
-0.20 0.45 0.82 0.08 2.84 -0.92
-0.21 0.44 0.85 -2.36 5.23 -1.14
-0.22 0.43 0.84 0.16 -4.20 2.34
-0.19 0.46 0.79 1.05 7.22 1.55
-0.20 0.45 0.80 -0.34 6.17 2.62
-0.24 0.44 0.82 2.06 3.58 4.09
-0.23 0.46 0.81 -0.07 0.19 5.95
-0.17 0.45 0.82 -5.56 -4.88 3.62
-0.19 0.44 0.86 -5.74 8.90 0.31
-0.26 0.44 0.85 -4.54 6.51 2.89
-0.24 0.44 0.84 -4.59 -11.05 3.97
-0.18 0.46 0.82 -5.91 -8.91 12.88
0.33 0.42 0.73 -24.68 -131.27 -181.80
0.42 0.33 -0.26 -106.18 -64.41 -78.64
0.71 -0.53 1.46 55.08 61.61 -90.00
1.11 -0.47 1.56 -9.61 8.41 -106.02
0.70 -0.13 0.41 -40.25 125.20 -105.27
0.02 -0.02 -0.08 -40.04 230.94 -121.93
-1.16 0.05 2.00 84.85 -103.69 -140.98
-0.05 0.23 0.63 -64.81 -112.82 -144.36
0.51 0.03 -0.22 -80.34 -127.60 -101.02
1.53 -0.46 1.46 249.99 -61.96 -149.30
-0.19 0.44 0.81 4.04 9.00 -1.01
-0.21 0.45 0.82 1.49 8.38 2.01
-0.22 0.45 0.86 -0.23 6.02 0.02
-0.20 0.44 0.84 1.28 -3.02 -3.14
-0.20 0.45 0.82 0.08 2.84 -0.92
-0.21 0.44 0.85 -2.36 5.23 -1.14
-0.22 0.43 0.84 0.16 -4.20 2.34
-0.19 0.46 0.79 1.05 7.22 1.55
-0.20 0.45 0.80 -0.34 6.17 2.62
-0.24 0.44 0.82 2.06 3.58 4.09
-0.23 0.46 0.81 -0.07 0.19 5.95
-0.17 0.45 0.82 -5.56 -4.88 3.62
-0.19 0.44 0.86 -5.74 8.90 0.31
-0.26 0.44 0.85 -4.54 6.51 2.89
-0.24 0.44 0.84 -4.59 -11.05 3.97
-0.18 0.46 0.82 -5.91 -8.91 12.88
-0.63 0.19 0.12 -24.57 249.99 -24.99
-1.59 0.38 2.00 27.42 -250.00 -115.53
-0.12 0.25 -0.09 -76.47 -63.26 -97.04
0.21 -0.14 0.13 -80.81 -61.88 -52.09
0.59 -0.98 0.74 249.99 -227.45 -33.84
1.21 0.56 -0.56 -41.14 88.83 87.11
0.12 0.34 -0.12 -35.66 249.99 45.50
-0.05 -0.06 -0.05 -20.79 249.99 15.03
-0.93 0.31 1.28 -80.42 -31.69 -112.53
-0.49 0.32 0.08 -74.93 -108.31 5.46
0.27 -0.12 0.02 -69.56 -147.32 39.11
-0.19 0.44 0.81 4.04 9.00 -1.01
-0.21 0.45 0.82 1.49 8.38 2.01
-0.22 0.45 0.86 -0.23 6.02 0.02
-0.20 0.44 0.84 1.28 -3.02 -3.14
-0.20 0.45 0.82 0.08 2.84 -0.92
-0.21 0.44 0.85 -2.36 5.23 -1.14
-0.22 0.43 0.84 0.16 -4.20 2.34
-0.19 0.46 0.79 1.05 7.22 1.55
-0.20 0.45 0.80 -0.34 6.17 2.62
-0.24 0.44 0.82 2.06 3.58 4.09
-0.23 0.46 0.81 -0.07 0.19 5.95
-0.17 0.45 0.82 -5.56 -4.88 3.62
-0.19 0.44 0.86 -5.74 8.90 0.31
-0.26 0.44 0.85 -4.54 6.51 2.89
-0.24 0.44 0.84 -4.59 -11.05 3.97
-0.18 0.46 0.82 -5.91 -8.91 12.88
1.04 0.08 1.39 -158.97 65.90 79.67
0.17 0.01 -0.41 -64.63 249.99 58.36
0.19 -0.34 0.54 -88.94 249.99 -8.13
-1.14 0.17 1.39 42.33 -72.70 -93.70
-0.22 0.45 0.15 -37.79 -185.04 10.57
0.53 0.14 0.07 5.85 -250.00 46.91
1.50 0.58 -0.23 47.13 -59.05 43.23
0.70 -0.16 0.78 -59.82 153.47 33.54
0.11 0.05 -0.30 -26.47 249.99 8.32
-0.09 -0.20 -0.01 -27.80 249.99 6.46
-0.19 0.44 0.81 4.04 9.00 -1.01
-0.21 0.45 0.82 1.49 8.38 2.01
-0.22 0.45 0.86 -0.23 6.02 0.02
-0.20 0.44 0.84 1.28 -3.02 -3.14
-0.20 0.45 0.82 0.08 2.84 -0.92
-0.21 0.44 0.85 -2.36 5.23 -1.14
-0.22 0.43 0.84 0.16 -4.20 2.34
-0.19 0.46 0.79 1.05 7.22 1.55
-0.20 0.45 0.80 -0.34 6.17 2.62
-0.24 0.44 0.82 2.06 3.58 4.09
-0.23 0.46 0.81 -0.07 0.19 5.95
-0.17 0.45 0.82 -5.56 -4.88 3.62
-0.19 0.44 0.86 -5.74 8.90 0.31
-0.26 0.44 0.85 -4.54 6.51 2.89
-0.24 0.44 0.84 -4.59 -11.05 3.97
-0.18 0.46 0.82 -5.91 -8.91 12.88
-0.24 0.17 0.25 -73.37 -107.91 -71.09
0.09 -0.09 -0.09 -97.37 -100.04 -55.50
0.71 -1.10 2.00 249.99 -250.00 -34.08
1.37 0.51 -0.00 -113.29 28.24 23.90
0.14 0.14 -0.24 -90.55 249.99 34.99
0.02 -0.38 0.51 -96.70 249.99 -7.93
-0.91 0.13 1.86 -22.48 -61.10 -139.51
-0.05 0.34 0.02 -25.84 -122.31 -88.60
0.48 0.16 -0.23 -18.06 -128.44 1.99
1.50 0.79 -0.41 104.84 -101.50 -34.40
0.62 0.12 -0.28 -30.20 241.33 -70.46
-0.19 0.44 0.81 4.04 9.00 -1.01
-0.21 0.45 0.82 1.49 8.38 2.01
-0.22 0.45 0.86 -0.23 6.02 0.02
-0.20 0.44 0.84 1.28 -3.02 -3.14
-0.20 0.45 0.82 0.08 2.84 -0.92
-0.21 0.44 0.85 -2.36 5.23 -1.14
-0.22 0.43 0.84 0.16 -4.20 2.34
-0.19 0.46 0.79 1.05 7.22 1.55
-0.20 0.45 0.80 -0.34 6.17 2.62
-0.24 0.44 0.82 2.06 3.58 4.09
-0.23 0.46 0.81 -0.07 0.19 5.95
-0.17 0.45 0.82 -5.56 -4.88 3.62
-0.19 0.44 0.86 -5.74 8.90 0.31
-0.26 0.44 0.85 -4.54 6.51 2.89
-0.24 0.44 0.84 -4.59 -11.05 3.97
-0.18 0.46 0.82 -5.91 -8.91 12.88
-0.44 0.48 2.00 -7.84 -78.50 -112.14
0.30 0.68 -0.41 -57.51 -140.51 -73.84
0.59 0.01 -0.31 -74.81 33.80 -96.89
0.65 -0.38 1.80 134.24 -250.00 -43.91
0.97 -0.20 0.30 -109.51 2.27 -37.93
0.02 -0.16 -0.17 -35.71 249.99 -97.13
-0.57 -0.47 2.00 249.99 -14.50 -126.39
0.14 1.11 0.29 -154.88 -23.62 -101.33
0.61 0.24 -0.44 -110.20 -9.44 -62.80
0.88 -1.70 2.00 249.99 -206.67 -115.91
-0.19 0.44 0.81 4.04 9.00 -1.01
-0.21 0.45 0.82 1.49 8.38 2.01
-0.22 0.45 0.86 -0.23 6.02 0.02
-0.20 0.44 0.84 1.28 -3.02 -3.14
-0.20 0.45 0.82 0.08 2.84 -0.92
-0.21 0.44 0.85 -2.36 5.23 -1.14
-0.22 0.43 0.84 0.16 -4.20 2.34
-0.19 0.46 0.79 1.05 7.22 1.55
-0.20 0.45 0.80 -0.34 6.17 2.62
-0.24 0.44 0.82 2.06 3.58 4.09
-0.23 0.46 0.81 -0.07 0.19 5.95
-0.17 0.45 0.82 -5.56 -4.88 3.62
-0.19 0.44 0.86 -5.74 8.90 0.31
-0.26 0.44 0.85 -4.54 6.51 2.89
-0.24 0.44 0.84 -4.59 -11.05 3.97
-0.18 0.46 0.82 -5.91 -8.91 12.88
0.00 -0.18 -0.18 -86.40 249.99 -64.46
-0.82 -0.63 1.81 249.99 183.26 -66.28
-0.50 0.47 0.59 -54.59 -250.00 -165.09
0.77 0.27 -0.28 -64.03 -250.00 -66.69
1.24 0.38 0.25 140.28 -145.76 -108.40
0.52 -0.25 -0.03 -122.19 186.56 -36.22
-0.15 -0.67 1.93 -23.45 249.99 -62.26
-1.00 -0.82 2.00 73.36 46.46 -83.72
-0.04 -0.30 1.39 1.48 -250.00 -105.52
0.24 0.07 0.25 -40.50 -207.60 1.04
0.96 -0.28 0.35 -68.18 -196.56 20.58
-0.19 0.44 0.81 4.04 9.00 -1.01
-0.21 0.45 0.82 1.49 8.38 2.01
-0.22 0.45 0.86 -0.23 6.02 0.02
-0.20 0.44 0.84 1.28 -3.02 -3.14
-0.20 0.45 0.82 0.08 2.84 -0.92
-0.21 0.44 0.85 -2.36 5.23 -1.14
-0.22 0.43 0.84 0.16 -4.20 2.34
-0.19 0.46 0.79 1.05 7.22 1.55
-0.20 0.45 0.80 -0.34 6.17 2.62
-0.24 0.44 0.82 2.06 3.58 4.09
-0.23 0.46 0.81 -0.07 0.19 5.95
-0.17 0.45 0.82 -5.56 -4.88 3.62
-0.19 0.44 0.86 -5.74 8.90 0.31
-0.26 0.44 0.85 -4.54 6.51 2.89
-0.24 0.44 0.84 -4.59 -11.05 3.97
-0.18 0.46 0.82 -5.91 -8.91 12.88
-0.20 -0.77 0.66 9.48 112.85 -18.17
0.19 -0.62 1.25 -64.10 222.72 11.99
0.09 -0.56 1.09 -32.54 -29.81 22.01
0.18 -0.27 0.80 54.54 -54.26 23.54
0.25 -0.05 0.82 73.72 -63.07 19.59
0.30 0.02 0.73 79.98 -41.28 -22.99
0.42 0.15 0.73 26.66 -39.41 -34.16
0.52 0.12 0.79 43.42 18.03 -56.52
0.41 0.21 0.78 15.12 69.03 -74.25
0.48 0.41 0.57 -22.87 13.89 -57.56
0.45 0.22 1.08 -25.48 57.60 -1.20
0.45 0.03 0.90 -36.00 -1.66 -16.94
-0.19 0.44 0.81 4.04 9.00 -1.01
-0.21 0.45 0.82 1.49 8.38 2.01
-0.22 0.45 0.86 -0.23 6.02 0.02
-0.20 0.44 0.84 1.28 -3.02 -3.14
-0.20 0.45 0.82 0.08 2.84 -0.92
-0.21 0.44 0.85 -2.36 5.23 -1.14
-0.22 0.43 0.84 0.16 -4.20 2.34
-0.19 0.46 0.79 1.05 7.22 1.55
-0.20 0.45 0.80 -0.34 6.17 2.62
-0.24 0.44 0.82 2.06 3.58 4.09
-0.23 0.46 0.81 -0.07 0.19 5.95
-0.17 0.45 0.82 -5.56 -4.88 3.62
-0.19 0.44 0.86 -5.74 8.90 0.31
-0.26 0.44 0.85 -4.54 6.51 2.89
-0.24 0.44 0.84 -4.59 -11.05 3.97
-0.18 0.46 0.82 -5.91 -8.91 12.88
-0.24 0.06 0.80 -37.59 19.15 -42.84
0.18 0.14 0.82 -46.94 99.78 -35.68
-0.28 0.07 0.90 -31.57 86.08 -21.01
-0.10 -0.13 1.06 1.59 7.52 39.07
0.36 -0.23 0.87 5.05 -17.23 26.23
0.24 -0.14 1.17 -6.13 0.90 18.11
0.11 0.06 1.02 8.32 54.50 4.41
0.09 -0.06 1.07 -0.27 99.84 27.60
-0.28 0.12 0.96 -3.92 104.61 60.64
-0.28 -0.16 0.70 -14.73 25.37 36.06
-0.11 0.33 1.05 13.77 -182.61 -21.22
0.72 0.51 0.58 34.23 -178.04 -89.50
-0.19 0.44 0.81 4.04 9.00 -1.01
-0.21 0.45 0.82 1.49 8.38 2.01
-0.22 0.45 0.86 -0.23 6.02 0.02
-0.20 0.44 0.84 1.28 -3.02 -3.14
-0.20 0.45 0.82 0.08 2.84 -0.92
-0.21 0.44 0.85 -2.36 5.23 -1.14
-0.22 0.43 0.84 0.16 -4.20 2.34
-0.19 0.46 0.79 1.05 7.22 1.55
-0.20 0.45 0.80 -0.34 6.17 2.62
-0.24 0.44 0.82 2.06 3.58 4.09
-0.23 0.46 0.81 -0.07 0.19 5.95
-0.17 0.45 0.82 -5.56 -4.88 3.62
-0.19 0.44 0.86 -5.74 8.90 0.31
-0.26 0.44 0.85 -4.54 6.51 2.89
-0.24 0.44 0.84 -4.59 -11.05 3.97
-0.18 0.46 0.82 -5.91 -8.91 12.88
0.28 0.37 1.15 -38.24 -11.68 -20.43
0.18 0.16 0.05 -80.12 146.55 36.45
0.05 -0.38 1.15 -27.88 217.59 19.55
-0.95 -0.58 1.31 52.54 72.62 8.80
-0.71 -0.13 1.69 46.60 -130.50 64.58
-0.15 0.45 0.21 -7.32 -250.00 -14.31
0.98 0.76 -0.01 -113.20 -250.00 10.36
0.94 -0.42 1.00 99.33 204.57 7.43
0.89 0.12 -0.15 -63.00 221.37 0.23
-0.39 0.14 -0.12 -121.46 249.99 -33.02
-1.13 -0.03 2.00 -20.42 198.07 -5.93
-0.19 0.44 0.81 4.04 9.00 -1.01
-0.21 0.45 0.82 1.49 8.38 2.01
-0.22 0.45 0.86 -0.23 6.02 0.02
-0.20 0.44 0.84 1.28 -3.02 -3.14
-0.20 0.45 0.82 0.08 2.84 -0.92
-0.21 0.44 0.85 -2.36 5.23 -1.14
-0.22 0.43 0.84 0.16 -4.20 2.34
-0.19 0.46 0.79 1.05 7.22 1.55
-0.20 0.45 0.80 -0.34 6.17 2.62
-0.24 0.44 0.82 2.06 3.58 4.09
-0.23 0.46 0.81 -0.07 0.19 5.95
-0.17 0.45 0.82 -5.56 -4.88 3.62
-0.19 0.44 0.86 -5.74 8.90 0.31
-0.26 0.44 0.85 -4.54 6.51 2.89
-0.24 0.44 0.84 -4.59 -11.05 3.97
-0.18 0.46 0.82 -5.91 -8.91 12.88
-0.43 -0.02 0.87 -22.49 -224.85 -89.63
0.14 0.03 -0.17 -14.50 -202.05 -33.33
1.05 -1.04 2.00 249.99 -159.05 -43.20
0.91 0.52 1.10 -123.18 17.04 -9.77
0.17 0.27 -0.18 -92.07 207.93 1.46
-0.16 -0.26 0.12 -110.60 249.99 -10.77
-0.91 -0.88 2.00 198.92 -134.59 -47.25
-0.14 0.35 0.34 -54.44 -203.16 -95.62
0.25 0.23 -0.27 -26.16 -164.29 70.17
1.44 -0.44 1.89 244.38 -99.78 -35.10
-0.19 0.44 0.81 4.04 9.00 -1.01
-0.21 0.45 0.82 1.49 8.38 2.01
-0.22 0.45 0.86 -0.23 6.02 0.02
-0.20 0.44 0.84 1.28 -3.02 -3.14
-0.20 0.45 0.82 0.08 2.84 -0.92
-0.21 0.44 0.85 -2.36 5.23 -1.14
-0.22 0.43 0.84 0.16 -4.20 2.34
-0.19 0.46 0.79 1.05 7.22 1.55
-0.20 0.45 0.80 -0.34 6.17 2.62
-0.24 0.44 0.82 2.06 3.58 4.09
-0.23 0.46 0.81 -0.07 0.19 5.95
-0.17 0.45 0.82 -5.56 -4.88 3.62
-0.19 0.44 0.86 -5.74 8.90 0.31
-0.26 0.44 0.85 -4.54 6.51 2.89
-0.24 0.44 0.84 -4.59 -11.05 3.97
-0.18 0.46 0.82 -5.91 -8.91 12.88
0.13 0.03 -0.22 -44.35 249.99 -59.60
0.08 -0.41 0.89 20.84 193.99 -87.34
-0.72 0.58 0.84 -41.91 -140.13 -89.99
0.10 0.36 0.20 -107.22 -120.86 -34.25
0.83 -0.05 0.07 -63.41 -187.38 -42.69
1.49 0.52 0.88 229.06 -42.71 -97.01
0.19 0.15 0.52 -147.23 249.99 14.40
-0.37 -0.16 -0.09 -103.28 249.99 8.86
-1.83 -0.41 2.00 249.99 -250.00 8.67