-1.63 0.12 -0.25 82.49 -215.00 -184.56
-0.67 1.61 1.09 -112.41 -156.32 205.50
0.27 0.18 -0.20 -112.57 -19.82 86.66
-0.15 -0.15 -0.35 -223.27 7.25 42.59
-0.62 -0.90 1.38 1.11 -250.00 179.95
1.46 -0.39 -0.35 122.86 249.99 5.64
0.04 0.37 0.56 37.03 249.99 143.69
-1.19 0.49 2.00 38.99 127.40 84.80
-0.05 0.11 0.37 -105.47 -250.00 -138.65
0.55 0.37 -0.63 -87.89 -149.78 -114.18
0.87 -0.50 1.62 18.84 197.07 71.28
1.15 -0.83 0.85 -102.80 87.59 -106.18
-0.04 0.09 -0.18 -113.69 249.99 -151.31
-0.94 -0.47 2.00 -19.65 249.99 -136.05
-0.77 -1.32 2.00 249.99 -250.00 -250.00
0.62 0.77 0.30 86.01 -250.00 -176.25
0.77 0.73 -0.64 -160.08 61.92 46.42
0.74 -0.96 1.80 -52.18 136.79 -21.48
0.56 -0.81 1.16 -113.83 49.55 -182.59
0.15 -0.02 0.18 -84.97 117.04 -103.39
-0.36 -0.03 0.20 2.63 249.99 -94.69
-0.39 -1.12 1.28 249.99 -56.28 -249.51
-0.24 -0.28 0.88 194.56 -113.01 -108.79
0.18 0.97 0.32 -43.29 -250.00 13.56
1.10 0.22 1.62 34.90 -49.35 39.68
0.58 -0.53 1.32 -62.58 171.73 -23.30
-0.34 0.01 0.19 -73.14 249.99 -58.43
-0.94 -0.65 1.96 154.03 -165.21 -115.66
0.17 -0.21 1.89 -40.14 -147.62 -29.84
0.09 0.28 0.28 -148.56 -135.54 -27.95
0.18 -0.04 -0.13 -149.12 -2.72 9.41
0.60 -0.85 1.26 139.16 -250.00 -24.10
0.87 -0.65 1.81 249.99 -95.78 -7.90
0.30 0.18 1.32 9.40 124.98 45.70
-0.14 0.59 0.18 -72.07 249.99 119.11
-0.26 -0.02 0.13 -123.12 249.99 -36.90
-0.90 -0.38 1.81 52.53 -124.37 -91.29
-0.77 -0.70 1.93 159.90 -250.00 -123.76
0.16 0.63 0.73 -129.87 -184.84 -66.31
0.45 -0.00 0.22 -152.74 -175.84 100.00
1.26 -1.02 0.02 25.38 -52.47 -74.05
0.57 -0.66 0.71 67.17 71.40 10.73
0.11 0.02 0.78 -42.48 185.99 100.86
0.26 0.27 0.12 -101.38 249.99 61.91
-0.85 -0.59 0.78 20.05 249.99 -67.64
-0.92 -1.20 1.04 190.54 -24.61 -105.93
-0.88 -0.43 1.70 211.27 -218.98 -66.30
-0.01 0.74 0.95 -88.37 -176.93 -31.47
0.15 0.15 0.75 -113.20 -208.47 -34.77
0.83 -0.23 0.33 -61.34 -250.00 -25.81
0.84 -0.43 0.38 21.33 62.42 29.77
0.64 -0.74 0.72 207.44 178.91 54.03
-0.34 0.37 1.19 -76.10 109.06 60.39
-0.17 -0.08 0.48 -125.40 151.99 -71.76
-0.44 -0.58 0.69 -38.37 181.64 -95.57
-0.35 -0.96 1.01 161.45 -84.18 -110.60
-0.26 -0.61 1.09 238.98 -108.28 -23.97
-0.29 0.86 0.92 -40.82 -219.12 -46.10
0.84 0.32 0.77 -21.51 -250.00 26.07
0.85 -0.24 0.58 22.38 98.19 100.80
0.69 -0.62 0.34 114.60 177.93 78.25
-0.41 0.34 1.27 -24.65 164.08 50.99
-0.08 0.16 0.82 -66.06 114.50 85.05
-0.68 -0.04 0.76 -58.14 198.72 1.76
-0.45 -0.37 0.90 10.41 2.26 -36.22
-0.43 -0.96 1.14 226.68 -183.41 -55.82
0.08 0.26 1.28 14.76 -250.00 -26.24
0.72 0.89 -0.19 -19.74 -250.00 31.28
1.53 0.34 0.66 -7.23 9.34 83.72
0.56 -0.20 0.70 104.50 249.99 59.53
-0.48 -0.36 1.39 22.54 228.66 -26.87
-0.45 0.56 1.48 -54.95 -28.62 69.53
-0.00 0.20 0.28 -124.84 42.76 97.21
-0.08 0.04 0.87 -76.03 20.43 8.38
-0.36 -0.61 1.03 109.27 78.22 -30.56
-0.55 -0.69 1.32 109.96 -98.99 -71.57
-0.06 0.73 1.45 -12.50 -250.00 -3.88
0.22 0.46 0.58 -66.21 -153.22 115.72
1.52 -0.56 0.52 63.05 -183.80 18.84
-0.05 0.07 1.26 -48.49 249.99 -53.34
-0.23 0.61 1.11 -94.51 -11.65 30.25
0.04 -0.06 0.15 -140.57 195.62 31.97
-0.62 -0.41 1.21 32.80 176.22 42.74
-0.65 -0.88 1.10 176.03 -250.00 -118.86
0.04 0.33 1.67 12.59 -250.00 -95.28
0.24 0.52 0.90 -22.76 -179.07 60.02
1.73 -0.11 0.36 -4.46 -250.00 71.78
1.18 -0.25 0.91 37.18 249.99 6.61
0.36 0.04 0.79 96.89 249.99 36.20
0.30 0.08 0.75 -24.80 249.99 12.83
-1.42 0.21 1.34 -82.69 249.99 74.56
-0.37 0.24 0.79 -35.96 61.45 49.80
-0.23 0.15 0.65 -40.28 -43.13 -143.23
-0.36 -0.63 0.88 172.64 -173.83 -72.01
-0.17 -0.33 1.13 124.27 -192.03 -101.28
0.28 0.98 1.37 14.26 -250.00 -19.62
0.95 1.00 -0.68 -120.74 -250.00 -88.56
1.34 -0.22 0.59 -14.72 180.87 42.83
-0.30 -0.93 1.47 -61.33 249.99 -42.30
-0.10 -0.31 1.39 -34.58 -156.37 -35.29
0.86 0.62 0.15 -151.68 -228.39 -34.43
0.19 -0.33 0.67 -123.22 249.99 33.29
-0.30 -0.79 0.98 -101.95 223.93 -9.98
-0.21 -0.73 1.00 -10.85 -11.25 -151.37
-0.19 -0.53 0.76 16.69 25.46 -188.73
0.03 -0.76 0.81 59.97 -26.13 -250.00
0.61 -0.29 0.97 -64.83 36.35 -47.76
0.23 -0.27 0.95 -20.25 58.06 -57.81
0.34 -0.17 0.69 38.71 41.97 -59.55
0.32 -0.07 0.80 1.30 73.84 -11.82
-0.07 -0.30 1.21 -23.93 75.46 -29.26
-0.03 -0.30 1.09 -12.91 -25.45 -33.87
0.06 -0.45 0.96 -1.89 13.09 0.22
0.03 -0.12 0.90 8.53 -27.41 -1.91
0.15 -0.21 0.90 6.68 -19.49 2.98
0.31 -0.23 0.89 5.30 -28.89 -2.22
0.17 -0.32 1.06 16.49 3.21 -17.40
0.28 -0.22 0.99 19.91 -54.70 -78.45
0.49 -0.12 0.71 -15.65 -14.51 -88.82
0.38 -0.26 0.79 -3.82 12.33 -116.87
0.39 -0.02 1.00 -14.16 34.79 -133.33
0.33 -0.21 0.99 -23.50 27.60 -96.05
0.11 -0.02 0.91 -106.80 73.97 -59.12
0.19 -0.38 0.66 -71.05 57.55 -67.47
-0.05 -0.38 0.85 -35.69 119.29 -22.96
0.22 -0.12 0.71 1.16 49.95 8.68
-0.15 -0.62 1.05 -52.49 116.03 -13.01
-0.31 -0.31 1.01 -8.29 -3.94 -27.35
0.01 -0.20 0.77 -59.22 -8.57 -9.62
-0.21 -0.73 1.00 -10.85 -11.25 -151.37
-0.19 -0.53 0.76 16.69 25.46 -188.73
0.03 -0.76 0.81 59.97 -26.13 -250.00
-0.02 -0.57 0.86 -0.25 -19.08 -23.80
0.16 -0.47 0.88 38.63 -33.07 -34.19
0.14 -0.43 0.77 24.93 8.47 -44.28
0.21 -0.27 0.88 14.42 -15.45 -67.03
0.26 -0.24 0.85 -35.61 46.46 -83.63
0.01 -0.68 0.86 15.11 51.53 -69.78
-0.03 -0.48 0.74 -5.55 92.38 -80.39
-0.16 -0.53 0.86 56.26 2.10 -146.71
0.29 -0.16 0.62 59.10 -49.37 -105.81
0.36 -0.20 1.02 -3.93 45.81 -73.89
0.04 -0.33 1.01 -3.49 45.33 -81.26
0.49 -0.12 0.71 -15.65 -14.51 -88.82
0.38 -0.26 0.79 -3.82 12.33 -116.87
0.39 -0.02 1.00 -14.16 34.79 -133.33
0.33 -0.21 0.99 -23.50 27.60 -96.05
0.11 -0.02 0.91 -106.80 73.97 -59.12
0.19 -0.38 0.66 -71.05 57.55 -67.47
-0.05 -0.38 0.85 -35.69 119.29 -22.96
0.22 -0.12 0.71 1.16 49.95 8.68
-0.15 -0.62 1.05 -52.49 116.03 -13.01
-0.31 -0.31 1.01 -8.29 -3.94 -27.35
0.01 -0.20 0.77 -59.22 -8.57 -9.62
-0.21 -0.73 1.00 -10.85 -11.25 -151.37
-0.19 -0.53 0.76 16.69 25.46 -188.73
0.03 -0.76 0.81 59.97 -26.13 -250.00
0.03 -0.49 0.78 0.65 9.90 -46.68
0.16 -0.09 1.04 -54.92 48.73 -9.75
-0.13 -0.71 1.21 25.50 53.13 -11.64
0.23 -0.23 0.81 49.61 -81.12 -37.81
0.05 -0.28 0.95 71.31 41.30 -8.45
-0.00 -0.07 0.88 50.93 1.88 -0.64
0.05 -0.17 0.87 37.67 -28.79 22.81
0.07 -0.13 1.01 37.23 -25.92 -27.34
0.19 -0.07 0.97 0.20 0.00 8.48
0.19 -0.09 0.75 0.93 20.10 9.06
0.07 -0.28 1.39 13.63 22.81 -19.01
0.04 -0.20 1.00 43.75 -50.33 -20.7
0.49 -0.12 0.71 -15.65 -14.51 -88.82
0.38 -0.26 0.79 -3.82 12.33 -116.87
0.39 -0.02 1.00 -14.16 34.79 -133.33
0.33 -0.21 0.99 -23.50 27.60 -96.05
0.11 -0.02 0.91 -106.80 73.97 -59.12
0.19 -0.38 0.66 -71.05 57.55 -67.47
-0.05 -0.38 0.85 -35.69 119.29 -22.96
0.22 -0.12 0.71 1.16 49.95 8.68
-0.15 -0.62 1.05 -52.49 116.03 -13.01
-0.31 -0.31 1.01 -8.29 -3.94 -27.35
0.01 -0.20 0.77 -59.22 -8.57 -9.62
-0.06 -0.54 0.88 -21.77 20.52 6.28
-0.21 -0.73 1.00 -10.85 -11.25 -151.37
-0.19 -0.53 0.76 16.69 25.46 -188.73
0.03 -0.76 0.81 59.97 -26.13 -250.00
0.15 -0.06 0.86 9.72 -44.09 -5.85
0.34 0.00 0.69 -29.76 14.63 -12.70
0.33 -0.20 1.05 15.24 50.51 -32.30
0.17 -0.01 0.58 -100.46 55.13 -13.92
-0.08 -0.27 0.89 -20.17 48.58 -38.20
-0.04 -0.41 1.00 2.32 15.22 -31.20
0.04 -0.24 0.98 -42.85 9.84 -26.34
-0.17 -0.38 0.99 1.85 26.90 13.43
-0.06 -0.27 0.75 23.90 -47.84 -2.72
-0.08 -0.22 0.77 69.17 5.93 7.21
0.03 -0.17 1.00 23.66 -26.05 28.08
0.01 -0.16 0.85 33.05 -27.23 36.60
0.49 -0.12 0.71 -15.65 -14.51 -88.82
0.38 -0.26 0.79 -3.82 12.33 -116.87
0.39 -0.02 1.00 -14.16 34.79 -133.33
0.33 -0.21 0.99 -23.50 27.60 -96.05
0.11 -0.02 0.91 -106.80 73.97 -59.12
0.19 -0.38 0.66 -71.05 57.55 -67.47
-0.05 -0.38 0.85 -35.69 119.29 -22.96
0.22 -0.12 0.71 1.16 49.95 8.68
-0.15 -0.62 1.05 -52.49 116.03 -13.01
-0.31 -0.31 1.01 -8.29 -3.94 -27.35
0.01 -0.20 0.77 -59.22 -8.57 -9.62
-0.06 -0.54 0.88 -21.77 20.52 6.28 
-0.21 -0.73 1.00 -10.85 -11.25 -151.37
-0.19 -0.53 0.76 16.69 25.46 -188.73
0.03 -0.76 0.81 59.97 -26.13 -250.00
0.17 -0.12 1.12 7.20 -10.48 3.56
0.25 -0.17 1.01 -10.22 -25.63 -10.59
0.22 -0.07 1.00 1.63 -2.76 -18.94
0.17 -0.12 0.85 4.48 40.62 -38.21
-0.07 -0.14 0.98 -8.01 47.36 -22.59
0.01 -0.16 1.05 25.44 43.85 -44.11
-0.28 -0.00 0.94 8.04 14.46 -12.82
-0.34 -0.06 1.20 -2.04 -32.16 -2.09
-0.27 -0.09 0.71 -16.14 -100.96 26.86
0.27 -0.19 1.09 28.06 -176.15 -9.99
0.54 -0.05 0.87 26.87 -125.21 -41.15
0.49 -0.12 0.71 -15.65 -14.51 -88.82
0.38 -0.26 0.79 -3.82 12.33 -116.87
0.39 -0.02 1.00 -14.16 34.79 -133.33
0.33 -0.21 0.99 -23.50 27.60 -96.05
0.11 -0.02 0.91 -106.80 73.97 -59.12
0.19 -0.38 0.66 -71.05 57.55 -67.47
-0.05 -0.38 0.85 -35.69 119.29 -22.96
0.22 -0.12 0.71 1.16 49.95 8.68
-0.15 -0.62 1.05 -52.49 116.03 -13.01
-0.31 -0.31 1.01 -8.29 -3.94 -27.35
0.01 -0.20 0.77 -59.22 -8.57 -9.62
-0.21 -0.73 1.00 -10.85 -11.25 -151.37
-0.19 -0.53 0.76 16.69 25.46 -188.73
0.03 -0.76 0.81 59.97 -26.13 -250.00
0.63 -0.09 0.96 -30.27 -13.53 9.04
0.74 -0.23 0.86 -38.89 6.62 -13.52
0.46 -0.23 0.83 -12.27 14.76 -30.67
0.36 -0.10 0.93 19.12 -35.86 7.32
0.53 -0.00 0.78 30.20 -37.00 16.74
0.51 -0.01 0.79 74.76 -15.03 34.10
0.52 0.11 0.75 31.72 36.19 84.00
0.47 0.06 0.81 56.89 60.46 54.64
0.28 -0.07 0.99 50.35 87.65 63.84
0.38 -0.15 1.24 22.12 0.48 54.33
0.48 0.22 0.98 -5.16 19.51 21.95
0.49 -0.12 0.71 -15.65 -14.51 -88.82
0.38 -0.26 0.79 -3.82 12.33 -116.87
0.39 -0.02 1.00 -14.16 34.79 -133.33
0.33 -0.21 0.99 -23.50 27.60 -96.05
0.11 -0.02 0.91 -106.80 73.97 -59.12
0.19 -0.38 0.66 -71.05 57.55 -67.47
-0.05 -0.38 0.85 -35.69 119.29 -22.96
0.22 -0.12 0.71 1.16 49.95 8.68
-0.15 -0.62 1.05 -52.49 116.03 -13.01
-0.31 -0.31 1.01 -8.29 -3.94 -27.35
0.01 -0.20 0.77 -59.22 -8.57 -9.62
-0.21 -0.73 1.00 -10.85 -11.25 -151.37
-0.19 -0.53 0.76 16.69 25.46 -188.73
0.03 -0.76 0.81 59.97 -26.13 -250.00
0.30 -0.06 0.93 -23.22 35.67 59.13
0.30 -0.05 0.96 -32.32 21.32 37.98
0.37 -0.17 1.07 -15.08 18.52 21.68
0.24 -0.11 0.99 -5.26 27.03 20.81
0.14 -0.14 0.96 -6.52 39.25 39.05
0.08 -0.08 0.87 -26.16 12.40 35.56
0.16 -0.28 1.04 18.73 4.14 2.87
0.17 -0.03 0.94 -13.00 -7.80 17.00
0.11 -0.13 0.88 -45.77 18.39 34.38
0.12 -0.22 0.73 -7.00 3.23 6.35
0.19 -0.28 1.05 -1.03 -36.37 23.25
0.49 -0.12 0.71 -15.65 -14.51 -88.82
0.38 -0.26 0.79 -3.82 12.33 -116.87
0.39 -0.02 1.00 -14.16 34.79 -133.33
0.33 -0.21 0.99 -23.50 27.60 -96.05
0.11 -0.02 0.91 -106.80 73.97 -59.12
0.19 -0.38 0.66 -71.05 57.55 -67.47
-0.05 -0.38 0.85 -35.69 119.29 -22.96
0.22 -0.12 0.71 1.16 49.95 8.68
-0.15 -0.62 1.05 -52.49 116.03 -13.01
-0.31 -0.31 1.01 -8.29 -3.94 -27.35
0.01 -0.20 0.77 -59.22 -8.57 -9.62
-0.21 -0.73 1.00 -10.85 -11.25 -151.37
-0.19 -0.53 0.76 16.69 25.46 -188.73
0.03 -0.76 0.81 59.97 -26.13 -250.00
0.22 -0.14 1.03 2.87 -2.84 10.79
0.13 -0.15 0.89 7.51 15.00 15.98
0.17 -0.22 1.02 10.22 -8.19 3.48
0.19 -0.11 0.90 3.46 -2.45 2.32
0.24 -0.14 0.95 2.36 -6.50 -10.21
0.19 -0.12 0.95 7.94 13.40 -8.20
0.10 -0.11 1.02 -19.27 -0.76 7.40
0.14 -0.21 0.98 -3.46 3.94 4.23
0.18 -0.17 0.90 -5.38 6.00 16.27
0.14 -0.17 0.96 3.64 4.91 14.58
0.23 -0.22 1.00 16.27 0.89 9.17
0.18 -0.02 0.94 -11.75 -25.86 7.69
0.49 -0.12 0.71 -15.65 -14.51 -88.82
0.38 -0.26 0.79 -3.82 12.33 -116.87
0.39 -0.02 1.00 -14.16 34.79 -133.33
0.33 -0.21 0.99 -23.50 27.60 -96.05
0.11 -0.02 0.91 -106.80 73.97 -59.12
0.19 -0.38 0.66 -71.05 57.55 -67.47
-0.05 -0.38 0.85 -35.69 119.29 -22.96
0.22 -0.12 0.71 1.16 49.95 8.68
-0.15 -0.62 1.05 -52.49 116.03 -13.01
-0.31 -0.31 1.01 -8.29 -3.94 -27.35
0.01 -0.20 0.77 -59.22 -8.57 -9.62
-0.21 -0.73 1.00 -10.85 -11.25 -151.37
-0.19 -0.53 0.76 16.69 25.46 -188.73
0.03 -0.76 0.81 59.97 -26.13 -250.00
0.28 -0.29 0.93 23.85 -10.96 -0.95
0.16 0.07 0.80 -22.90 -14.03 12.79
0.14 -0.25 1.06 -3.75 14.31 17.67
0.22 -0.28 0.91 13.66 -8.19 -0.32
0.17 0.12 0.70 -50.51 -34.83 10.37
0.13 -0.34 0.94 -2.84 20.76 16.64
0.27 -0.31 0.82 24.14 -2.70 -19.87
0.23 -0.01 0.69 21.49 37.41 -19.27
0.10 -0.12 0.95 28.21 92.79 -6.14
-0.12 -0.06 1.17 17.07 36.03 4.38
0.02 -0.09 1.06 7.87 -30.70 -0.74
0.05 -0.02 1.01 -8.13 -21.81 -5.75
0.49 -0.12 0.71 -15.65 -14.51 -88.82
0.38 -0.26 0.79 -3.82 12.33 -116.87
0.39 -0.02 1.00 -14.16 34.79 -133.33
0.33 -0.21 0.99 -23.50 27.60 -96.05
0.11 -0.02 0.91 -106.80 73.97 -59.12
0.19 -0.38 0.66 -71.05 57.55 -67.47
-0.05 -0.38 0.85 -35.69 119.29 -22.96
0.22 -0.12 0.71 1.16 49.95 8.68
-0.15 -0.62 1.05 -52.49 116.03 -13.01
-0.31 -0.31 1.01 -8.29 -3.94 -27.35
0.01 -0.20 0.77 -59.22 -8.57 -9.62
-0.21 -0.73 1.00 -10.85 -11.25 -151.37
-0.19 -0.53 0.76 16.69 25.46 -188.73
0.03 -0.76 0.81 59.97 -26.13 -250.00
0.37 -0.30 1.04 -51.41 -105.71 -2.35
0.57 -0.38 0.67 -54.18 -47.36 6.55
0.31 -0.31 0.72 -33.93 -0.69 0.97
0.42 -0.36 0.90 20.48 -3.81 -26.69
0.32 -0.20 0.93 -32.42 -10.15 -4.98
0.38 -0.36 0.72 -19.87 -20.10 -8.00
0.39 -0.29 0.80 1.32 -0.53 -10.44
0.26 -0.25 0.93 -32.78 -5.74 2.40
0.30 -0.40 0.88 25.55 -9.57 -1.51
0.35 -0.22 0.84 -19.16 -8.97 22.16
0.39 -0.31 0.80 -13.94 -7.13 1.86
0.38 -0.26 0.79 -3.82 12.33 -116.87
0.39 -0.02 1.00 -14.16 34.79 -133.33
0.33 -0.21 0.99 -23.50 27.60 -96.05
0.11 -0.02 0.91 -106.80 73.97 -59.12
0.19 -0.38 0.66 -71.05 57.55 -67.47
-0.05 -0.38 0.85 -35.69 119.29 -22.96
0.22 -0.12 0.71 1.16 49.95 8.68
-0.15 -0.62 1.05 -52.49 116.03 -13.01
-0.31 -0.31 1.01 -8.29 -3.94 -27.35
0.01 -0.20 0.77 -59.22 -8.57 -9.62
-0.21 -0.73 1.00 -10.85 -11.25 -151.37
-0.19 -0.53 0.76 16.69 25.46 -188.73
0.03 -0.76 0.81 59.97 -26.13 -250.00
0.31 -0.35 0.94 19.13 12.33 6.36
0.24 -0.20 0.86 1.37 23.10 21.59
0.23 -0.27 0.87 5.17 13.38 13.35
0.36 -0.37 0.90 27.69 -11.56 -2.37
0.29 -0.21 0.93 4.33 -5.00 1.00
0.33 -0.29 0.92 3.36 -0.92 14.25
0.27 -0.27 0.87 -16.85 8.59 0.63
0.28 -0.34 0.87 12.40 1.55 -5.96
0.29 -0.25 0.86 -11.36 -3.19 -3.26
0.27 -0.29 0.96 -12.59 3.46 -12.76
0.28 -0.31 0.85 -17.86 -21.60 8.96
0.30 -0.29 0.72 -17.91 -17.53 -1.63
0.38 -0.26 0.79 -3.82 12.33 -116.87
0.39 -0.02 1.00 -14.16 34.79 -133.33
0.33 -0.21 0.99 -23.50 27.60 -96.05
0.11 -0.02 0.91 -106.80 73.97 -59.12
0.19 -0.38 0.66 -71.05 57.55 -67.47
-0.05 -0.38 0.85 -35.69 119.29 -22.96
0.22 -0.12 0.71 1.16 49.95 8.68
-0.15 -0.62 1.05 -52.49 116.03 -13.01
-0.31 -0.31 1.01 -8.29 -3.94 -27.35
0.01 -0.20 0.77 -59.22 -8.57 -9.62
-0.21 -0.73 1.00 -10.85 -11.25 -151.37
-0.19 -0.53 0.76 16.69 25.46 -188.73
0.03 -0.76 0.81 59.97 -26.13 -250.00
0.42 -0.26 0.79 14.33 31.56 9.98
0.26 -0.26 0.88 10.49 29.03 5.07
0.32 -0.31 0.91 13.09 13.51 -3.52
0.24 -0.28 0.90 0.03 15.04 14.10
0.27 -0.29 0.86 11.51 -2.34 7.75
0.29 -0.31 0.91 7.25 19.25 7.06
0.18 -0.31 0.90 5.71 13.58 19.07
0.25 -0.27 0.86 5.90 -0.93 1.76
0.26 -0.30 0.90 9.32 11.27 6.61
0.24 -0.30 0.91 17.07 32.16 19.49
0.18 -0.27 0.90 -3.91 31.43 18.95
0.38 -0.26 0.79 -3.82 12.33 -116.87
0.39 -0.02 1.00 -14.16 34.79 -133.33
0.33 -0.21 0.99 -23.50 27.60 -96.05
0.11 -0.02 0.91 -106.80 73.97 -59.12
0.19 -0.38 0.66 -71.05 57.55 -67.47
-0.05 -0.38 0.85 -35.69 119.29 -22.96
0.22 -0.12 0.71 1.16 49.95 8.68
-0.15 -0.62 1.05 -52.49 116.03 -13.01
-0.31 -0.31 1.01 -8.29 -3.94 -27.35
0.01 -0.20 0.77 -59.22 -8.57 -9.62
-0.06 -0.54 0.88 -21.77 20.52 6.28
-0.21 -0.73 1.00 -10.85 -11.25 -151.37
-0.19 -0.53 0.76 16.69 25.46 -188.73
0.03 -0.76 0.81 59.97 -26.13 -250.00
0.02 -0.31 0.75 -13.86 38.12 51.45
-0.00 -0.26 1.00 -26.35 29.95 30.01
-0.20 -0.44 0.91 23.90 -1.57 34.43
-0.21 -0.07 0.98 24.64 -50.99 79.99
-0.15 -0.21 1.09 25.47 -61.54 118.10
0.04 -0.39 0.78 54.57 -106.51 164.94
0.23 0.01 0.64 28.65 -112.08 198.17
0.15 0.25 0.80 -119.90 -67.12 172.71
0.55 -0.86 1.41 -11.91 -151.15 169.24
-0.03 -0.51 0.63 26.37 16.99 110.77
0.15 0.01 0.24 28.14 21.04 167.47
0.41 -0.20 1.19 10.79 -53.23 89.5
0.38 -0.26 0.79 -3.82 12.33 -116.87
0.39 -0.02 1.00 -14.16 34.79 -133.33
0.33 -0.21 0.99 -23.50 27.60 -96.05
0.11 -0.02 0.91 -106.80 73.97 -59.12
0.19 -0.38 0.66 -71.05 57.55 -67.47
-0.05 -0.38 0.85 -35.69 119.29 -22.96
0.22 -0.12 0.71 1.16 49.95 8.68
-0.15 -0.62 1.05 -52.49 116.03 -13.01
-0.31 -0.31 1.01 -8.29 -3.94 -27.35
0.01 -0.20 0.77 -59.22 -8.57 -9.62
-0.21 -0.73 1.00 -10.85 -11.25 -151.37
-0.19 -0.53 0.76 16.69 25.46 -188.73
0.03 -0.76 0.81 59.97 -26.13 -250.00
0.23 -0.85 0.82 120.06 56.78 -133.30
0.19 -0.70 1.11 116.37 -69.00 -142.40
0.31 0.02 0.86 -69.34 40.62 119.66
0.38 -0.32 1.45 -80.70 -38.38 107.55
0.32 -0.11 0.74 64.31 -83.40 -93.19
0.62 0.11 0.98 -9.36 -133.30 17.52
0.86 -0.23 0.38 45.60 14.06 -26.70
0.58 -0.26 0.56 50.19 91.46 20.36
0.51 -0.43 0.80 166.12 116.55 11.66
0.30 -0.06 1.07 62.79 151.59 15.28
0.17 0.22 1.20 -11.72 -58.13 17.85
0.53 0.19 0.70 -84.08 26.39 10.79
0.38 -0.26 0.79 -3.82 12.33 -116.87
0.39 -0.02 1.00 -14.16 34.79 -133.33
0.33 -0.21 0.99 -23.50 27.60 -96.05
0.11 -0.02 0.91 -106.80 73.97 -59.12
0.19 -0.38 0.66 -71.05 57.55 -67.47
-0.05 -0.38 0.85 -35.69 119.29 -22.96
0.22 -0.12 0.71 1.16 49.95 8.68
-0.15 -0.62 1.05 -52.49 116.03 -13.01
-0.31 -0.31 1.01 -8.29 -3.94 -27.35
0.01 -0.20 0.77 -59.22 -8.57 -9.62
-0.21 -0.73 1.00 -10.85 -11.25 -151.37
-0.19 -0.53 0.76 16.69 25.46 -188.73
0.03 -0.76 0.81 59.97 -26.13 -250.00
0.35 -0.07 0.88 -35.48 132.95 -12.10
-0.23 -0.51 1.02 -2.20 192.38 -4.83
-0.36 -0.47 0.82 -38.42 147.29 -26.67
-0.48 -0.31 0.93 -18.87 49.98 -28.43
-0.41 -0.22 0.86 -14.23 -81.83 -33.80
-0.22 -0.42 0.94 23.70 -107.52 -77.42
0.06 -0.13 0.94 51.90 -209.05 -34.29
0.39 -0.14 0.73 -27.95 19.85 14.11
0.13 -0.29 0.86 -44.30 15.91 -6.12
0.16 -0.22 0.88 -31.40 -21.60 -16.16
0.20 -0.30 1.05 9.72 -1.16 -9.75
0.38 -0.26 0.79 -3.82 12.33 -116.87
0.39 -0.02 1.00 -14.16 34.79 -133.33
0.33 -0.21 0.99 -23.50 27.60 -96.05
0.11 -0.02 0.91 -106.80 73.97 -59.12
0.19 -0.38 0.66 -71.05 57.55 -67.47
-0.05 -0.38 0.85 -35.69 119.29 -22.96
0.22 -0.12 0.71 1.16 49.95 8.68
-0.15 -0.62 1.05 -52.49 116.03 -13.01
-0.31 -0.31 1.01 -8.29 -3.94 -27.35
0.01 -0.20 0.77 -59.22 -8.57 -9.62
-0.21 -0.73 1.00 -10.85 -11.25 -151.37
-0.19 -0.53 0.76 16.69 25.46 -188.73
0.03 -0.76 0.81 59.97 -26.13 -250.00
0.23 -0.06 0.71 -14.14 32.69 -6.65
0.03 -0.22 1.08 -31.68 -4.88 -1.47
-0.06 -0.45 0.98 48.23 -15.94 32.79
0.23 -0.12 0.81 26.97 -58.54 21.71
0.21 -0.08 1.09 -40.15 -34.35 6.37
0.35 -0.35 0.89 -24.95 -56.17 -20.47
0.38 -0.30 0.89 5.27 20.06 -3.23
0.13 -0.13 0.90 -1.18 52.61 22.45
0.03 -0.26 1.00 10.86 14.85 9.51
0.19 -0.17 0.95 22.95 -22.24 1.28
0.23 -0.19 0.90 -4.19 -1.30 -0.35
0.38 -0.26 0.79 -3.82 12.33 -116.87
0.39 -0.02 1.00 -14.16 34.79 -133.33
0.33 -0.21 0.99 -23.50 27.60 -96.05
0.11 -0.02 0.91 -106.80 73.97 -59.12
0.19 -0.38 0.66 -71.05 57.55 -67.47
-0.05 -0.38 0.85 -35.69 119.29 -22.96
0.22 -0.12 0.71 1.16 49.95 8.68
-0.15 -0.62 1.05 -52.49 116.03 -13.01
-0.31 -0.31 1.01 -8.29 -3.94 -27.35
0.01 -0.20 0.77 -59.22 -8.57 -9.62
-0.21 -0.73 1.00 -10.85 -11.25 -151.37
-0.19 -0.53 0.76 16.69 25.46 -188.73
0.03 -0.76 0.81 59.97 -26.13 -250.00
0.20 -0.26 1.00 -13.02 5.20 -3.65
0.27 -0.25 0.91 5.01 -17.85 -12.50
0.32 -0.19 0.87 0.82 9.85 -2.82
0.15 -0.21 0.88 -1.26 41.23 8.82
0.04 -0.26 0.99 10.16 17.89 27.43
0.09 -0.15 0.93 9.40 -23.12 18.94
0.17 -0.25 0.97 -16.63 -14.83 20.01
0.17 -0.27 0.99 -1.75 -20.70 19.13
0.19 -0.18 0.93 -5.50 -17.06 10.31
0.19 -0.22 0.88 -7.71 -0.24 8.72
0.19 -0.24 0.88 -2.08 -8.73 -4.16
0.27 -0.24 0.94 2.00 -4.94 -7.84
0.38 -0.26 0.79 -3.82 12.33 -116.87
0.39 -0.02 1.00 -14.16 34.79 -133.33
0.33 -0.21 0.99 -23.50 27.60 -96.05
0.11 -0.02 0.91 -106.80 73.97 -59.12
0.19 -0.38 0.66 -71.05 57.55 -67.47
-0.05 -0.38 0.85 -35.69 119.29 -22.96
0.22 -0.12 0.71 1.16 49.95 8.68
-0.15 -0.62 1.05 -52.49 116.03 -13.01
-0.31 -0.31 1.01 -8.29 -3.94 -27.35
0.01 -0.20 0.77 -59.22 -8.57 -9.62
-0.21 -0.73 1.00 -10.85 -11.25 -151.37
-0.19 -0.53 0.76 16.69 25.46 -188.73
0.03 -0.76 0.81 59.97 -26.13 -250.00
0.26 -0.21 0.88 7.84 29.13 -5.31
0.14 -0.25 0.98 -2.46 25.25 -0.60
0.15 -0.24 0.94 -2.86 -6.20 -6.43
0.22 -0.26 0.93 9.23 0.54 -3.74
0.16 -0.15 0.89 -3.81 8.24 9.37
0.13 -0.27 0.97 -3.26 4.48 6.37
0.22 -0.24 0.95 -0.02 -16.23 -2.04
0.25 -0.22 0.87 -10.88 -2.94 4.87
0.18 -0.24 0.92 -0.34 -0.21 5.65
0.19 -0.26 0.93 7.55 5.38 3.81
0.22 -0.19 0.92 -4.96 -5.28 -5.00
0.21 -0.23 0.91 10.29 -0.74 -2.98
0.38 -0.26 0.79 -3.82 12.33 -116.87
0.39 -0.02 1.00 -14.16 34.79 -133.33
0.33 -0.21 0.99 -23.50 27.60 -96.05
0.11 -0.02 0.91 -106.80 73.97 -59.12
0.19 -0.38 0.66 -71.05 57.55 -67.47
-0.05 -0.38 0.85 -35.69 119.29 -22.96
0.22 -0.12 0.71 1.16 49.95 8.68
-0.15 -0.62 1.05 -52.49 116.03 -13.01
-0.31 -0.31 1.01 -8.29 -3.94 -27.35
0.01 -0.20 0.77 -59.22 -8.57 -9.62
-0.21 -0.73 1.00 -10.85 -11.25 -151.37
-0.19 -0.53 0.76 16.69 25.46 -188.73
0.03 -0.76 0.81 59.97 -26.13 -250.00
0.24 -0.21 0.92 -3.26 -3.90 -8.26
0.22 -0.20 0.86 -3.23 10.10 -6.91
0.18 -0.30 0.93 8.40 28.02 0.87
0.14 -0.16 0.91 5.32 6.22 -4.16
0.20 -0.24 0.99 4.81 2.00 -4.12