-0.64 -0.60 1.36 249.99 226.39 -20.61
-0.49 0.40 0.13 -175.19 -3.54 -13.09
0.37 0.11 0.44 -76.43 -215.32 53.50
0.86 1.52 0.08 205.65 -160.90 36.93
0.26 0.02 -0.50 -120.83 249.99 20.47
-0.13 -1.05 2.00 84.57 249.99 5.58
-1.27 0.53 1.35 -135.13 -62.32 -108.76
0.19 0.24 0.07 -91.59 -163.06 11.64
0.40 -1.18 1.91 249.99 -250.00 44.30
0.54 0.23 -0.17 -130.41 156.85 26.73
0.11 -0.42 -0.15 -117.03 249.99 27.60
-1.37 -0.30 2.00 249.99 -38.69 -81.80
-0.14 0.26 -0.06 -166.89 -75.74 -26.03
0.17 -0.75 2.00 225.69 -250.00 56.92
0.98 0.09 -0.01 -184.93 237.27 -9.77
0.08 -0.35 0.07 -110.16 249.99 18.95
-1.61 -0.30 2.00 249.99 118.41 2.40
-0.18 0.35 -0.03 -118.05 -91.68 -3.49
0.41 0.24 1.45 52.00 -250.00 79.68
1.02 0.26 1.38 -216.16 13.76 -17.42
0.28 -0.07 -0.47 -81.10 240.97 33.74
-0.53 -1.19 2.00 218.45 206.11 -9.80
-0.76 0.58 0.16 -160.21 -109.24 -91.38
0.36 0.37 0.01 -83.82 -184.51 27.60
-1.37 -0.30 2.00 249.99 -38.69 -81.80
1.08 0.66 -0.04 249.99 -250.00 13.91
0.42 0.02 -0.52 -235.19 151.55 82.78
0.02 -1.32 1.75 -84.02 249.99 -20.83
-0.65 -0.49 0.68 249.99 105.65 105.34
-0.34 1.46 2.00 -55.09 -229.92 -17.33
0.84 1.42 -0.26 -245.58 -85.34 127.17
1.05 -1.56 0.51 -237.25 0.86 -2.33
-0.65 -1.52 0.36 67.88 249.99 -118.09
-0.61 0.01 0.28 90.74 119.86 182.35
0.16 0.44 0.34 249.99 -250.00 23.05
0.36 0.37 0.01 -83.82 -184.51 27.60
-1.37 -0.30 2.00 249.99 -38.69 -81.80
1.30 -1.29 0.14 -156.07 249.99 1.37
-0.38 -1.42 0.66 63.56 249.99 -214.97
-0.65 -0.10 -0.13 -66.64 247.94 95.72
0.30 0.38 0.48 34.15 -22.17 37.76
-1.32 -0.26 2.00 249.99 -250.00 65.19
0.49 -0.14 -0.54 -50.03 249.99 -107.31
-1.04 -1.02 2.00 249.99 72.67 -114.39
-0.49 0.03 0.09 -129.20 -106.49 -20.24
0.46 0.05 -0.28 -92.86 -117.73 30.73
-0.47 -0.95 2.00 249.99 -250.00 74.78
0.54 0.22 0.14 -165.03 196.45 -49.27
-0.05 -0.24 -0.35 -113.69 249.99 4.10
-1.35 -0.39 2.00 249.99 -151.95 -15.53
-0.05 0.11 0.05 -172.43 -17.31 -5.41
0.57 -0.16 2.00 37.65 -250.00 24.65
1.39 0.26 0.11 -100.36 92.62 9.75
0.18 -0.01 -0.14 -97.79 249.99 18.16
-0.55 -0.88 2.00 218.86 101.96 -2.98
-0.60 0.35 0.70 -217.48 -63.98 -61.04
0.29 0.09 -0.17 -91.71 -100.92 10.04
0.03 -1.00 2.00 249.99 -250.00 83.64
0.80 0.19 0.22 -199.10 91.56 -17.39
0.14 -0.24 -0.36 -121.38 249.99 21.82
-0.74 -0.76 0.73 249.99 249.99 14.97
-0.58 0.47 0.29 -149.20 -176.24 -1.89
0.61 0.30 -0.35 -49.02 -191.26 58.95
1.45 0.70 0.92 -87.72 -0.36 -18.04
0.39 0.02 -0.40 -110.64 158.20 22.53
0.31 -0.89 1.36 -53.11 249.99 -6.22
-1.44 0.42 1.01 40.05 6.45 -49.27
-0.05 -0.24 -0.35 -113.69 249.99 4.10
-1.35 -0.39 2.00 249.99 -151.95 -15.53
-0.05 0.11 0.05 -172.43 -17.31 -5.41
0.57 -0.16 2.00 37.65 -250.00 24.65
1.39 0.26 0.11 -100.36 92.62 9.75
0.18 -0.01 -0.14 -97.79 249.99 18.16
-0.08 0.35 -0.03 -128.04 -110.07 23.17
0.68 -0.08 2.00 138.37 -250.00 109.17
0.64 0.21 0.76 -191.72 60.41 -38.48
0.25 -0.31 -0.23 -100.72 184.39 -7.84
-0.58 -0.80 1.13 249.99 249.99 -17.09
-0.68 0.54 -0.10 -129.74 -141.80 -12.04
0.46 0.32 -0.20 -32.31 -214.10 106.89
1.36 0.43 2.00 -172.32 100.75 -6.68
0.32 0.00 -0.49 -62.81 162.13 25.41
0.11 -0.82 0.94 -42.11 249.99 -4.06
-0.05 -0.24 -0.35 -113.69 249.99 4.10
-1.35 -0.39 2.00 249.99 -151.95 -15.53
-0.05 0.11 0.05 -172.43 -17.31 -5.41
0.57 -0.16 2.00 37.65 -250.00 24.65
1.39 0.26 0.11 -100.36 92.62 9.75
0.18 -0.01 -0.14 -97.79 249.99 18.16
0.24 0.30 -0.15 -67.34 -250.00 30.51
0.80 0.02 2.00 202.67 -181.08 83.63
0.44 0.29 0.67 -159.20 65.96 8.86
0.04 -0.24 -0.46 -83.82 249.99 68.13
-0.95 -1.17 2.00 249.99 140.98 9.90
-0.72 0.55 0.64 -161.58 -185.20 -69.24
0.48 0.38 -0.27 -55.59 -229.74 16.51
1.32 -0.67 0.23 249.99 -250.00 -34.07
0.38 0.17 -0.33 -134.44 179.91 42.02
0.08 -0.55 0.32 -97.63 249.99 36.32
-1.62 -0.61 2.00 249.99 -34.45 -35.37
-0.05 -0.24 -0.35 -113.69 249.99 4.10
-1.35 -0.39 2.00 249.99 -151.95 -15.53
-0.05 0.11 0.05 -172.43 -17.31 -5.41
0.57 -0.16 2.00 37.65 -250.00 24.65
1.39 0.26 0.11 -100.36 92.62 9.75
0.18 -0.01 -0.14 -97.79 249.99 18.16
0.68 -0.06 2.00 72.31 -250.00 46.78
1.01 0.43 1.04 -187.15 -23.20 -21.48
0.27 -0.03 -0.41 -101.68 247.25 19.46
-0.61 -1.08 2.00 249.99 228.44 0.63
-1.18 0.56 0.94 -129.45 -152.51 -121.54
0.26 0.17 -0.11 -61.87 -209.79 35.51
0.89 -0.97 2.00 249.99 -250.00 -13.12
0.76 0.27 0.13 -122.54 95.77 24.57
0.19 -0.26 -0.40 -97.43 249.99 17.40
-0.86 -0.64 1.01 249.99 249.99 -26.15
-0.05 -0.24 -0.35 -113.69 249.99 4.10
-1.35 -0.39 2.00 249.99 -151.95 -15.53
-0.05 0.11 0.05 -172.43 -17.31 -5.41
0.57 -0.16 2.00 37.65 -250.00 24.65
1.39 0.26 0.11 -100.36 92.62 9.75
0.18 -0.01 -0.14 -97.79 249.99 18.16
-0.55 -0.88 2.00 218.86 101.96 -2.9
0.45 0.11 -0.02 -64.25 -216.68 65.03
0.90 1.38 -0.25 249.99 -179.16 -35.54
0.48 0.11 -0.42 -119.56 181.43 33.90
0.25 -0.59 0.86 -79.95 249.99 2.20
-1.51 0.20 1.15 37.73 48.91 -118.50
-0.23 0.35 0.02 -134.06 -105.09 10.20
0.54 0.05 2.00 96.89 -250.00 103.15
1.03 0.17 0.72 -185.42 146.67 2.91
0.20 -0.19 -0.30 -97.05 249.99 28.80
-0.50 -0.61 1.37 249.99 204.22 4.37
-0.81 0.46 0.16 -238.96 28.84 -98.63
-0.05 -0.24 -0.35 -113.69 249.99 4.10
-0.05 0.11 0.05 -172.43 -17.31 -5.41
0.57 -0.16 2.00 37.65 -250.00 24.65
1.39 0.26 0.11 -100.36 92.62 9.75
0.18 -0.01 -0.14 -97.79 249.99 18.16
0.43 -0.74 0.94 249.99 -250.00 11.17
0.47 0.24 -0.23 -152.67 172.89 1.23
-0.07 -0.62 2.00 113.90 212.24 -4.51
-0.75 0.25 0.55 -131.06 -44.43 -52.41
0.17 -0.04 -0.05 -55.02 -99.85 53.85
0.11 -0.37 2.00 249.99 -236.53 106.80
0.81 0.09 0.56 -82.61 -69.61 9.89
0.33 -0.21 -0.42 -0.21 192.92 -10.34
-0.49 -0.88 2.00 249.99 213.97 -44.34
-0.73 0.60 0.44 -120.57 -183.40 -20.94
0.41 0.13 -0.16 -39.23 -166.24 79.40
-0.05 -0.24 -0.35 -113.69 249.99 4.10
-1.35 -0.39 2.00 249.99 -151.95 -15.53
-0.05 0.11 0.05 -172.43 -17.31 -5.41
0.57 -0.16 2.00 37.65 -250.00 24.65
1.39 0.26 0.11 -100.36 92.62 9.75
0.18 -0.01 -0.14 -97.79 249.99 18.16
0.72 -0.02 -0.21 -71.65 94.45 31.04
0.17 -0.39 -0.23 -79.55 249.99 -6.84
-1.19 0.33 2.00 41.04 130.06 -125.04
-0.27 0.38 0.06 -105.93 -120.32 15.76
0.60 0.12 0.84 17.59 -239.62 96.22
0.86 0.64 1.82 -189.47 36.61 -9.09
0.39 -0.11 -0.44 -84.36 220.25 35.29
0.20 -0.90 2.00 5.42 238.11 -20.43
-1.44 0.53 2.00 -114.13 17.97 -162.45
0.02 0.21 0.01 -91.84 -167.93 13.35
0.82 -0.97 2.00 249.99 -250.00 79.40
-0.05 -0.24 -0.35 -113.69 249.99 4.10
-1.35 -0.39 2.00 249.99 -151.95 -15.53
-0.05 0.11 0.05 -172.43 -17.31 -5.41
0.57 -0.16 2.00 37.65 -250.00 24.65
1.39 0.26 0.11 -100.36 92.62 9.75
0.18 -0.01 -0.14 -97.79 249.99 18.16
0.70 0.32 0.33 -173.15 129.86 0.78
0.13 -0.19 -0.38 -108.74 249.99 38.86
-0.63 -0.64 0.79 249.99 249.99 -18.15
-0.54 0.40 0.21 -151.05 -102.07 -39.83
0.37 0.16 -0.07 -74.42 -186.33 40.93
1.06 1.60 -0.15 106.63 -148.64 15.42
0.26 0.09 -0.29 -153.63 221.12 25.87
-0.17 -1.12 2.00 249.99 249.99 1.37
-0.94 0.60 0.33 -135.18 -128.21 -116.05
0.21 0.43 0.24 -94.36 -219.36 17.06
1.09 -0.89 1.11 249.99 -250.00 -22.84
-0.05 -0.24 -0.35 -113.69 249.99 4.10
-1.35 -0.39 2.00 249.99 -151.95 -15.53
-0.05 0.11 0.05 -172.43 -17.31 -5.41
0.57 -0.16 2.00 37.65 -250.00 24.65
1.39 0.26 0.11 -100.36 92.62 9.75
0.18 -0.01 -0.14 -97.79 249.99 18.16
0.01 -0.35 -0.03 -123.69 249.99 33.69
-1.49 -0.29 2.00 249.99 85.11 -50.62
-0.27 0.32 0.01 -111.74 -145.73 -32.75
0.65 0.14 1.06 3.56 -250.00 32.75
1.42 0.68 0.90 -121.68 50.35 -15.74
0.19 0.03 -0.33 -134.35 249.99 29.21
-0.62 -1.23 2.00 230.15 187.21 2.70
-1.12 0.61 0.96 -147.27 -114.80 -104.90
0.20 0.23 -0.03 -100.23 -155.70 18.91
0.62 -1.23 1.37 249.99 -250.00 -4.74
0.62 0.22 0.05 -143.05 161.77 -15.78
-0.05 -0.24 -0.35 -113.69 249.99 4.10
-1.35 -0.39 2.00 249.99 -151.95 -15.53
-0.05 0.11 0.05 -172.43 -17.31 -5.41
0.57 -0.16 2.00 37.65 -250.00 24.65
1.39 0.26 0.11 -100.36 92.62 9.75
0.18 -0.01 -0.14 -97.79 249.99 18.16
-1.52 -0.51 2.00 249.99 66.22 -15.66
-0.29 0.35 0.03 -116.36 -118.85 -28.18
0.49 0.15 1.61 20.90 -250.00 49.86
1.38 0.62 1.06 -154.56 -21.35 -23.22
0.44 -0.05 -0.39 -102.29 221.58 10.57
-0.36 -1.12 2.00 226.62 249.99 -26.78
-1.01 0.69 0.50 -114.10 -116.38 -154.97
0.15 0.29 -0.03 -83.35 -186.56 32.49
0.86 -1.15 2.00 249.99 -250.00 -5.29
0.78 0.10 0.18 -148.40 122.09 -21.03
-0.05 -0.24 -0.35 -113.69 249.99 4.10
-1.35 -0.39 2.00 249.99 -151.95 -15.53
-0.05 0.11 0.05 -172.43 -17.31 -5.41
0.57 -0.16 2.00 37.65 -250.00 24.65
1.39 0.26 0.11 -100.36 92.62 9.75
0.18 -0.01 -0.14 -97.79 249.99 18.16
-1.20 -0.55 2.00 205.28 187.43 -101.03
-0.22 0.32 0.02 -104.16 -121.15 -46.71
0.95 -1.16 2.00 249.99 -250.00 6.69
1.16 0.26 0.87 -202.13 74.51 -14.53
0.33 -0.12 -0.41 -73.30 158.59 -23.82
-0.38 -0.49 2.00 190.11 249.99 -73.14
-0.45 0.17 -0.05 -146.07 13.18 -157.86
0.22 -1.33 2.00 165.63 -250.00 -32.54
1.11 0.69 -0.41 75.20 -17.36 -117.43
0.25 -0.07 0.22 -54.70 249.99 -60.17
-0.81 0.39 1.80 23.58 146.84 -140.85
-0.05 -0.24 -0.35 -113.69 249.99 4.10
-1.35 -0.39 2.00 249.99 -151.95 -15.53
-0.05 0.11 0.05 -172.43 -17.31 -5.41
0.57 -0.16 2.00 37.65 -250.00 24.65
1.39 0.26 0.11 -100.36 92.62 9.75
0.18 -0.01 -0.14 -97.79 249.99 18.16
0.37 -0.09 -0.23 -126.77 -153.02 -9.34
0.75 -0.73 0.77 249.99 -250.00 -98.89
1.44 0.35 0.71 -177.15 204.65 -23.60
0.21 -0.21 -0.14 -78.76 249.99 -53.79
-0.83 -0.62 2.00 249.99 240.00 -87.57
-0.44 0.50 0.18 -101.33 -147.48 -79.77
0.32 0.19 -0.11 -56.21 -119.73 36.45
0.78 -0.89 2.00 249.99 -250.00 -67.54
0.88 0.30 0.71 -148.61 149.64 -29.49
0.17 -0.19 -0.15 -67.42 249.99 -24.70
-0.05 -0.24 -0.35 -113.69 249.99 4.10
-1.35 -0.39 2.00 249.99 -151.95 -15.53
-0.05 0.11 0.05 -172.43 -17.31 -5.41
0.57 -0.16 2.00 37.65 -250.00 24.65
1.39 0.26 0.11 -100.36 92.62 9.75
0.18 -0.01 -0.14 -97.79 249.99 18.16
-0.74 0.43 0.27 -98.41 -85.91 -47.28
0.10 0.08 0.08 -60.91 -105.82 64.63
0.24 -0.64 2.00 249.99 -250.00 5.07
0.95 0.03 1.38 -106.06 119.16 10.22
0.23 -0.10 -0.45 -15.96 249.99 -5.96
-0.49 -0.60 2.00 219.78 200.36 -19.11
-1.06 0.76 1.12 -121.33 -137.77 -93.84
0.02 0.10 -0.11 -45.45 -119.09 41.92
1.00 -0.82 2.00 235.39 -250.00 28.50
1.00 0.30 1.21 -172.26 130.76 25.78
-0.05 -0.24 -0.35 -113.69 249.99 4.10
-1.35 -0.39 2.00 249.99 -151.95 -15.53
-0.05 0.11 0.05 -172.43 -17.31 -5.41
0.57 -0.16 2.00 37.65 -250.00 24.65
1.39 0.26 0.11 -100.36 92.62 9.75
0.18 -0.01 -0.14 -97.79 249.99 18.16
-0.39 -0.72 2.00 127.83 133.45 4.23
-0.94 0.49 1.12 -85.51 -173.85 -70.64
0.15 0.11 -0.17 -18.78 -179.50 53.88
0.98 -0.53 2.00 205.20 -189.93 39.44
0.85 0.33 1.33 -155.33 57.36 27.98
0.28 -0.03 -0.40 -77.42 241.70 23.32
-0.43 -0.86 2.00 142.63 205.99 3.18
-1.12 0.38 1.62 -63.80 -246.54 -124.79
0.15 0.18 -0.18 -30.69 -240.44 50.74
1.68 -0.73 2.00 239.20 -217.89 -3.49
0.92 0.21 1.16 -175.61 138.04 3.01
-0.05 -0.24 -0.35 -113.69 249.99 4.10
-1.35 -0.39 2.00 249.99 -151.95 -15.53
-0.05 0.11 0.05 -172.43 -17.31 -5.41
0.57 -0.16 2.00 37.65 -250.00 24.65
1.39 0.26 0.11 -100.36 92.62 9.75
0.18 -0.01 -0.14 -97.79 249.99 18.16
-0.15 -0.66 2.00 20.31 222.43 -39.15
-1.16 0.53 1.09 -150.28 -86.60 -110.00
-0.02 0.07 -0.01 -80.19 -95.45 54.63
0.85 -0.89 2.00 192.49 -250.00 24.83
0.95 0.29 0.75 -151.31 67.94 -23.91
0.26 0.00 -0.32 -48.19 193.24 37.02
-0.12 -0.76 2.00 100.62 185.61 5.39
-1.23 0.42 1.62 -56.80 -148.28 -99.14
-0.01 0.13 -0.14 8.89 -161.04 100.86
1.01 -0.15 1.68 90.34 -244.23 42.57
-0.05 -0.24 -0.35 -113.69 249.99 4.10
-1.35 -0.39 2.00 249.99 -151.95 -15.53
-0.05 0.11 0.05 -172.43 -17.31 -5.41
0.57 -0.16 2.00 37.65 -250.00 24.65
1.39 0.26 0.11 -100.36 92.62 9.75
0.18 -0.01 -0.14 -97.79 249.99 18.16
0.37 -0.18 -0.28 -64.33 192.48 15.61
-0.34 -0.77 2.00 116.33 249.99 23.12
-0.90 0.14 2.00 13.16 -223.06 -122.02
0.02 0.22 -0.34 -22.07 -212.77 64.77
0.93 0.07 -0.73 -31.95 -13.61 49.26
1.14 0.42 1.50 68.79 -99.64 -50.77
0.33 0.09 0.52 -111.31 151.62 -12.81
0.07 -0.12 -0.09 -100.31 215.61 7.05
-0.37 -0.52 2.00 249.99 171.59 -34.65
-0.65 0.24 1.26 -40.04 -156.57 -38.64
0.09 0.18 -0.21 -33.33 -119.64 106.83
-0.05 -0.24 -0.35 -113.69 249.99 4.10
-1.35 -0.39 2.00 249.99 -151.95 -15.53
-0.05 0.11 0.05 -172.43 -17.31 -5.41
0.57 -0.16 2.00 37.65 -250.00 24.65
1.39 0.26 0.11 -100.36 92.62 9.75
0.18 -0.01 -0.14 -97.79 249.99 18.16
0.42 -0.13 1.84 -77.08 49.13 49.65
0.61 0.19 0.07 -84.06 139.22 9.26
0.07 0.03 -0.07 -48.41 242.87 24.75
-0.42 -0.80 0.76 86.25 241.86 -59.05
-0.59 0.09 1.35 -12.22 -196.55 -45.75
0.11 0.23 0.02 -55.16 -134.63 76.86
0.96 -0.29 1.44 164.99 -189.67 -15.29
0.17 -0.14 1.46 15.22 157.46 80.55
0.09 0.38 0.58 -114.91 63.00 87.72
-0.31 0.02 -0.22 -114.38 249.99 202.00
-0.65 -0.90 2.00 95.70 -78.80 148.03
-0.05 -0.24 -0.35 -113.69 249.99 4.10
-1.35 -0.39 2.00 249.99 -151.95 -15.53
-0.05 0.11 0.05 -172.43 -17.31 -5.41
0.57 -0.16 2.00 37.65 -250.00 24.65
1.39 0.26 0.11 -100.36 92.62 9.75
0.18 -0.01 -0.14 -97.79 249.99 18.16
0.53 0.65 0.11 -128.07 -250.00 83.87
2.00 -0.82 0.57 179.82 -50.12 -223.58
1.05 -0.17 -0.14 -19.66 32.68 -119.26
-0.12 0.11 -0.10 -117.41 249.99 -33.05
-1.16 -0.23 2.00 163.92 207.02 0.10
-0.78 -0.04 1.88 -30.54 -231.72 -222.69
0.05 0.14 -0.12 -57.50 -250.00 -101.12
1.85 -0.56 0.94 210.75 -103.00 -148.38
1.82 -0.05 0.46 -20.39 153.05 -17.40
0.40 -0.01 0.02 -183.19 249.99 -50.67
-0.05 -0.24 -0.35 -113.69 249.99 4.10
-1.35 -0.39 2.00 249.99 -151.95 -15.53
-0.05 0.11 0.05 -172.43 -17.31 -5.41
0.57 -0.16 2.00 37.65 -250.00 24.65
1.39 0.26 0.11 -100.36 92.62 9.75
0.18 -0.01 -0.14 -97.79 249.99 18.16
-0.60 -0.90 1.39 127.62 38.75 -20.26
-0.75 -0.43 1.21 -9.94 -250.00 -201.19
0.60 0.08 0.69 -6.71 -250.00 -151.13
2.00 0.03 -0.47 -226.44 -55.76 -250.00
1.65 -0.34 0.01 -80.06 179.33 -58.87
0.88 -0.63 0.44 -86.68 249.99 -91.61
0.24 0.03 0.24 -143.58 226.66 -129.61
-0.33 -0.48 0.74 -89.04 249.99 -193.04
-0.07 -0.96 1.29 188.87 34.76 -250.00
0.39 0.32 0.25 80.71 -143.00 -245.48
-0.05 -0.24 -0.35 -113.69 249.99 4.10
-1.35 -0.39 2.00 249.99 -151.95 -15.53
-0.05 0.11 0.05 -172.43 -17.31 -5.41
0.57 -0.16 2.00 37.65 -250.00 24.65
1.39 0.26 0.11 -100.36 92.62 9.75
0.18 -0.01 -0.14 -97.79 249.99 18.16
0.66 -0.21 1.02 -13.80 -13.84 -154.75
0.64 0.14 0.79 40.00 0.56 -115.68
0.80 0.10 0.68 -76.11 62.36 -15.45
0.40 -0.00 0.85 -76.91 65.14 -72.38
0.25 -0.11 0.59 -67.59 33.49 -147.93
-0.17 -0.28 0.94 29.40 102.43 -140.30
-0.08 -0.48 1.49 180.18 5.16 -180.23
-0.02 0.64 0.79 0.38 -125.74 -85.90
0.45 0.54 0.40 -58.50 -94.38 18.00
0.59 0.08 0.84 -8.46 -52.44 -55.47
0.70 0.27 0.99 65.39 -36.54 -21.87
-0.05 -0.24 -0.35 -113.69 249.99 4.10
-1.35 -0.39 2.00 249.99 -151.95 -15.53
-0.05 0.11 0.05 -172.43 -17.31 -5.41
0.57 -0.16 2.00 37.65 -250.00 24.65
1.39 0.26 0.11 -100.36 92.62 9.75
0.18 -0.01 -0.14 -97.79 249.99 18.16
0.36 0.39 0.77 -66.83 12.38 -55.92
0.03 0.26 0.43 -77.47 55.57 -78.51
-0.21 -0.15 1.16 85.70 129.91 -69.31
-0.04 0.14 1.81 76.38 -194.32 -42.27
0.53 0.49 0.47 -36.41 -57.43 -26.88
0.07 0.26 0.03 -76.81 8.12 42.52
0.72 -0.32 1.56 178.88 18.50 40.34
0.73 -0.02 0.72 -8.96 113.12 29.34
-0.02 0.39 0.84 -89.49 31.30 -16.46
0.34 0.11 0.89 -95.18 -0.99 20.37
-0.13 -0.39 0.76 -3.68 80.63 11.75
-0.05 -0.24 -0.35 -113.69 249.99 4.10
-1.35 -0.39 2.00 249.99 -151.95 -15.53
-0.05 0.11 0.05 -172.43 -17.31 -5.41
0.57 -0.16 2.00 37.65 -250.00 24.65
1.39 0.26 0.11 -100.36 92.62 9.75
0.18 -0.01 -0.14 -97.79 249.99 18.16
0.15 -0.26 1.30 58.06 -171.39 20.75
0.40 0.17 0.70 -95.32 -23.12 137.14
0.44 -0.28 0.76 -217.99 28.95 165.31
0.31 -0.54 0.36 -216.08 96.62 113.41
-0.90 -0.97 1.22 -17.38 249.99 138.28
-1.51 -1.76 0.70 23.03 108.92 249.99
0.17 -0.33 0.39 136.96 -188.00 249.99
0.00 0.60 1.14 175.59 -250.00 215.29
0.04 0.44 1.11 3.06 213.73 249.99
-0.67 0.42 0.63 -70.31 34.88 249.99
-0.26 0.19 0.50 -208.91 -70.63 249.99
-0.05 -0.24 -0.35 -113.69 249.99 4.10
-1.35 -0.39 2.00 249.99 -151.95 -15.53
-0.05 0.11 0.05 -172.43 -17.31 -5.41
0.57 -0.16 2.00 37.65 -250.00 24.65
1.39 0.26 0.11 -100.36 92.62 9.75
0.18 -0.01 -0.14 -97.79 249.99 18.16
-0.41 -0.46 0.43 -120.28 7.68 163.52
0.31 -0.93 1.48 117.88 -250.00 73.30
1.43 0.27 1.96 249.99 -204.51 27.96
0.11 0.55 0.45 -92.55 249.99 212.20
-0.26 -0.27 2.00 61.49 217.15 32.09
-0.54 -0.09 1.47 -35.49 -244.63 0.95
0.05 0.03 -0.17 -26.76 -81.97 41.76
1.13 -0.86 2.00 249.99 -155.69 55.23
1.14 0.36 0.76 -139.92 186.35 111.35
0.09 0.12 -0.36 -68.58 249.99 74.54
-0.05 -0.24 -0.35 -113.69 249.99 4.10
-1.35 -0.39 2.00 249.99 -151.95 -15.53
-0.05 0.11 0.05 -172.43 -17.31 -5.41
0.57 -0.16 2.00 37.65 -250.00 24.65
1.39 0.26 0.11 -100.36 92.62 9.75
0.18 -0.01 -0.14 -97.79 249.99 18.16
-1.18 0.40 1.26 -71.32 -75.98 -98.03
-0.09 -0.02 -0.14 -39.67 -141.20 41.89
0.44 -0.64 2.00 249.99 -250.00 61.01
0.84 0.39 0.83 -189.11 51.77 79.67
0.27 -0.18 -0.40 -110.08 245.07 49.32
-0.13 -0.86 0.64 249.99 249.99 -74.93
-1.27 0.50 0.54 -89.25 -65.50 -75.92
0.05 0.01 0.02 -51.42 -158.58 78.56
0.75 -0.87 1.47 249.99 -250.00 -30.04
0.73 0.25 0.57 -134.28 62.46 24.12
-0.05 -0.24 -0.35 -113.69 249.99 4.10
-1.35 -0.39 2.00 249.99 -151.95 -15.53
-0.05 0.11 0.05 -172.43 -17.31 -5.41
0.57 -0.16 2.00 37.65 -250.00 24.65
1.39 0.26 0.11 -100.36 92.62 9.75
0.18 -0.01 -0.14 -97.79 249.99 18.16
-0.55 -0.88 2.00 218.86 101.96 -2.998
-0.19 -0.83 0.24 249.99 249.88 -100.00
-1.14 0.63 0.40 -28.10 -205.53 -91.34
0.22 0.04 -0.12 -30.43 -211.38 67.80
1.59 0.41 0.17 200.19 -108.61 -157.39
1.30 0.00 0.30 -92.09 0.18 -33.79
0.20 -0.25 -0.33 -81.66 249.99 -37.83
-0.32 -0.70 0.67 240.31 249.99 -75.94
-0.58 0.52 0.34 -63.32 -250.00 -188.93
0.32 0.07 -0.23 -100.62 -250.00 -39.96
1.49 0.41 1.97 191.44 -250.00 -168.19
1.50 -0.26 0.02 -77.55 169.78 -104.93
-0.05 -0.24 -0.35 -113.69 249.99 4.10
-1.35 -0.39 2.00 249.99 -151.95 -15.53
-0.05 0.11 0.05 -172.43 -17.31 -5.41
0.57 -0.16 2.00 37.65 -250.00 24.65
1.39 0.26 0.11 -100.36 92.62 9.75
0.18 -0.01 -0.14 -97.79 249.99 18.16
-0.77 -0.63 1.53 210.67 219.04 -102.89
-0.31 0.71 1.30 -65.77 -250.00 -98.91
0.28 0.07 -0.37 -77.04 -213.29 -72.96
1.50 -1.10 2.00 216.69 -86.73 -154.79
1.47 0.64 -0.60 -39.64 -11.15 -45.30
0.63 0.12 0.17 -162.98 215.48 -90.00
-0.27 -0.17 0.47 -95.66 249.99 -49.12
-0.12 -0.93 -0.74 166.70 249.99 -140.91
-0.25 0.51 1.38 -62.50 -250.00 -103.10
0.08 0.12 -0.11 -84.33 -108.31 21.93
-0.05 -0.24 -0.35 -113.69 249.99 4.10
-1.35 -0.39 2.00 249.99 -151.95 -15.53
-0.05 0.11 0.05 -172.43 -17.31 -5.41
0.57 -0.16 2.00 37.65 -250.00 24.65
1.39 0.26 0.11 -100.36 92.62 9.75
0.18 -0.01 -0.14 -97.79 249.99 18.16
0.98 0.89 0.76 69.18 -203.03 -74.23
0.49 -0.01 0.75 -140.56 119.18 36.71
-0.07 -0.10 0.56 -154.53 200.78 24.51
-0.22 -0.63 0.70 164.06 107.44 5.36
-0.90 -0.35 1.73 86.64 -86.43 -114.73
0.04 0.31 0.89 -12.28 -226.50 27.52
0.18 0.28 0.14 -85.66 -129.69 116.66
1.20 -0.19 0.55 136.85 -121.60 6.92
0.92 0.03 0.89 146.11 94.67 33.34
0.56 0.16 0.55 -69.20 191.91 51.48
-0.21 0.13 1.42 -137.07 124.64 11.45
-0.05 -0.24 -0.35 -113.69 249.99 4.10
-1.35 -0.39 2.00 249.99 -151.95 -15.53
-0.05 0.11 0.05 -172.43 -17.31 -5.41
0.57 -0.16 2.00 37.65 -250.00 24.65
1.39 0.26 0.11 -100.36 92.62 9.75
0.18 -0.01 -0.14 -97.79 249.99 18.16
0.07 -0.50 0.99 -20.20 -18.48 61.29
-0.25 -0.68 0.93 25.25 21.11 39.82
-0.11 -0.31 1.06 0.96 -52.46 56.91
-0.31 0.08 0.93 -49.58 -71.53 86.83
0.16 -0.11 0.95 4.18 -184.04 109.04
1.01 -0.24 0.69 67.28 -250.00 42.73
1.29 0.14 0.48 106.31 106.70 69.12
0.72 -0.00 0.57 102.40 202.87 77.58
-0.32 0.20 0.92 -72.93 113.09 58.78
-0.09 0.13 0.94 -63.32 75.89 45.61
-0.27 -0.23 0.86 -70.63 38.98 74.69
-0.05 -0.24 -0.35 -113.69 249.99 4.10
-1.35 -0.39 2.00 249.99 -151.95 -15.53
-0.05 0.11 0.05 -172.43 -17.31 -5.41
0.57 -0.16 2.00 37.65 -250.00 24.65
1.39 0.26 0.11 -100.36 92.62 9.75
0.18 -0.01 -0.14 -97.79 249.99 18.16
-0.20 -0.54 0.89 71.20 -49.22 28.89
0.03 -0.20 1.36 42.41 -85.75 23.46
0.12 0.15 0.90 -23.61 -81.54 104.55
0.66 -0.06 0.58 9.99 -109.36 104.05
0.84 -0.21 0.62 97.44 114.72 67.12
0.33 0.04 0.95 -15.56 186.48 120.38
-0.32 0.21 0.87 -56.59 65.85 118.85
-0.18 0.05 0.33 -55.31 79.08 77.19
-0.13 -0.20 0.90 3.37 -99.49 11.19
0.20 -0.61 1.09 160.47 -58.77 -50.86
0.03 -0.15 1.02 68.25 -76.62 -68.09
-0.05 -0.24 -0.35 -113.69 249.99 4.10
-1.35 -0.39 2.00 249.99 -151.95 -15.53
-0.05 0.11 0.05 -172.43 -17.31 -5.41
0.57 -0.16 2.00 37.65 -250.00 24.65
1.39 0.26 0.11 -100.36 92.62 9.75
0.18 -0.01 -0.14 -97.79 249.99 18.16
0.45 0.20 0.58 -54.02 -122.43 107.32
1.06 -0.35 0.61 96.15 -13.81 2.17
0.62 0.28 0.91 88.29 144.81 90.01
-0.38 -0.03 1.60 -68.61 64.26 133.26
-0.18 0.35 0.35 -47.55 82.41 49.90
0.03 0.02 0.22 -64.88 88.91 24.19
-0.29 -0.75 1.33 221.29 -96.95 -8.16
-0.14 0.01 1.84 60.92 -202.29 -53.67
0.47 0.54 0.27 -36.37 -198.30 57.98
0.55 0.43 -0.26 -35.98 40.55 98.43
0.72 0.05 1.87 145.23 13.62 -68.09
-0.05 -0.24 -0.35 -113.69 249.99 4.10
-1.35 -0.39 2.00 249.99 -151.95 -15.53
-0.05 0.11 0.05 -172.43 -17.31 -5.41
0.57 -0.16 2.00 37.65 -250.00 24.65
1.39 0.26 0.11 -100.36 92.62 9.75
0.18 -0.01 -0.14 -97.79 249.99 18.16
-0.37 -0.14 2.00 13.38 58.53 -9.04
-0.02 0.19 0.63 -60.05 74.12 27.08
0.10 -0.11 0.07 -25.85 86.66 11.90
-0.29 -0.24 1.31 182.24 9.31 -70.21
-0.19 0.35 1.36 22.26 -250.00 -7.36
0.40 0.37 -0.14 -16.49 -83.42 63.32
0.74 0.07 0.38 19.51 12.48 -3.16
1.03 0.18 1.26 -9.44 103.87 -43.89
0.41 0.24 0.48 -97.72 85.46 -21.30
0.04 0.00 -0.12 -62.16 190.74 -4.81
-0.30 -0.44 1.60 119.96 71.30 -13.77
-0.05 -0.24 -0.35 -113.69 249.99 4.10
-1.35 -0.39 2.00 249.99 -151.95 -15.53
-0.05 0.11 0.05 -172.43 -17.31 -5.41
0.57 -0.16 2.00 37.65 -250.00 24.65
1.39 0.26 0.11 -100.36 92.62 9.75
0.18 -0.01 -0.14 -97.79 249.99 18.16
0.17 0.47 -0.08 -33.51 -202.75 79.28
0.78 -0.01 0.58 -12.13 -70.14 54.66
1.68 0.19 0.91 16.86 19.77 -67.09
0.73 0.27 0.28 -119.93 160.12 -16.94
-0.07 0.02 -0.19 -98.45 249.99 -4.59
-0.85 -0.48 2.00 149.50 52.47 -16.06
-0.43 -0.00 1.15 -25.51 -142.51 -80.96
0.04 0.10 -0.03 10.41 -139.21 36.94
0.84 -0.16 1.27 98.48 -226.13 15.04
1.10 0.64 0.98 -88.41 104.56 11.41
0.35 0.21 0.40 -106.71 167.69 -4.28
-0.05 -0.24 -0.35 -113.69 249.99 4.10
-1.35 -0.39 2.00 249.99 -151.95 -15.53
-0.05 0.11 0.05 -172.43 -17.31 -5.41
0.57 -0.16 2.00 37.65 -250.00 24.65
1.39 0.26 0.11 -100.36 92.62 9.75
0.18 -0.01 -0.14 -97.79 249.99 18.16
-0.79 -0.72 1.49 244.54 41.42 -24.07
-0.39 0.14 0.65 -7.61 -225.88 13.81
0.24 0.12 -0.21 30.63 -125.31 67.38
1.01 -0.04 2.00 200.81 -160.28 9.45
0.47 0.19 1.79 -76.86 77.48 47.16
0.13 0.12 0.07 -76.67 163.88 29.11
0.06 -0.27 0.22 -82.51 216.67 25.69
-1.30 -0.31 2.00 9.20 107.83 -96.37
-0.24 0.21 0.40 8.47 -179.32 22.19
0.46 0.13 -0.21 39.05 -170.15 73.24
1.48 0.66 1.03 26.15 -46.39 16.37
-0.05 -0.24 -0.35 -113.69 249.99 4.10
-1.35 -0.39 2.00 249.99 -151.95 -15.53
-0.05 0.11 0.05 -172.43 -17.31 -5.41
0.57 -0.16 2.00 37.65 -250.00 24.65
1.39 0.26 0.11 -100.36 92.62 9.75
0.18 -0.01 -0.14 -97.79 249.99 18.16
0.07 -0.04 -0.34 -65.34 238.20 23.53
-0.61 -0.62 2.00 138.39 57.18 -5.17
-1.05 0.36 1.42 -42.47 -195.47 -31.23
0.23 0.07 -0.22 35.58 -216.37 62.77
0.84 0.11 1.29 107.30 -168.18 21.61
0.45 0.33 1.94 -106.99 73.36 59.76
0.31 0.03 -0.10 -55.04 180.44 29.70
-0.02 -0.40 1.06 -31.32 249.97 18.49
-1.73 0.21 2.00 -18.16 -3.49 -126.50
-0.11 0.19 0.04 7.26 -244.16 53.41
0.66 0.11 -0.15 35.25 -229.61 48.00
-0.05 -0.24 -0.35 -113.69 249.99 4.10
-1.35 -0.39 2.00 249.99 -151.95 -15.53
-0.05 0.11 0.05 -172.43 -17.31 -5.41
0.57 -0.16 2.00 37.65 -250.00 24.65
1.39 0.26 0.11 -100.36 92.62 9.75
0.18 -0.01 -0.14 -97.79 249.99 18.16
0.74 0.04 0.03 -74.01 95.15 15.31
0.12 -0.07 -0.37 -51.19 249.99 -2.71
-0.88 -0.49 2.00 249.99 152.08 25.84
-0.74 0.40 0.82 -55.08 -194.69 -26.02
0.27 0.05 -0.13 -19.36 -189.06 44.58
1.11 -0.81 2.00 249.99 -250.00 -55.49
1.10 0.11 0.93 -131.10 78.88 54.95
0.17 0.07 -0.35 -72.10 249.99 -3.44
-0.94 -0.38 2.00 154.56 148.75 -22.41
-0.76 0.22 0.96 -67.39 -152.76 -86.32
-0.05 -0.24 -0.35 -113.69 249.99 4.10
-1.35 -0.39 2.00 249.99 -151.95 -15.53
-0.05 0.11 0.05 -172.43 -17.31 -5.41
0.57 -0.16 2.00 37.65 -250.00 24.65
1.39 0.26 0.11 -100.36 92.62 9.75
0.18 -0.01 -0.14 -97.79 249.99 18.16
0.72 -0.71 2.00 209.43 -250.00 35.58
0.85 0.29 1.13 -160.70 174.51 11.73
0.08 -0.01 -0.39 -13.95 249.99 32.84
-0.38 -0.46 2.00 97.92 126.71 -14.78
-1.02 0.52 1.56 -57.56 -211.56 -73.92
0.03 0.10 -0.20 -17.53 -189.39 30.03
1.02 -0.25 1.86 42.25 -247.31 3.80
1.12 0.48 0.29 -128.16 136.70 40.44
0.20 0.10 -0.26 -78.54 249.99 28.59
-0.23 -0.43 2.00 27.11 249.99 9.64
-1.22 0.30 2.00 -74.14 -108.07 -115.04
-0.05 -0.24 -0.35 -113.69 249.99 4.10
-1.35 -0.39 2.00 249.99 -151.95 -15.53
-0.05 0.11 0.05 -172.43 -17.31 -5.41
0.57 -0.16 2.00 37.65 -250.00 24.65
1.39 0.26 0.11 -100.36 92.62 9.75
0.18 -0.01 -0.14 -97.79 249.99 18.16
0.69 0.03 -0.15 -2.07 -201.36 31.07
1.24 1.16 0.48 -57.29 11.25 10.62
0.54 0.11 0.08 -94.05 199.83 36.42
0.02 -0.25 -0.11 -75.59 249.99 14.07
-1.17 -0.40 2.00 111.37 183.42 -111.82
-0.38 0.32 0.27 -44.34 -208.07 -16.72
0.40 0.04 -0.16 -20.80 -217.80 47.42
1.16 0.43 2.00 249.99 -246.42 -80.47
0.79 0.23 0.43 -135.86 125.13 17.27
0.10 -0.10 -0.26 -70.30 249.99 -12.31
-0.05 -0.24 -0.35 -113.69 249.99 4.10
-1.35 -0.39 2.00 249.99 -151.95 -15.53
-0.05 0.11 0.05 -172.43 -17.31 -5.41
0.57 -0.16 2.00 37.65 -250.00 24.65
1.39 0.26 0.11 -100.36 92.62 9.75
0.18 -0.01 -0.14 -97.79 249.99 18.16
-0.55 -0.88 2.00 218.86 101.96 -2.9
-0.59 0.44 0.61 -106.86 -142.18 -109.28
0.16 0.02 -0.18 -90.40 -136.74 26.41
0.85 -0.68 1.02 249.99 -250.00 -52.93
1.38 0.18 0.25 -214.19 127.29 64.58
0.34 -0.05 -0.05 -114.56 212.78 -25.22
-0.13 -0.80 1.26 249.99 249.99 -104.33
-1.11 0.50 0.31 -197.95 -56.34 -91.85
0.06 -0.13 0.24 -98.29 -89.69 113.27
0.59 -0.64 0.49 249.99 -206.07 -26.02
1.13 0.31 0.19 -202.81 126.15 68.16
0.10 -0.02 -0.29 -103.49 237.56 36.94
-0.05 -0.24 -0.35 -113.69 249.99 4.10
-1.35 -0.39 2.00 249.99 -151.95 -15.53
-0.05 0.11 0.05 -172.43 -17.31 -5.41
0.57 -0.16 2.00 37.65 -250.00 24.65
1.39 0.26 0.11 -100.36 92.62 9.75
0.18 -0.01 -0.14 -97.79 249.99 18.16
-1.11 0.46 1.41 -70.00 -101.47 -134.36
-0.09 0.11 -0.08 -52.83 -166.94 84.69
1.14 -0.85 2.00 249.99 -250.00 -9.83
1.34 0.23 0.53 -148.45 92.03 97.41
0.24 0.07 -0.41 -78.14 249.99 39.21
-0.18 -0.42 2.00 2.62 249.99 15.11
-1.32 0.23 2.00 -70.32 39.12 -171.07
-0.21 0.22 0.08 -56.98 -182.05 34.72
0.97 -0.32 1.80 89.13 -250.00 24.72
1.08 0.93 -0.09 -57.50 3.84 81.96
0.35 0.09 0.18 -95.87 231.27 20.42
-0.05 -0.24 -0.35 -113.69 249.99 4.10
-1.35 -0.39 2.00 249.99 -151.95 -15.53
-0.05 0.11 0.05 -172.43 -17.31 -5.41
0.57 -0.16 2.00 37.65 -250.00 24.65
1.39 0.26 0.11 -100.36 92.62 9.75
0.18 -0.01 -0.14 -97.79 249.99 18.16
-0.55 -0.88 2.00 218.86 101.96 -2.90 
0.57 -0.18 -0.02 -80.67 249.99 17.60
-1.47 -0.10 1.94 2.17 189.71 -104.21
-0.39 0.28 0.35 -50.90 -197.51 13.30
0.36 0.02 -0.19 -30.13 -180.68 56.48
1.16 -0.19 1.67 249.99 -250.00 -40.42
0.51 0.06 0.64 -99.65 98.53 38.29
0.03 -0.07 -0.27 -71.69 249.99 19.51
-0.66 -0.73 1.23 249.99 115.55 9.22
-0.78 0.43 0.63 -63.82 -186.02 -54.04
0.16 0.11 -0.10 -16.64 -198.82 49.93
1.12 -0.64 2.00 249.99 -250.00 -21.51
-0.05 -0.24 -0.35 -113.69 249.99 4.10
-1.35 -0.39 2.00 249.99 -151.95 -15.53
-0.05 0.11 0.05 -172.43 -17.31 -5.41
0.57 -0.16 2.00 37.65 -250.00 24.65
1.39 0.26 0.11 -100.36 92.62 9.75
0.18 -0.01 -0.14 -97.79 249.99 18.16