0.20 -0.17 1.06 -6.72 24.73 -29.17
0.54 -0.23 0.93 -21.71 -17.12 -60.15
0.53 -0.16 0.72 -19.36 40.29 -53.25
0.41 -0.33 0.90 -17.87 90.67 -30.23
0.39 -0.29 0.83 -17.69 56.08 -72.17
0.39 -0.26 0.87 -24.40 60.28 -76.27
0.27 -0.37 0.94 4.66 43.33 -80.41
0.34 -0.03 0.65 -62.25 -51.38 -119.58
0.58 -0.26 0.78 -9.84 43.89 -87.40
0.27 -0.26 0.91 -46.03 9.39 -49.64
0.34 -0.41 0.87 -48.65 26.00 -51.22
0.21 -0.36 0.72 -20.89 -14.79 -5.58
0.20 -0.19 0.83 -9.67 10.49 6.39
0.26 -0.35 0.96 25.44 -9.99 -2.37
0.28 -0.27 0.99 9.28 -7.82 7.32
0.34 -0.19 0.87 13.67 -10.70 -4.60
0.27 -0.22 0.89 5.36 10.15 8.08
0.25 -0.23 0.87 1.37 4.91 9.65
0.26 -0.24 0.97 -2.93 -9.13 3.39
0.29 -0.16 0.85 -17.72 0.77 7.87
0.30 -0.34 0.93 -3.10 3.28 0.11
0.29 -0.24 0.79 12.69 14.67 3.56
0.27 -0.20 0.93 2.78 -4.46 -3.29
0.24 -0.21 0.94 -4.02 2.07 -2.85
0.31 -0.22 0.78 -21.00 -2.03 -4.80
0.29 -0.42 0.98 0.81 13.67 -1.32
0.28 -0.21 0.87 -3.04 11.73 -4.94
0.26 -0.45 0.89 12.34 -27.66 -22.22
0.52 -0.17 0.74 -22.53 -8.65 -41.50
0.49 -0.41 0.83 -4.15 5.20 -64.60
0.40 -0.13 0.67 -45.30 72.59 -35.91
0.14 -0.52 1.01 -13.64 36.77 -5.18
0.23 -0.38 0.77 29.54 26.37 -34.62
0.19 -0.39 0.96 26.68 11.91 -19.75
0.33 -0.21 0.82 30.26 -17.97 -28.65
0.40 -0.24 0.83 -5.58 29.88 -18.18
0.37 -0.31 0.88 -2.29 24.80 -33.91
0.39 -0.34 0.97 -17.15 33.94 -29.85
0.20 -0.19 0.83 -9.67 10.49 6.39
0.26 -0.35 0.96 25.44 -9.99 -2.37
0.28 -0.27 0.99 9.28 -7.82 7.32
0.34 -0.19 0.87 13.67 -10.70 -4.60
0.27 -0.22 0.89 5.36 10.15 8.08
0.25 -0.23 0.87 1.37 4.91 9.65
0.26 -0.24 0.97 -2.93 -9.13 3.39
0.29 -0.16 0.85 -17.72 0.77 7.87
0.30 -0.34 0.93 -3.10 3.28 0.11
0.29 -0.24 0.79 12.69 14.67 3.56
0.27 -0.20 0.93 2.78 -4.46 -3.29
0.24 -0.21 0.94 -4.02 2.07 -2.85
0.31 -0.22 0.78 -21.00 -2.03 -4.80
0.29 -0.42 0.98 0.81 13.67 -1.32
0.28 -0.21 0.87 -3.04 11.73 -4.94
0.26 -0.35 1.02 56.39 45.69 -44.78
0.23 -0.08 1.14 76.35 35.87 -71.98
0.09 0.25 1.14 52.81 33.09 -45.75
0.39 0.13 0.88 27.41 32.97 -52.65
0.23 0.07 0.31 -34.00 70.30 -79.99
-0.06 0.00 1.38 -20.58 60.36 -68.64
0.01 -0.15 1.01 84.34 -72.79 -44.38
0.47 -0.07 0.96 -36.90 -160.13 -20.87
0.42 0.10 0.88 -90.93 -132.87 -16.37
0.83 -0.17 1.13 -40.76 16.02 -96.66
0.03 -0.53 0.68 -34.03 144.90 -8.69
0.20 -0.19 0.83 -9.67 10.49 6.39
0.26 -0.35 0.96 25.44 -9.99 -2.37
0.28 -0.27 0.99 9.28 -7.82 7.32
0.34 -0.19 0.87 13.67 -10.70 -4.60
0.27 -0.22 0.89 5.36 10.15 8.08
0.25 -0.23 0.87 1.37 4.91 9.65
0.26 -0.24 0.97 -2.93 -9.13 3.39
0.29 -0.16 0.85 -17.72 0.77 7.87
0.30 -0.34 0.93 -3.10 3.28 0.11
0.29 -0.24 0.79 12.69 14.67 3.56
0.27 -0.20 0.93 2.78 -4.46 -3.29
0.24 -0.21 0.94 -4.02 2.07 -2.85
0.31 -0.22 0.78 -21.00 -2.03 -4.80
0.29 -0.42 0.98 0.81 13.67 -1.32
0.28 -0.21 0.87 -3.04 11.73 -4.94
-0.24 -0.18 0.81 2.71 58.97 8.07
-0.09 -0.36 1.02 58.49 -52.19 -30.55
0.22 -0.35 0.77 57.46 -78.26 0.47
0.25 -0.10 0.90 5.36 0.68 11.72
0.14 -0.07 1.16 -24.87 17.49 9.01
-0.10 -0.14 0.81 -41.08 14.89 43.30
-0.04 -0.28 0.97 -53.41 -41.02 43.50
0.31 -0.36 1.22 36.09 -90.78 24.40
0.61 -0.24 0.66 7.43 -75.50 12.81
0.53 -0.34 0.91 -6.58 -7.57 43.56
0.27 -0.16 0.99 3.87 -20.03 31.98
0.20 -0.19 0.83 -9.67 10.49 6.39
0.26 -0.35 0.96 25.44 -9.99 -2.37
0.28 -0.27 0.99 9.28 -7.82 7.32
0.34 -0.19 0.87 13.67 -10.70 -4.60
0.27 -0.22 0.89 5.36 10.15 8.08
0.25 -0.23 0.87 1.37 4.91 9.65
0.26 -0.24 0.97 -2.93 -9.13 3.39
0.29 -0.16 0.85 -17.72 0.77 7.87
0.30 -0.34 0.93 -3.10 3.28 0.11
0.29 -0.24 0.79 12.69 14.67 3.56
0.27 -0.20 0.93 2.78 -4.46 -3.29
0.24 -0.21 0.94 -4.02 2.07 -2.85
0.31 -0.22 0.78 -21.00 -2.03 -4.80
0.29 -0.42 0.98 0.81 13.67 -1.32
0.28 -0.21 0.87 -3.04 11.73 -4.94
0.33 -0.28 0.81 0.30 -23.23 49.88
0.45 -0.26 0.88 5.45 -58.73 28.88
0.51 -0.25 0.81 -13.74 -59.20 28.40
0.63 -0.33 0.71 1.94 -19.43 20.91
0.47 -0.23 0.78 -34.30 18.89 8.37
0.50 -0.33 0.91 -13.78 -43.41 -22.49
0.46 -0.35 0.96 4.51 6.45 -0.09
0.26 -0.22 0.68 -1.27 28.59 34.48
0.38 -0.32 0.89 26.49 -3.06 38.92
0.27 -0.23 0.89 -18.35 -30.30 47.51
0.62 -0.44 0.85 54.76 -36.73 7.99
0.38 -0.29 0.62 -22.29 25.87 41.74
0.20 -0.19 0.83 -9.67 10.49 6.39
0.26 -0.35 0.96 25.44 -9.99 -2.37
0.28 -0.27 0.99 9.28 -7.82 7.32
0.34 -0.19 0.87 13.67 -10.70 -4.60
0.27 -0.22 0.89 5.36 10.15 8.08
0.25 -0.23 0.87 1.37 4.91 9.65
0.26 -0.24 0.97 -2.93 -9.13 3.39
0.29 -0.16 0.85 -17.72 0.77 7.87
0.30 -0.34 0.93 -3.10 3.28 0.11
0.29 -0.24 0.79 12.69 14.67 3.56
0.27 -0.20 0.93 2.78 -4.46 -3.29
0.24 -0.21 0.94 -4.02 2.07 -2.85
0.31 -0.22 0.78 -21.00 -2.03 -4.80
0.29 -0.42 0.98 0.81 13.67 -1.32
0.28 -0.21 0.87 -3.04 11.73 -4.94
0.12 -0.17 1.10 -59.51 20.81 70.34
0.59 -0.45 1.09 13.92 -82.26 15.53
0.63 -0.39 0.73 45.20 5.01 -1.88
0.22 -0.12 0.54 9.42 50.79 63.62
0.58 -0.22 0.96 32.01 -28.64 60.44
0.49 -0.38 0.73 46.37 45.85 57.56
0.28 -0.37 0.87 -1.48 58.68 51.85
0.21 -0.24 0.73 14.40 -46.22 28.47
0.42 -0.28 0.93 10.77 -63.73 -6.07
0.47 -0.24 0.77 4.36 -30.00 -0.03
0.45 -0.27 0.94 -10.22 4.37 -3.43
0.25 -0.40 .35 1.16 25.27 -2.86 
0.20 -0.19 0.83 -9.67 10.49 6.39
0.26 -0.35 0.96 25.44 -9.99 -2.37
0.28 -0.27 0.99 9.28 -7.82 7.32
0.34 -0.19 0.87 13.67 -10.70 -4.60
0.27 -0.22 0.89 5.36 10.15 8.08
0.25 -0.23 0.87 1.37 4.91 9.65
0.26 -0.24 0.97 -2.93 -9.13 3.39
0.29 -0.16 0.85 -17.72 0.77 7.87
0.30 -0.34 0.93 -3.10 3.28 0.11
0.29 -0.24 0.79 12.69 14.67 3.56
0.27 -0.20 0.93 2.78 -4.46 -3.29
0.24 -0.21 0.94 -4.02 2.07 -2.85
0.31 -0.22 0.78 -21.00 -2.03 -4.80
0.29 -0.42 0.98 0.81 13.67 -1.32
0.28 -0.21 0.87 -3.04 11.73 -4.94
0.43 -0.26 0.81 -28.15 -2.75 -11.45
0.57 -0.34 0.98 -23.87 -3.15 -21.98
0.53 -0.36 0.88 -9.38 1.61 -36.84
0.39 -0.27 0.79 5.36 30.01 -15.85
0.35 -0.21 0.73 19.68 18.75 20.65
0.51 -0.26 0.89 32.59 9.81 15.29
0.09 -0.13 0.85 -13.01 60.13 64.83
0.45 -0.32 0.99 43.40 -86.77 41.07
0.28 -0.26 0.94 0.20 8.42 86.34
0.40 -0.25 0.73 11.41 -73.78 55.95
0.61 -0.41 0.88 22.29 -19.01 34.32
0.25 -0.40 0.35 1.16 25.27 -2.86
0.20 -0.19 0.83 -9.67 10.49 6.39
0.26 -0.35 0.96 25.44 -9.99 -2.37
0.28 -0.27 0.99 9.28 -7.82 7.32
0.34 -0.19 0.87 13.67 -10.70 -4.60
0.27 -0.22 0.89 5.36 10.15 8.08
0.25 -0.23 0.87 1.37 4.91 9.65
0.26 -0.24 0.97 -2.93 -9.13 3.39
0.29 -0.16 0.85 -17.72 0.77 7.87
0.30 -0.34 0.93 -3.10 3.28 0.11
0.29 -0.24 0.79 12.69 14.67 3.56
0.27 -0.20 0.93 2.78 -4.46 -3.29
0.24 -0.21 0.94 -4.02 2.07 -2.85
0.31 -0.22 0.78 -21.00 -2.03 -4.80
0.29 -0.42 0.98 0.81 13.67 -1.32
0.28 -0.21 0.87 -3.04 11.73 -4.94
0.53 -0.36 0.81 32.55 -5.15 14.01
0.27 -0.19 1.12 -12.09 0.60 26.54
0.62 -0.33 0.77 12.08 -39.20 -13.43
0.42 -0.25 0.80 0.89 32.22 -10.07
0.45 -0.21 0.82 20.39 -10.33 -27.50
0.29 -0.15 0.79 7.26 52.15 30.36
0.29 -0.05 0.83 -14.73 -22.71 7.43
0.52 -0.32 0.85 -3.21 -29.82 12.72
0.47 -0.31 0.81 1.05 0.60 15.85
0.50 -0.33 0.82 32.71 3.81 12.25
0.26 -0.18 0.95 16.94 13.37 27.40
0.41 -0.14 0.78 -12.36 -0.27 1.004
0.20 -0.19 0.83 -9.67 10.49 6.39
0.26 -0.35 0.96 25.44 -9.99 -2.37
0.28 -0.27 0.99 9.28 -7.82 7.32
0.34 -0.19 0.87 13.67 -10.70 -4.60
0.27 -0.22 0.89 5.36 10.15 8.08
0.25 -0.23 0.87 1.37 4.91 9.65
0.26 -0.24 0.97 -2.93 -9.13 3.39
0.29 -0.16 0.85 -17.72 0.77 7.87
0.30 -0.34 0.93 -3.10 3.28 0.11
0.29 -0.24 0.79 12.69 14.67 3.56
0.27 -0.20 0.93 2.78 -4.46 -3.29
0.24 -0.21 0.94 -4.02 2.07 -2.85
0.31 -0.22 0.78 -21.00 -2.03 -4.80
0.29 -0.42 0.98 0.81 13.67 -1.32
0.28 -0.21 0.87 -3.04 11.73 -4.94
0.63 -0.32 0.62 23.25 -18.83 12.14
0.20 -0.18 1.07 -6.37 25.62 57.16
0.46 -0.27 0.85 4.68 -59.55 0.35
0.57 -0.33 0.80 35.76 -0.57 12.12
0.27 -0.22 0.95 21.78 26.56 46.70
0.47 -0.24 0.80 43.09 -41.12 29.29
0.50 -0.15 0.95 32.18 -30.97 39.18
0.49 -0.09 0.65 6.31 -6.40 35.77
0.56 -0.24 0.89 9.80 -53.77 41.92
0.49 -0.28 0.80 5.68 12.63 33.26
0.62 -0.25 0.85 1.56 -25.57 20.42
0.47 -0.22 0.72 11.50 42.76 23.77
0.46 -0.23 0.72 -20.89 -14.79 -5.58
0.20 -0.19 0.83 -9.67 10.49 6.39
0.26 -0.35 0.96 25.44 -9.99 -2.37
0.28 -0.27 0.99 9.28 -7.82 7.32
0.34 -0.19 0.87 13.67 -10.70 -4.60
0.27 -0.22 0.89 5.36 10.15 8.08
0.25 -0.23 0.87 1.37 4.91 9.65
0.26 -0.24 0.97 -2.93 -9.13 3.39
0.29 -0.16 0.85 -17.72 0.77 7.87
0.30 -0.34 0.93 -3.10 3.28 0.11
0.29 -0.24 0.79 12.69 14.67 3.56
0.27 -0.20 0.93 2.78 -4.46 -3.29
0.24 -0.21 0.94 -4.02 2.07 -2.85
0.31 -0.22 0.78 -21.00 -2.03 -4.80
0.29 -0.42 0.98 0.81 13.67 -1.32
0.28 -0.21 0.87 -3.04 11.73 -4.94
0.47 -0.30 0.87 9.56 15.66 6.61
0.41 -0.28 1.05 15.41 3.30 1.62
0.52 -0.27 0.81 13.57 18.92 -7.68
0.36 -0.13 0.83 11.99 31.62 -2.29
0.50 -0.16 0.95 1.76 -21.90 2.98
0.41 -0.20 0.92 1.98 8.13 13.64
0.47 -0.23 0.88 2.98 -13.13 9.03
0.45 -0.18 0.76 4.96 -3.65 17.14
0.55 -0.17 0.87 -3.24 -37.72 8.22
0.54 -0.24 0.78 9.34 10.50 12.03
0.50 -0.18 0.91 8.83 -7.24 9.84
0.40 -0.21 0.83 0.60 3.94 11.15
0.46 -0.23 0.92 -20.89 -14.79 -5.58
0.20 -0.19 0.83 -9.67 10.49 6.39
0.26 -0.35 0.96 25.44 -9.99 -2.37
0.28 -0.27 0.99 9.28 -7.82 7.32
0.34 -0.19 0.87 13.67 -10.70 -4.60
0.27 -0.22 0.89 5.36 10.15 8.08
0.25 -0.23 0.87 1.37 4.91 9.65
0.26 -0.24 0.97 -2.93 -9.13 3.39
0.29 -0.16 0.85 -17.72 0.77 7.87
0.30 -0.34 0.93 -3.10 3.28 0.11