-0.76 -0.17 2.00 65.61 -147.00 -67.90
0.30 0.49 0.19 20.58 -250.00 -17.35
1.11 -0.15 0.25 -3.02 -94.43 23.42
1.09 -0.16 0.83 164.29 92.91 -136.14
0.82 0.39 0.88 -16.82 105.64 -21.77
-0.05 0.62 0.81 -144.71 53.31 0.47
0.22 -0.32 0.66 -115.87 145.65 -40.76
-0.14 -0.48 1.29 87.41 -69.85 -86.62
0.22 0.20 0.85 71.08 -245.12 -106.13
0.81 0.34 0.79 -40.11 -86.89 -24.73
0.87 0.13 0.83 0.01 -70.70 -26.21
-0.05 0.11 0.05 -172.43 -17.31 -5.41
0.57 -0.16 2.00 37.65 -250.00 24.65
1.39 0.26 0.11 -100.36 92.62 9.75
0.18 -0.01 -0.14 -97.79 249.99 18.16
-0.55 -0.88 2.00 218.86 101.96 44.14
0.66 0.18 0.66 26.74 76.80 48.99
0.63 0.15 0.89 62.07 39.70 51.03
0.34 0.25 0.99 1.70 13.30 18.71
0.46 0.17 0.83 9.91 -52.76 11.11
0.65 0.14 0.71 13.98 -30.84 7.25
0.59 0.27 0.75 10.49 -12.92 12.09
0.58 0.23 0.82 7.80 -11.94 -3.56
0.66 0.23 0.81 4.91 -13.92 -6.89
0.67 0.28 0.72 -6.25 -5.97 -6.19
0.58 0.28 0.80 -8.65 -1.63 0.79
0.62 0.25 0.74 -9.77 -3.67 -1.09
0.61 0.24 0.77 1.40 -0.24 -1.76
-0.05 0.11 0.05 -172.43 -17.31 -5.41
0.57 -0.16 2.00 37.65 -250.00 24.65
1.39 0.26 0.11 -100.36 92.62 9.75
0.18 -0.01 -0.14 -97.79 249.99 18.16
0.61 0.28 0.80 0.60 -3.81 -3.65
0.63 0.25 0.76 -2.68 -3.83 -3.34
0.62 0.28 0.76 0.92 -7.13 -0.33
0.63 0.27 0.74 -2.44 -1.40 3.07
0.62 0.27 0.76 2.07 -3.65 2.45
0.64 0.27 0.76 1.66 -5.54 1.85
0.65 0.28 0.75 0.27 -0.86 3.46
0.67 0.30 0.75 -4.01 2.89 3.81
0.74 0.26 0.69 -14.95 8.86 -7.14
0.72 0.31 0.68 -34.36 29.88 -29.00
0.57 0.32 0.76 -26.66 24.37 -14.85
0.47 0.22 0.80 -9.45 22.16 17.39
0.58 0.23 0.80 3.47 0.75 0.63
-0.05 0.11 0.05 -172.43 -17.31 -5.41
0.57 -0.16 2.00 37.65 -250.00 24.65
1.39 0.26 0.11 -100.36 92.62 9.75
0.18 -0.01 -0.14 -97.79 249.99 18.16
0.58 0.27 0.77 11.94 17.82 19.18
0.53 0.24 0.84 2.88 17.79 19.65
0.57 0.21 0.81 4.37 16.15 16.69
0.54 0.21 0.84 -3.70 17.83 13.21
0.56 0.22 0.78 -13.73 25.83 3.30
0.48 0.15 0.93 -3.36 22.87 9.28
0.46 0.16 0.85 -2.91 8.09 6.68
0.52 0.19 0.89 4.16 1.98 0.96
0.46 0.21 0.86 -0.55 -5.33 1.13
0.45 0.18 0.86 3.70 -9.72 13.62
0.47 0.19 0.86 10.94 -15.14 18.71
0.56 0.24 0.79 4.73 1.12 14.77
-0.05 0.11 0.05 -172.43 -17.31 -5.41
0.57 -0.16 2.00 37.65 -250.00 24.65
1.39 0.26 0.11 -100.36 92.62 9.75
0.18 -0.01 -0.14 -97.79 249.99 18.16
0.65 0.22 0.72 -36.57 41.62 -37.79
0.40 0.05 0.98 -19.66 13.54 -21.42
0.52 0.22 0.80 -14.11 -14.70 -33.93
0.50 0.12 0.85 -8.57 4.13 -27.20
0.46 0.18 0.89 -7.29 1.85 -20.97
0.47 0.18 0.90 -6.09 -1.38 -16.22
0.46 0.17 0.86 -6.78 -2.79 -8.83
0.42 0.15 0.87 -1.09 -5.43 5.56
0.50 0.16 0.86 4.85 -13.79 -3.34
0.50 0.16 0.86 6.63 -5.44 -8.46
0.51 0.22 0.86 -2.01 -4.46 -7.14
0.51 0.19 0.85 -8.20 1.66 -3.30
-0.05 0.11 0.05 -172.43 -17.31 -5.41
0.57 -0.16 2.00 37.65 -250.00 24.65
1.39 0.26 0.11 -100.36 92.62 9.75
0.48 0.18 0.85 1.30 1.34 -0.82
0.49 0.18 0.86 0.79 0.04 -1.15
0.51 0.18 0.86 -1.55 1.00 -0.15
0.54 0.19 0.83 -3.68 3.13 -1.22
0.51 0.18 0.86 -5.13 3.66 3.28
0.58 0.16 0.82 -12.67 11.26 -8.43
0.56 0.22 0.80 -27.86 17.97 -28.30
0.46 0.21 0.84 -22.73 19.21 -10.80
0.41 0.17 0.87 -13.79 15.98 6.03
0.42 0.15 0.87 0.27 14.63 18.02
0.38 0.10 0.94 11.50 14.76 22.61
0.43 0.18 0.88 5.84 -4.27 15.94
-0.05 0.11 0.05 -172.43 -17.31 -5.41
0.57 -0.16 2.00 37.65 -250.00 24.65
1.39 0.26 0.11 -100.36 92.62 9.75
0.40 0.10 0.89 5.55 16.48 10.44
0.41 0.12 0.90 7.32 4.81 11.80
0.43 0.15 0.90 5.47 1.27 10.77
0.43 0.17 0.90 1.98 7.02 11.38
0.43 0.15 0.89 -0.21 8.77 8.11
0.43 0.15 0.89 -0.12 15.03 6.03
0.39 0.13 0.92 0.59 10.85 6.96
0.39 0.14 0.90 4.18 5.13 6.32
0.40 0.15 0.90 3.20 1.57 5.77
0.40 0.15 0.90 2.78 4.37 5.52
0.40 0.15 0.90 2.82 1.18 4.88
0.41 0.14 0.89 -0.99 1.93 5.55
0.39 0.15 0.91 -0.39 3 -5.61
-0.05 0.11 0.05 -172.43 -17.31 -5.41
0.57 -0.16 2.00 37.65 -250.00 24.65
1.39 0.26 0.11 -100.36 92.62 9.75
0.18 -0.01 -0.14 -97.79 249.99 18.16
0.40 0.14 0.90 -0.98 1.98 3.46
0.41 0.14 0.90 0.95 0.18 1.86
0.41 0.15 0.89 0.85 1.00 1.64
0.41 0.14 0.88 -1.36 3.68 1.53
0.50 0.19 0.85 -7.57 14.07 -9.82
0.40 0.14 0.84 -14.03 32.55 -10.30
0.28 0.20 1.05 -4.04 18.14 12.66
0.24 0.29 0.95 -22.09 8.10 53.76
0.37 0.22 0.89 -26.77 0.70 52.60
0.48 0.13 0.83 -17.29 27.86 30.71
0.43 0.23 1.08 -25.51 35.52 6.61
0.31 0.29 1.00 -40.45 58.03 4.95
0.21 0.12 0.82 -33.79 3 -5.61
-0.05 0.11 0.05 -172.43 -17.31 -5.41
0.57 -0.16 2.00 37.65 -250.00 24.65
1.39 0.26 0.11 -100.36 92.62 9.75
0.18 -0.01 -0.14 -97.79 249.99 18.16
-0.55 -0.88 2.00 218.86 101.96 -12.42
-0.01 -0.02 0.79 -19.82 89.56 -53.71
-0.35 -0.22 1.33 28.26 14.60 -65.28
0.21 -0.04 1.19 60.20 -180.25 -15.33
0.67 0.15 1.06 -3.20 -92.84 6.41
0.47 0.17 0.96 -10.89 -0.40 43.46
0.37 0.34 0.47 9.22 2.46 54.06
0.62 0.41 0.33 13.02 40.35 66.55
0.52 0.19 1.14 7.91 164.09 19.17
0.04 -0.03 1.72 -11.68 -10.50 -40.65
0.53 0.33 0.57 -74.70 -9.73 4.14
0.35 -0.14 0.55 -24.04 27.24 -75.17
-0.05 0.11 0.05 -172.43 -17.31 -5.41
0.57 -0.16 2.00 37.65 -250.00 24.65
1.39 0.26 0.11 -100.36 92.62 9.75
0.18 -0.01 -0.14 -97.79 249.99 18.16
-0.19 0.33 2.00 -9.05 -120.19 -47.77
0.43 0.57 0.30 -46.13 -50.64 -6.76
0.32 0.10 -0.05 -20.93 -0.60 -14.42
0.77 -0.29 1.84 71.22 -107.45 -62.67
0.67 0.21 1.75 -34.02 87.41 -13.72
0.57 0.14 0.49 -94.55 72.63 -23.68
0.22 0.07 -0.12 -35.29 149.25 -67.05
-0.23 -0.37 2.00 113.40 37.43 -95.31
-0.17 0.25 2.00 -12.16 -108.34 -50.14
0.31 0.41 0.34 -51.90 -81.02 12.83
0.63 -0.03 0.08 -25.77 -122.09 -4.81
-0.05 0.11 0.05 -172.43 -17.31 -5.41
0.57 -0.16 2.00 37.65 -250.00 24.65
1.39 0.26 0.11 -100.36 92.62 9.75
0.18 -0.01 -0.14 -97.79 249.99 18.16
0.53 0.10 1.14 -103.84 89.73 65.61
0.07 0.24 0.39 -53.65 207.81 22.53
-0.05 -0.09 0.28 -5.50 241.28 -22.15
-0.93 -0.03 1.61 27.57 -59.88 -84.69
0.09 0.35 0.37 -25.67 -250.00 18.52
0.31 0.18 -0.08 -17.37 -71.11 66.22
0.87 -0.39 2.00 96.15 -153.26 -12.28
0.86 0.28 1.91 -63.43 102.28 18.75
0.49 0.22 0.52 -92.87 159.94 47.26
0.12 -0.07 -0.23 -39.20 236.02 6.49
-0.46 -0.53 2.00 98.72 89.56 -33.21
-0.05 0.11 0.05 -172.43 -17.31 -5.41
0.57 -0.16 2.00 37.65 -250.00 24.65
1.39 0.26 0.11 -100.36 92.62 9.75
0.18 -0.01 -0.14 -97.79 249.99 18.16
0.13 0.30 0.10 -16.06 -245.08 54.28
0.45 0.11 -0.26 -9.98 -110.05 43.63
1.18 -0.05 1.94 194.99 -112.88 -30.51
0.61 0.04 1.07 -60.33 52.32 67.35
0.23 0.13 0.19 -41.15 183.06 11.25
-0.03 -0.15 -0.05 -37.00 249.99 -7.19
-1.12 -0.03 1.72 12.62 91.00 -72.45
-0.36 0.31 0.72 -23.66 -217.00 14.43
0.22 0.15 -0.16 2.28 -96.44 68.53
0.79 -0.21 2.00 123.41 -191.15 17.54
0.65 0.20 1.76 -51.50 102.57 56.37
-0.05 0.11 0.05 -172.43 -17.31 -5.41
0.57 -0.16 2.00 37.65 -250.00 24.65
1.39 0.26 0.11 -100.36 92.62 9.75
0.18 -0.01 -0.14 -97.79 249.99 18.16
-0.06 -0.13 0.06 -25.67 244.61 19.10
-0.92 -0.33 1.58 54.28 152.29 -69.67
-0.47 0.33 1.10 -1.74 -250.00 10.11
0.29 0.28 -0.33 0.72 -189.47 77.10
1.09 -0.24 2.00 104.83 -127.81 14.79
0.61 0.19 1.90 -64.77 163.19 39.67
0.22 0.26 0.39 -64.33 186.09 -2.21
-0.10 -0.12 -0.05 -54.10 249.99 11.34
-1.02 -0.20 1.50 -15.63 80.80 -59.97
-0.40 0.22 0.44 -20.24 -201.52 62.96
0.35 0.05 -0.19 17.46 -155.82 68.41
-0.05 0.11 0.05 -172.43 -17.31 -5.41
0.57 -0.16 2.00 37.65 -250.00 24.65
1.39 0.26 0.11 -100.36 92.62 9.75
0.18 -0.01 -0.14 -97.79 249.99 18.16
0.49 0.12 1.29 -63.55 72.54 48.98
0.16 0.14 -0.02 -45.66 208.99 14.94
-0.08 -0.28 0.57 -39.33 249.99 35.66
-1.14 0.12 2.00 -54.28 8.34 -71.80
-0.08 0.29 0.31 -8.22 -250.00 26.46
0.47 0.14 -0.34 2.88 -131.61 52.45
1.22 0.14 1.56 175.95 -98.94 -11.68
0.59 -0.00 1.03 -69.52 22.06 41.33
0.28 0.10 -0.06 -44.53 205.06 7.39
-0.07 -0.37 1.74 35.22 189.73 8.16
-1.08 0.14 2.00 -20.28 -18.36 -84.63
-0.05 0.11 0.05 -172.43 -17.31 -5.41
0.57 -0.16 2.00 37.65 -250.00 24.65
1.39 0.26 0.11 -100.36 92.62 9.75
0.18 -0.01 -0.14 -97.79 249.99 18.16
0.42 0.07 -0.28 10.17 -80.08 46.52
1.03 0.35 2.00 90.12 -235.64 13.44
0.60 -0.02 1.07 -64.57 65.25 23.95
0.13 0.05 -0.26 -22.59 218.47 0.58
-0.07 -0.32 1.61 11.02 219.53 13.50
-1.28 0.34 2.00 -44.49 -76.21 -58.51
0.08 0.22 0.07 -19.82 -204.66 58.36
0.59 0.02 -0.24 -3.65 -123.23 47.21
1.31 0.55 0.57 147.68 -41.33 -27.25
0.77 0.02 0.55 -62.66 56.24 25.86
0.15 0.14 -0.22 -20.16 249.99 -9.22
-0.05 0.11 0.05 -172.43 -17.31 -5.41
0.57 -0.16 2.00 37.65 -250.00 24.65
1.39 0.26 0.11 -100.36 92.62 9.75
0.18 -0.01 -0.14 -97.79 249.99 18.16
-0.76 0.22 2.00 -22.76 -217.38 -36.19
0.22 0.28 -0.13 -13.03 -229.90 29.59
0.81 0.09 -0.29 -14.86 -86.74 29.15
1.32 0.40 1.05 -22.28 141.83 10.34
0.54 0.11 0.10 -76.10 195.21 -14.13
-0.15 0.00 -0.24 -46.41 249.99 6.31
-1.00 -0.50 2.00 201.77 -50.22 -11.20
-0.42 0.33 1.44 -9.09 -250.00 -32.61
0.26 0.17 -0.40 13.80 -177.09 28.85
0.80 0.02 0.57 27.92 -47.42 12.60
1.03 0.26 1.43 -75.58 92.68 3.41
-0.05 0.11 0.05 -172.43 -17.31 -5.41
0.57 -0.16 2.00 37.65 -250.00 24.65
1.39 0.26 0.11 -100.36 92.62 9.75
0.18 -0.01 -0.14 -97.79 249.99 18.16
-0.13 -0.08 -0.07 -21.49 249.99 -0.39
-1.25 0.08 2.00 -48.13 87.49 -98.93
-0.27 0.33 0.68 -36.51 -250.00 17.06
0.28 0.10 -0.25 -15.08 -138.29 63.87
1.07 -0.62 2.00 213.42 -250.00 -24.57
0.76 0.08 1.52 -83.41 121.93 20.68
0.10 0.15 -0.07 -52.43 249.99 -8.45
-0.28 -0.23 1.49 -5.86 249.99 27.50
-0.88 0.15 2.00 -33.16 -105.64 -82.27
0.08 0.35 -0.06 -3.35 -250.00 1.50
0.61 0.19 -0.50 -12.09 -101.73 58.12
-0.05 0.11 0.05 -172.43 -17.31 -5.41
0.57 -0.16 2.00 37.65 -250.00 24.65
1.39 0.26 0.11 -100.36 92.62 9.75
0.18 -0.01 -0.14 -97.79 249.99 18.16
0.68 0.16 0.43 -83.04 170.29 -8.85
-0.10 0.11 -0.24 -50.25 249.99 2.20
-0.75 -0.54 2.00 161.80 48.50 27.45
-0.69 0.27 2.00 -23.54 -250.00 -76.15
0.14 0.29 -0.30 -5.92 -230.19 32.03
0.72 0.08 -0.42 -14.20 -44.91 45.53
1.46 0.50 0.20 -19.75 70.53 22.87
0.67 0.15 0.35 -73.92 135.67 0.33
-0.00 0.07 -0.23 -48.25 249.99 10.15
-0.60 -0.74 1.64 176.17 100.70 0.96
-0.56 0.11 1.33 -7.91 -250.00 -17.45
0.20 0.23 0.55 -10.38 -34.33 13.81
-0.05 0.11 0.05 -172.43 -17.31 -5.41
0.57 -0.16 2.00 37.65 -250.00 24.65
1.39 0.26 0.11 -100.36 92.62 9.75
0.18 -0.01 -0.14 -97.79 249.99 18.16
1.04 -0.23 1.88 110.08 -168.76 -2.89
0.96 0.21 1.59 -77.94 123.79 58.42
0.27 0.27 0.12 -51.44 229.03 -3.36
-0.15 -0.15 0.07 -40.95 249.99 30.21
-1.32 -0.09 2.00 -39.09 107.90 -83.69
-0.23 0.27 0.39 -20.05 -250.00 20.25
0.33 0.12 -0.22 4.75 -166.69 59.15
1.33 -0.17 1.99 232.25 -250.00 -57.09
0.91 0.01 0.95 -77.88 59.94 61.05
0.29 0.09 -0.17 -58.43 249.99 7.51
-0.17 -0.29 0.96 -23.66 249.99 12.37
0.20 0.23 0.55 -10.38 -34.33 13.81
-0.05 0.11 0.05 -172.43 -17.31 -5.41
0.57 -0.16 2.00 37.65 -250.00 24.65
1.39 0.26 0.11 -100.36 92.62 9.75
0.18 -0.01 -0.14 -97.79 249.99 18.16
-0.01 0.26 0.17 17.07 -250.00 31.82
0.62 0.07 -0.29 5.66 -179.09 25.95
1.39 0.80 1.20 110.31 -44.54 -15.71
0.70 0.17 0.49 -87.30 120.88 3.64
-0.02 0.11 -0.26 -56.53 249.99 -4.81
-0.27 -0.44 2.00 25.29 146.46 -3.64
-0.91 0.25 2.00 -63.43 -170.12 -85.43
0.08 0.18 -0.08 0.25 -237.30 27.65
0.60 0.10 -0.41 2.85 -124.79 27.88
1.29 0.72 1.01 90.76 -90.93 -28.24
-0.05 0.11 0.05 -172.43 -17.31 -5.41
0.57 -0.16 2.00 37.65 -250.00 24.65
1.39 0.26 0.11 -100.36 92.62 9.75
0.18 -0.01 -0.14 -97.79 249.99 18.16
0.23 0.05 -0.23 -62.81 236.61 -11.68
-0.53 -0.70 1.82 195.81 199.41 -11.07
-0.64 0.30 1.71 -16.85 -250.00 -73.31
0.17 0.25 -0.50 -11.51 -178.75 15.57
1.08 -0.12 1.49 -21.95 -34.31 21.69
1.14 0.46 0.96 -78.48 101.21 -6.07
0.49 -0.02 0.49 -71.97 121.64 -21.13
0.20 -0.53 1.68 24.50 230.04 -88.92
-0.88 0.46 1.70 -64.45 -3.94 -110.70
-0.09 0.18 -0.02 -83.22 -132.40 11.92
0.99 -0.60 1.64 246.69 -250.00 -54.69
-0.05 0.11 0.05 -172.43 -17.31 -5.41
0.57 -0.16 2.00 37.65 -250.00 24.65
1.39 0.26 0.11 -100.36 92.62 9.75
0.18 -0.01 -0.14 -97.79 249.99 18.16
-0.22 0.22 0.03 59.01 249.99 -57.97
-1.07 0.88 1.75 -5.37 -161.19 6.43
0.59 0.19 0.01 -80.86 -101.59 10.74
0.09 -0.04 -0.06 -87.23 75.09 18.91
0.34 -0.18 1.06 -31.54 -39.38 47.68
0.62 1.56 1.43 89.47 -235.44 51.40
0.44 0.34 0.46 -88.01 146.28 72.61
-0.04 0.00 -0.18 -81.53 249.99 42.61
-0.61 -0.63 2.00 159.69 8.03 14.61
-0.76 0.24 1.87 -27.41 -216.93 -41.43
0.20 0.20 -0.06 12.57 -199.72 47.45
-0.05 0.11 0.05 -172.43 -17.31 -5.41
0.57 -0.16 2.00 37.65 -250.00 24.65
1.39 0.26 0.11 -100.36 92.62 9.75
0.18 -0.01 -0.14 -97.79 249.99 18.16
-0.55 -0.88 2.00 218.86 101.96 -2.904
0.94 0.01 0.24 44.30 -158.31 5.02
1.10 0.93 0.82 -0.14 86.43 48.33
0.47 0.20 0.32 -98.79 159.39 48.37
-0.05 0.06 -0.24 -74.44 249.99 43.00
-0.66 -0.70 2.00 173.55 54.92 34.61
-0.82 0.27 1.67 -29.10 -250.00 -28.67
0.17 0.28 -0.21 -14.03 -250.00 38.81
1.15 -0.10 1.17 50.61 -128.71 6.14
0.95 0.40 1.16 -21.13 119.29 48.42
0.43 0.21 0.16 -80.20 198.72 12.18
-0.10 0.04 -0.05 -43.41 249.99 21.51
-0.67 -0.51 0.97 107.22 155.82 -53.73
-0.05 0.11 0.05 -172.43 -17.31 -5.41
0.57 -0.16 2.00 37.65 -250.00 24.65
1.39 0.26 0.11 -100.36 92.62 9.75
0.18 -0.01 -0.14 -97.79 249.99 18.16
0.26 0.31 -0.40 -14.83 -126.50 36.25
0.94 -0.12 2.00 67.83 -86.09 4.47
0.86 0.33 1.73 -39.24 93.99 51.57
0.57 0.26 0.54 -122.25 126.35 12.02
0.10 -0.01 0.02 -60.04 249.99 -4.80
-0.28 -0.68 0.87 135.80 200.06 -42.63
-0.53 0.13 1.28 -1.59 -201.03 -40.25
0.08 0.24 -0.12 10.16 -159.40 89.13
1.03 -0.18 1.63 85.99 -207.73 -17.04
0.88 0.64 1.51 -48.79 144.56 48.52
0.43 0.20 0.36 -113.64 134.82 -53.73
-0.05 0.11 0.05 -172.43 -17.31 -5.41
0.57 -0.16 2.00 37.65 -250.00 24.65
1.39 0.26 0.11 -100.36 92.62 9.75
0.18 -0.01 -0.14 -97.79 249.99 18.16
-0.55 -0.88 2.00 218.86 101.96 27.80
0.05 -0.04 -0.22 -73.87 249.99 23.87
-0.33 -0.79 1.05 228.62 103.68 13.66
-0.73 0.36 1.59 -16.62 -250.00 -61.49
0.14 0.32 -0.15 -5.77 -187.80 51.45
0.61 0.02 0.01 -17.17 -54.06 28.14
1.06 0.76 0.57 42.11 -64.26 -21.16
0.75 0.07 0.77 -101.16 29.69 52.41
0.27 0.03 0.08 -79.64 163.64 5.46
0.00 -0.43 1.78 40.80 160.19 -4.29
-1.20 -0.04 2.00 16.22 82.63 -140.05
-0.19 0.51 0.38 -12.66 -250.00 -15.26
-0.05 0.11 0.05 -172.43 -17.31 -5.41
0.57 -0.16 2.00 37.65 -250.00 24.65
1.39 0.26 0.11 -100.36 92.62 9.75
0.18 -0.01 -0.14 -97.79 249.99 18.16
1.16 -0.45 0.93 249.99 -147.95 -55.60
0.72 0.17 1.46 -83.12 69.97 50.29
0.30 0.19 0.51 -101.03 109.37 -0.75
0.18 -0.21 0.50 -52.60 180.50 -12.09
-0.37 -0.51 1.11 125.13 188.50 -61.78
-0.20 0.49 1.14 -37.61 -218.46 -58.75
0.10 0.27 -0.07 -52.56 -61.39 74.57
0.91 -0.31 1.94 39.76 -199.88 15.05
0.96 0.77 0.81 19.69 113.82 16.22
0.69 0.05 0.93 -98.14 81.95 67.58
0.15 0.09 0.14 -68.41 176.12 3.87
-0.05 0.11 0.05 -172.43 -17.31 -5.41
0.57 -0.16 2.00 37.65 -250.00 24.65
1.39 0.26 0.11 -100.36 92.62 9.75
0.18 -0.01 -0.14 -97.79 249.99 18.16
-0.17 0.11 1.90 -10.15 -167.62 -101.09
0.18 0.38 0.24 -40.90 -121.19 9.45
0.60 0.05 0.44 -22.25 -112.75 68.55
1.28 0.08 0.54 187.26 54.73 -31.95
0.69 0.06 1.15 -73.71 98.31 42.05
0.04 0.27 0.31 -51.90 184.48 -16.81
0.07 -0.09 0.54 -12.47 206.70 -22.12
-0.75 0.11 2.00 15.91 40.06 -88.76
-0.13 0.51 0.42 -32.85 -209.45 -7.07
0.25 0.15 -0.22 -18.24 -59.21 60.07
0.77 -0.25 2.00 144.38 -117.71 3.28
-0.05 0.11 0.05 -172.43 -17.31 -5.41
0.57 -0.16 2.00 37.65 -250.00 24.65
1.39 0.26 0.11 -100.36 92.62 9.75
0.18 -0.01 -0.14 -97.79 249.99 18.16
0.20 0.15 0.54 -85.24 150.40 49.36
0.08 -0.11 -0.05 -60.71 245.01 17.87
-0.51 -0.62 1.32 249.99 11.07 -38.42
-0.51 0.45 0.87 -43.05 -230.98 -78.48
0.09 0.19 -0.14 -18.73 -134.69 53.19
0.99 -0.49 2.00 154.41 -250.00 -18.59
0.46 0.20 1.58 -30.93 69.92 111.42
0.37 0.19 0.09 -47.79 173.23 -1.65
0.02 -0.09 0.93 22.57 248.84 -3.32
-0.59 0.24 2.00 -38.55 77.57 -117.00
-0.17 0.43 0.04 -75.917.71 3.28
-0.05 0.11 0.05 -172.43 -17.31 -5.41
0.57 -0.16 2.00 37.65 -250.00 24.65
1.39 0.26 0.11 -100.36 92.62 9.75
0.18 -0.01 -0.14 -97.79 249.99 18.16
0.23 0.05 -0.04 -57.53 -58.96 47.93
0.85 -0.63 0.91 249.99 -147.67 -26.10
0.74 0.20 1.16 -126.92 42.07 140.69
0.21 0.04 -0.18 -68.94 205.95 10.55
-0.19 -0.66 1.96 216.76 149.75 -46.01
-0.64 0.35 1.60 -65.86 -183.94 -147.03
-0.09 0.20 0.01 -78.93 -95.94 38.63
0.89 -0.83 2.00 218.72 -235.51 8.14
1.21 0.82 -0.06 -48.42 -41.38 89.54
0.52 0.12 0.27 -79.64 151.86 17.85
-0.00 -0.14 0.60 -13.84 249.99 -7.26
-0.05 0.11 0.05 -172.43 -17.31 -5.41
0.57 -0.16 2.00 37.65 -250.00 24.65
1.39 0.26 0.11 -100.36 92.62 9.75
0.18 -0.01 -0.14 -97.79 249.99 18.16
-0.29 0.44 0.32 -39.84 -173.02 -21.65
0.32 0.08 -0.16 -16.51 -111.85 63.66
1.05 0.04 1.28 249.99 -250.00 -0.91
0.73 0.03 0.92 -102.68 47.39 71.77
0.13 0.04 -0.19 -72.97 246.12 22.28
-0.20 -0.61 1.49 160.89 135.99 -2.78
-0.51 0.22 1.42 -62.29 -137.77 -128.33
-0.10 0.19 -0.05 -63.66 -173.16 12.61
1.02 -0.68 1.08 197.32 -250.00 -14.31
1.18 0.30 0.73 -38.65 80.06 69.92
-0.05 0.11 0.05 -172.43 -17.31 -5.41
0.57 -0.16 2.00 37.65 -250.00 24.65
1.39 0.26 0.11 -100.36 92.62 9.75
0.18 -0.01 -0.14 -97.79 249.99 18.16
0.06 -0.08 0.36 -82.95 249.99 2.99
-0.29 -0.63 1.02 207.38 226.19 -35.19
-0.39 0.20 1.75 -55.85 -184.86 -119.58
0.09 0.44 0.34 -43.51 -148.53 9.27
0.46 0.05 0.06 -22.69 -143.10 48.79
1.31 0.03 0.41 203.35 -110.36 -30.52
0.39 0.01 1.35 -110.08 111.42 151.76
0.08 0.07 0.09 -34.65 185.69 37.38
0.03 -0.24 1.12 38.35 147.37 -17.35
-0.60 0.00 2.00 0.97 102.65 -104.09
-0.29 0.54 0.35 -53.73 -187.12 -27.51
-0.05 0.11 0.05 -172.43 -17.31 -5.41
0.57 -0.16 2.00 37.65 -250.00 24.65
1.39 0.26 0.11 -100.36 92.62 9.75
0.18 -0.01 -0.14 -97.79 249.99 18.16
1.06 -0.60 1.56 245.74 -168.65 -33.46
0.63 0.05 1.49 -85.78 57.66 109.15
0.40 0.08 0.24 -59.82 113.18 12.13
0.18 -0.16 0.94 -6.07 196.62 -29.67
-0.62 -0.54 1.60 94.30 212.33 -82.26
-0.29 0.18 1.00 -32.17 -156.07 -85.50
0.13 0.30 0.07 11.16 -199.46 83.50
1.05 -0.19 1.55 78.59 -150.48 10.97
0.98 0.44 1.29 -23.90 103.32 -3.47
0.47 0.14 0.65 -103.89 114.72 32.87
0.14 0.02 -0.08 -56.86 163.60 -6.22
-0.05 0.11 0.05 -172.43 -17.31 -5.41
0.57 -0.16 2.00 37.65 -250.00 24.65
1.39 0.26 0.11 -100.36 92.62 9.75
0.18 -0.01 -0.14 -97.79 249.99 18.16
-0.71 0.05 2.00 25.86 -66.67 -45.21
-0.07 0.47 0.38 -40.25 -194.69 45.53
0.37 0.10 -0.18 -8.78 -99.21 62.11
0.90 -0.33 1.81 166.11 -71.01 -40.07
0.49 0.29 1.95 -18.10 154.85 -0.56
0.12 0.41 0.68 -114.50 68.57 37.16
0.10 0.01 -0.06 -48.82 146.97 35.06
0.08 -0.40 1.19 5.80 69.33 -8.48
-1.07 0.34 2.00 32.10 -28.15 -78.03
0.11 0.57 0.82 -35.87 -250.00 22.66
0.48 0.32 -0.04 -42.81 -68.39 4122
-0.05 0.11 0.05 -172.43 -17.31 -5.41
0.57 -0.16 2.00 37.65 -250.00 24.65
1.39 0.26 0.11 -100.36 92.62 9.75
0.18 -0.01 -0.14 -97.79 249.99 18.16
-0.55 -0.88 2.00 218.86 101.96 -2.945
0.98 -0.22 1.05 54.25 10.33 -31.22
0.95 0.41 0.97 23.07 143.20 5.74
0.40 0.28 0.74 -107.73 43.88 52.42
0.17 0.17 0.31 -80.84 124.87 22.17
0.14 -0.21 0.58 -29.90 140.55 -27.19
-0.59 -0.07 2.00 47.58 51.90 -80.47
-0.03 0.48 0.96 -21.58 -218.32 -54.48
0.26 0.41 -0.01 -49.11 -63.52 78.46