-0.18 -0.39 0.56 -32.68 249.99 10.05
-1.95 0.35 2.00 -24.91 60.99 -104.84
-0.11 0.16 -0.09 -2.85 -240.26 23.54
0.58 -0.06 0.44 55.36 -250.00 7.08
0.54 0.40 1.39 -116.66 59.55 -3.72
0.14 0.05 -0.21 -54.88 215.39 29.16
-0.07 -0.35 0.20 -54.31 249.99 1.77
-2.00 0.18 2.00 -31.62 185.35 -123.90
-0.21 0.20 -0.07 -17.40 -240.84 16.81
0.54 0.06 -0.23 17.80 -250.00 1.68
0.83 0.42 1.48 -114.88 22.87 -9.22
0.25 0.04 -0.17 -35.10 209.18 14.52
-0.07 -0.29 -0.12 -53.79 249.99 8.37
-2.00 0.26 2.00 -53.58 198.74 -130.38
-0.25 0.15 -0.03 -12.36 -210.69 45.19
0.54 -0.12 0.29 22.36 -250.00 3.70
0.92 0.45 1.07 -120.96 19.92 -0.21
0.24 0.08 -0.22 -53.57 232.74 19.24
-0.08 -0.36 0.00 -70.96 249.99 10.60
-2.00 0.04 2.00 -30.79 249.99 -123.72
-0.27 0.22 0.06 -26.35 -224.28 28.09
0.69 -0.16 0.64 51.70 -250.00 1.80
0.03 0.11 -0.15 -56.88 219.00 37.96
-0.20 -0.22 -0.09 -57.95 249.99 48.64
-1.84 0.22 2.00 -86.37 57.16 -76.48
-0.19 0.18 -0.09 -17.69 -203.74 14.27
0.48 -0.06 0.08 18.14 -247.65 -8.45
1.24 0.41 1.25 -129.01 -27.43 -46.94
0.18 0.11 -0.23 -17.71 246.80 23.16
-0.07 -0.33 0.09 -36.61 249.99 20.02
-2.00 0.42 2.00 -50.54 101.38 -134.13
-0.15 0.16 -0.09 -22.70 -178.70 25.87
0.62 -0.26 1.93 85.88 -250.00 13.08
0.74 0.27 1.00 -121.99 135.38 42.80
0.01 0.08 -0.21 -62.71 249.99 53.03
-0.27 -0.32 1.38 -20.58 249.99 12.90
-1.62 0.41 1.48 -68.98 17.60 -115.62
0.01 0.07 -0.14 -28.97 -190.99 -5.70
0.56 -0.46 2.00 238.14 -250.00 22.18
0.53 0.15 0.60 -124.69 181.92 31.68
-0.03 -0.07 -0.26 -55.95 249.99 54.34
-1.40 -0.48 2.00 197.51 -19.00 14.27
-1.03 0.36 0.67 -58.54 -124.16 -38.97
0.28 0.00 -0.09 -9.00 -222.58 4.61
0.66 -1.00 2.00 249.99 -250.00 -2.18
0.50 0.18 0.08 -74.36 202.32 50.15
0.02 -0.18 -0.23 -59.94 249.99 52.77
-1.27 -1.08 0.98 207.33 164.70 -57.56
-0.83 0.38 0.32 -38.15 -204.08 8.61
0.41 -0.07 -0.05 5.08 -250.00 18.26
1.07 1.20 -0.15 -1.30 -227.17 -44.08
0.74 0.27 1.00 -121.99 135.38 42.80
0.01 0.08 -0.21 -62.71 249.99 53.03
-0.27 -0.32 1.38 -20.58 249.99 12.90
-1.62 0.41 1.48 -68.98 17.60 -115.62
0.01 0.07 -0.14 -28.97 -190.99 -5.70
0.56 -0.46 2.00 238.14 -250.00 22.18
-0.10 -0.30 -0.09 -76.60 249.99 11.17
-1.97 0.10 2.00 -21.52 198.49 -135.98
-0.19 0.20 -0.05 -36.25 -236.24 13.28
0.61 0.09 0.78 43.30 -250.00 28.23
0.93 0.29 0.83 -160.90 108.73 12.73
0.18 -0.05 -0.31 -41.51 249.99 54.99
-0.34 -0.74 2.00 67.65 212.49 -7.46
-1.75 0.72 1.16 -68.00 -18.94 -101.21
0.07 0.04 -0.10 -25.06 -217.96 27.58
0.38 -0.94 2.00 249.99 -250.00 18.38
0.54 0.16 0.21 -91.49 184.56 260.26 
0.74 0.27 1.00 -121.99 135.38 42.80
0.01 0.08 -0.21 -62.71 249.99 53.03
-0.27 -0.32 1.38 -20.58 249.99 12.90
-1.62 0.41 1.48 -68.98 17.60 -115.62
0.01 0.07 -0.14 -28.97 -190.99 -5.70
0.56 -0.46 2.00 238.14 -250.00 22.18
-0.02 -0.13 -0.24 -54.93 249.99 31.95
-1.36 -0.97 1.66 213.33 44.90 -67.62
-0.70 0.32 0.14 -41.88 -175.91 -39.62
0.38 0.00 -0.16 -14.18 -230.73 15.50
0.75 1.41 -0.46 57.52 -250.00 -6.77
0.33 0.11 -0.31 -61.54 241.36 44.53
-0.01 -0.35 -0.09 -69.33 249.99 30.40
-1.82 0.12 2.00 -84.21 249.99 -156.05
-0.33 0.21 -0.08 -21.84 -179.67 4.13
0.58 0.08 0.66 24.57 -250.00 38.30
0.94 0.37 0.81 -161.24 97.26 18.34
0.10 0.01 -0.25 -58.72 249.99 8
0.74 0.27 1.00 -121.99 135.38 42.80
0.01 0.08 -0.21 -62.71 249.99 53.03
-0.27 -0.32 1.38 -20.58 249.99 12.90
-1.62 0.41 1.48 -68.98 17.60 -115.62
0.01 0.07 -0.14 -28.97 -190.99 -5.70
0.56 -0.46 2.00 238.14 -250.00 22.18
-0.24 -0.52 2.00 27.20 248.48 6.88
-1.52 0.45 1.50 -64.86 7.22 -154.03
-0.07 0.06 -0.13 -28.08 -216.91 4.33
0.61 -0.10 2.00 98.71 -250.00 56.62
0.75 0.30 0.50 -187.93 128.36 15.39
0.10 -0.11 -0.30 -82.30 249.99 60.59
-1.25 -0.78 2.00 249.99 72.40 22.06
-1.38 0.67 0.54 -71.59 -97.72 -81.12
0.15 0.03 0.00 -28.69 -250.00 31.20
0.67 -0.68 0.03 249.99 -250.00 -45.91
0.39 0.12 -0.21 -91.58 238.91 52.12
-0.01 -0.29 -0.08 -74.13 249.999 8
0.74 0.27 1.00 -121.99 135.38 42.80
0.01 0.08 -0.21 -62.71 249.99 53.03
-0.27 -0.32 1.38 -20.58 249.99 12.90
-1.62 0.41 1.48 -68.98 17.60 -115.62
0.01 0.07 -0.14 -28.97 -190.99 -5.70
0.56 -0.46 2.00 238.14 -250.00 22.18
-2.00 0.28 1.78 -37.21 249.99 -156.60
-0.35 0.27 -0.12 -54.91 -214.13 -22.83
0.49 0.28 -0.11 -9.07 -250.00 47.23
1.26 0.31 0.74 -204.69 14.53 25.22
0.22 -0.08 -0.32 -78.03 249.99 46.69
-1.00 -0.88 2.00 248.79 249.99 31.84
-1.30 0.75 0.40 -79.99 -65.25 -96.23
0.13 0.22 -0.01 -27.34 -250.00 15.16
0.99 -0.33 -0.21 249.99 -250.00 -31.18
0.57 0.01 -0.23 -57.53 246.19 43.89
0.05 -0.37 -0.09 -62.36 249.99 17.20
0.74 0.27 1.00 -121.99 135.38 42.80
0.01 0.08 -0.21 -62.71 249.99 53.03
-0.27 -0.32 1.38 -20.58 249.99 12.90
-1.62 0.41 1.48 -68.98 17.60 -115.62
0.01 0.07 -0.14 -28.97 -190.99 -5.70
0.56 -0.46 2.00 238.14 -250.00 22.18
-0.41 0.36 -0.11 -59.05 -224.74 -8.75
0.47 0.24 -0.05 -2.30 -250.00 43.78
1.38 0.18 0.77 -171.58 -10.69 29.33
0.36 -0.09 -0.30 -58.78 249.99 18.39
-0.64 -0.94 2.00 200.00 249.99 -6.13
-1.57 0.67 0.50 -98.37 -33.13 -121.01
0.02 0.10 -0.04 -56.29 -229.16 39.19
0.48 -1.09 1.67 249.99 -250.00 6.71
0.99 -0.12 -0.17 -108.67 179.99 32.01
0.07 -0.22 -0.12 -65.13 249.99 18.31
-1.62 -0.48 1.75 113.39 249.99 -96.53
0.74 0.27 1.00 -121.99 135.38 42.80
0.01 0.08 -0.21 -62.71 249.99 53.03
-0.27 -0.32 1.38 -20.58 249.99 12.90
-1.62 0.41 1.48 -68.98 17.60 -115.62
0.01 0.07 -0.14 -28.97 -190.99 -5.70
0.56 -0.46 2.00 238.14 -250.00 22.18
0.39 -0.01 0.67 -29.52 -250.00 41.53
1.48 0.98 0.59 -99.85 -43.03 0.01
0.22 0.13 -0.16 -66.41 249.99 52.70
-0.01 -0.55 1.66 15.98 249.99 34.72
-1.83 0.66 1.94 -61.40 53.12 -164.22
-0.11 0.12 -0.13 -35.25 -221.66 26.70
0.56 -0.07 1.50 45.86 -250.00 35.07
0.93 0.22 0.62 -168.18 42.81 17.15
0.22 -0.07 -0.26 -53.00 249.99 35.69
-0.85 -0.79 2.00 230.13 213.34 0.40
-1.46 0.64 0.71 -81.82 -128 5.53
0.74 0.27 1.00 -121.99 135.38 42.80
0.01 0.08 -0.21 -62.71 249.99 53.03
-0.27 -0.32 1.38 -20.58 249.99 12.90
-1.62 0.41 1.48 -68.98 17.60 -115.62
0.01 0.07 -0.14 -28.97 -190.99 -5.70
0.56 -0.46 2.00 238.14 -250.00 22.18
0.13 0.03 -0.09 -41.73 -247.32 42.67
0.70 -1.10 1.70 249.99 -250.00 -34.23
0.68 0.11 -0.02 -104.11 217.25 34.63
-0.04 -0.21 -0.06 -60.82 249.99 51.07
-2.00 0.09 2.00 -20.72 249.99 -163.71
-0.41 0.25 -0.03 -46.65 -220.47 -10.21
0.60 -0.06 1.32 50.45 -250.00 15.11
1.24 0.50 0.67 -136.76 6.48 16.71
0.19 0.12 -0.21 -61.78 249.99 55.62
-0.06 -0.42 1.07 -22.57 249.99 35.25
-1.68 0.58 1.83 -76.45 36.32 -154.81
0.01 0.08 -0.21 -62.71 249.99 53.03
-0.27 -0.32 1.38 -20.58 249.99 12.90
-1.62 0.41 1.48 -68.98 17.60 -115.62
0.01 0.07 -0.14 -28.97 -190.99 -5.70
0.56 -0.46 2.00 238.14 -250.00 22.18
0.57 -0.16 2.00 77.78 -250.00 20.36
0.99 0.39 0.53 -189.67 77.91 27.24
0.11 -0.02 -0.24 -80.80 249.99 53.80
-1.08 -0.62 2.00 223.01 180.05 26.83
-1.16 0.46 0.63 -87.97 -134.97 -89.70
0.15 0.04 -0.05 -36.80 -246.82 34.63
0.81 -0.85 1.47 249.99 -250.00 -37.46
0.59 0.18 0.04 -94.25 190.02 38.02
0.03 -0.18 -0.16 -59.91 249.99 44.65
-1.61 -0.29 1.14 40.35 249.99 -123.15
-0.47 0.35 0.07 -58.36 -184.73 -21.21
0.01 0.08 -0.21 -62.71 249.99 53.03
-0.27 -0.32 1.38 -20.58 249.99 12.90
-1.62 0.41 1.48 -68.98 17.60 -115.62
0.01 0.07 -0.14 -28.97 -190.99 -5.70
0.56 -0.46 2.00 238.14 -250.00 22.18
0.53 0.10 0.03 -5.01 -250.00 20.92
1.08 0.94 0.92 -69.57 -132.06 30.06
0.40 0.09 -0.17 -59.52 245.45 45.81
0.00 -0.39 0.41 -36.50 249.99 28.31
-1.95 0.28 2.00 -37.14 180.98 -150.14
-0.21 0.21 0.02 -44.12 -202.76 33.85
0.53 0.03 0.06 8.40 -250.00 35.16
0.79 0.48 1.44 -152.36 -14.00 -3.80
0.30 -0.02 -0.27 -38.39 223.58 39.15
-0.02 -0.55 0.82 -33.84 249.99 0.76
-2.00 0.49 2.00 -9.07 156.14 -159.29
-0.16 0.23 -0.10 -28.98 -250.00 63.39
0.01 0.08 -0.21 -62.71 249.99 53.03
-0.27 -0.32 1.38 -20.58 249.99 12.90
-1.62 0.41 1.48 -68.98 17.60 -115.62
0.01 0.07 -0.14 -28.97 -190.99 -5.70
0.56 -0.46 2.00 238.14 -250.00 22.18
0.53 0.11 0.08 26.66 -250.00 54.95
0.81 0.15 1.01 -133.30 95.12 25.24
0.19 -0.00 -0.24 -52.61 240.78 11.04
-0.20 -0.59 1.74 11.19 249.99 -4.94
-1.78 0.53 1.46 -62.29 -7.27 -125.82
-0.06 0.13 -0.04 -32.01 -250.00 54.45
0.87 -0.58 2.00 185.70 -250.00 12.90
0.85 0.11 0.66 -128.78 147.44 31.75
0.16 -0.04 -0.25 -58.54 249.99 49.52
-0.92 -0.73 2.00 204.65 229.97 19.60
-1.45 0.60 0.84 -85.30 -113.69 -74.40
0.01 0.08 -0.21 -62.71 249.99 53.03
-0.27 -0.32 1.38 -20.58 249.99 12.90
-1.62 0.41 1.48 -68.98 17.60 -115.62
0.01 0.07 -0.14 -28.97 -190.99 -5.70
0.56 -0.46 2.00 238.14 -250.00 22.18
0.65 -0.86 2.00 249.99 -250.00 15.04
0.79 0.13 0.36 -118.24 187.61 16.99
0.03 -0.13 -0.15 -55.31 249.99 46.65
-1.26 -0.78 1.89 197.14 209.53 -27.69
-0.79 0.36 0.46 -72.67 -227.78 -12.99
0.37 -0.00 -0.19 -33.17 -228.15 16.73
0.84 -0.15 0.63 249.99 -250.00 -56.65
0.50 0.10 -0.22 -76.03 249.69 26.89
0.05 -0.47 0.82 -18.09 249.99 19.13
-2.00 0.20 2.00 -39.65 173.68 -158.16
-0.30 0.18 0.03 -43.84 -250.00 86.97
0.01 0.08 -0.21 -62.71 249.99 53.03
-0.27 -0.32 1.38 -20.58 249.99 12.90
-1.62 0.41 1.48 -68.98 17.60 -115.62
0.01 0.07 -0.14 -28.97 -190.99 -5.70
0.56 -0.46 2.00 238.14 -250.00 22.18
0.68 0.07 1.44 -111.22 80.70 77.74
0.24 0.04 -0.26 -96.72 249.99 32.46
-0.44 -0.63 1.99 -6.70 249.99 18.44
-1.77 -0.00 2.00 -55.56 134.38 -104.23
-0.40 0.06 0.04 -99.75 -217.96 78.30
0.39 -0.54 2.00 107.46 -250.00 33.45
1.16 0.44 1.09 -148.20 -169.65 99.72
0.53 -0.11 -0.35 -54.11 194.89 24.13
-0.36 -0.57 1.09 233.23 249.99 -10.12
-1.39 0.39 0.75 -88.34 -33.47 -91.91
-0.08 0.12 0.07 -66.07 -250.00 54.28
0.01 0.08 -0.21 -62.71 249.99 53.03
-0.27 -0.32 1.38 -20.58 249.99 12.90
-1.62 0.41 1.48 -68.98 17.60 -115.62
0.01 0.07 -0.14 -28.97 -190.99 -5.70
0.56 -0.46 2.00 238.14 -250.00 22.18
0.53 0.1 0.87 249.99 -250.00 -16.28
0.67 0.36 0.71 -119.06 -6.58 78.11
0.29 0.03 -0.23 -58.11 220.49 43.43
-0.36 -0.66 0.74 249.99 249.99 -35.31
-1.37 0.61 0.68 -80.70 -173.25 -101.10
-0.02 0.05 0.19 -72.44 -250.00 35.95
0.77 -0.64 0.61 249.99 -250.00 -41.79
1.19 0.01 0.37 -146.93 59.07 40.44
0.30 -0.19 0.21 -70.95 249.99 -13.49
-0.81 -0.43 1.47 210.61 249.99 -92.19
-0.97 0.61 0.87 -81.99 -225.04 -97.21
0.25 0.08 -0.19 -42.53 -250.00 66.82
-0.74 0.27 1.00 -121.99 135.38 42.80
0.01 0.08 -0.21 -62.71 249.99 53.03
-0.27 -0.32 1.38 -20.58 249.99 12.90
-1.62 0.41 1.48 -68.98 17.60 -115.62
0.01 0.07 -0.14 -28.97 -190.99 -5.70
0.56 -0.46 2.00 238.14 -250.00 22.18
0.94 0.05 0.36 -86.75 0.24 44.34
0.30 -0.09 -0.20 -61.12 194.27 18.69
-0.38 -0.59 0.05 249.99 249.99 -61.86
-1.37 0.54 0.50 -92.08 -123.24 -93.99
-0.05 0.12 0.10 -73.47 -219.10 88.82
0.69 -1.09 1.12 249.99 -250.00 1.26
1.06 0.05 0.58 -113.17 24.91 75.38
0.28 0.01 -0.22 -23.32 218.90 36.26
-0.17 -0.62 2.00 200.23 214.17 -49.67
-1.44 0.65 0.86 -29.65 -60.33 -112.97
0.01 0.08 -0.21 -62.71 249.99 53.03
-0.27 -0.32 1.38 -20.58 249.99 12.90
-1.62 0.41 1.48 -68.98 17.60 -115.62
0.01 0.07 -0.14 -28.97 -190.99 -5.70
0.56 -0.46 2.00 238.14 -250.00 22.18
0.73 -0.59 2.00 153.43 -250.00 55.13
0.69 0.33 0.93 -126.74 -102.14 80.64
0.37 -0.06 -0.25 -51.03 127.69 36.25
-0.08 -0.62 0.69 249.99 249.99 -74.74
-1.34 0.51 0.78 -16.20 -101.17 -154.82
-0.05 0.12 -0.04 -59.37 -233.57 88.57
1.20 -0.84 2.00 249.99 -250.00 6.69
0.96 0.01 0.59 -124.33 30.80 76.90
0.27 -0.15 -0.21 -86.63 208.01 52.25
-0.40 -0.51 0.03 249.99 249.99 -35.29
-1.46 0.44 0.48 -51.48 -99.87 -143.26
0.01 0.08 -0.21 -62.71 249.99 53.03
-0.27 -0.32 1.38 -20.58 249.99 12.90
-1.62 0.41 1.48 -68.98 17.60 -115.62
0.01 0.07 -0.14 -28.97 -190.99 -5.70
0.56 -0.46 2.00 238.14 -250.00 22.18
0.53 0.10 0.03 -90.18 -187.32 101.28
0.38 -0.82 0.19 249.99 -250.00 -17.90
0.84 0.02 0.04 -123.97 51.83 45.28
0.21 -0.31 0.51 -59.04 161.48 30.89
-0.84 -0.26 -0.85 52.99 249.99 -113.48
-1.51 0.32 0.22 -124.69 -134.37 31.47
-0.13 -0.17 1.01 -48.84 -250.00 151.68
1.01 0.24 0.43 -0.43 -250.00 77.67
1.34 -0.44 0.03 -58.55 11.37 59.88
0.12 -0.02 -0.00 -4.42 249.99 -22.80
-0.68 -0.13 0.32 99.91 249.99 -74.26
-0.82 0.48 0.93 -84.27 -232.71 -4.10
0.01 0.08 -0.21 -62.71 249.99 53.03
-0.27 -0.32 1.38 -20.58 249.99 12.90
-1.62 0.41 1.48 -68.98 17.60 -115.62
0.01 0.07 -0.14 -28.97 -190.99 -5.70
0.56 -0.46 2.00 238.14 -250.00 22.18
0.53 0.19 0.00 -62.29 -250.00 62.19
1.12 -0.62 1.10 224.88 27.19 -63.13
0.93 0.25 0.88 -84.59 -155.95 57.05
0.48 -0.01 0.19 -35.82 105.57 -10.35
0.09 -0.45 1.47 143.36 215.07 -44.33
-1.53 0.41 2.00 -6.72 86.83 -128.63
-0.34 0.34 0.23 -89.07 -205.41 -15.20
0.23 -0.04 -0.09 -62.07 -179.00 87.60
0.74 -0.67 1.70 249.99 -193.81 -36.29
1.30 -0.06 0.37 -70.44 6.36 11.96
0.23 0.06 -0.20 -15.39 215.55 -40.80
-0.74 0.27 1.00 -121.99 135.38 42.80
0.01 0.08 -0.21 -62.71 249.99 53.03
-0.27 -0.32 1.38 -20.58 249.99 12.90
-1.62 0.41 1.48 -68.98 17.60 -115.62
0.01 0.07 -0.14 -28.97 -190.99 -5.70
0.56 -0.46 2.00 238.14 -250.00 22.18
-1.09 0.55 0.87 -27.85 -191.69 -41.96
0.11 0.14 0.01 -36.48 -229.97 91.98
1.44 -0.82 2.00 249.99 -144.81 -5.77
0.66 0.17 0.98 -77.73 -78.19 46.76
0.26 0.12 -0.08 -69.56 155.09 20.62
0.04 -0.30 1.20 8.07 186.08 28.18
-1.58 0.39 2.00 -3.17 249.99 -171.35
-0.48 0.38 0.34 -77.44 -250.00 4.07
0.35 -0.15 0.87 -32.61 -250.00 61.12
0.82 1.10 1.51 29.53 -205.28 9.72
0.73 0.15 0.28 -118.64 105.55 47.71
0.01 0.08 -0.21 -62.71 249.99 53.03
-0.27 -0.32 1.38 -20.58 249.99 12.90
-1.62 0.41 1.48 -68.98 17.60 -115.62
0.01 0.07 -0.14 -28.97 -190.99 -5.70
0.56 -0.46 2.00 238.14 -250.00 22.18
-1.17 -0.08 2.00 -11.50 249.99 -233.63
-0.73 0.51 0.04 -112.19 -154.17 -25.20
0.66 -0.52 2.00 62.28 -192.95 71.20
0.30 0.35 1.26 146.79 -250.00 77.04
1.12 0.11 0.44 -139.05 21.52 19.60
0.25 -0.41 1.54 65.21 142.81 -57.91
-1.21 -0.25 2.00 12.73 249.99 -238.48
-0.76 0.43 0.49 -84.47 -203.67 -27.40
0.37 -0.10 0.19 -25.66 -181.78 97.13
0.63 0.12 2.00 249.99 -182.69 -40.94
1.15 0.10 0.49 -91.89 -23.77 17.01
0.01 0.08 -0.21 -62.71 249.99 53.03
-0.27 -0.32 1.38 -20.58 249.99 12.90
-1.62 0.41 1.48 -68.98 17.60 -115.62
0.01 0.07 -0.14 -28.97 -190.99 -5.70
0.56 -0.46 2.00 238.14 -250.00 22.18
0.06 -0.62 0.57 249.99 231.54 -86.92
-1.33 0.85 0.93 -91.14 -120.86 -58.27
-0.07 0.06 0.02 -84.99 -152.65 142.16
0.94 -0.82 2.00 79.54 -250.00 66.21
0.74 0.83 1.21 33.77 -235.30 -9.91
0.88 0.15 0.08 -87.85 90.85 37.47
0.18 -0.03 0.38 -48.92 221.67 -6.25
-1.12 -0.10 2.00 10.89 249.99 -194.16
-0.78 0.49 0.40 -84.47 -212.22 41.64
0.15 -0.01 0.00 -66.51 -127.29 151.67
0.82 -0.41 0.12 249.99 -69.08 -68.56
0.01 0.08 -0.21 -62.71 249.99 53.03
-0.27 -0.32 1.38 -20.58 249.99 12.90
-1.62 0.41 1.48 -68.98 17.60 -115.62
0.01 0.07 -0.14 -28.97 -190.99 -5.70
0.56 -0.46 2.00 238.14 -250.00 22.18
0.28 0.08 0.10 -126.42 196.62 33.47
-0.18 -0.53 1.51 130.51 158.87 66.49
-1.83 -0.00 2.00 -2.11 222.38 -117.68
-0.62 0.17 0.46 -176.43 -250.00 94.91
0.44 -0.33 1.82 -24.70 -250.00 93.67
1.23 -0.40 0.88 88.36 -173.01 -44.83
1.08 -0.70 0.65 -42.60 -25.42 70.07
0.52 0.19 0.57 -61.36 162.45 60.71
-0.00 -0.14 0.83 15.97 204.11 35.21
-0.75 -0.77 0.77 -75.19 211.24 77.13
-0.26 -0.80 0.95 17.66 -89.66 -15.41
0.01 0.08 -0.21 -62.71 249.99 53.03
-0.27 -0.32 1.38 -20.58 249.99 12.90
-1.62 0.41 1.48 -68.98 17.60 -115.62
0.01 0.07 -0.14 -28.97 -190.99 -5.70
0.56 -0.46 2.00 238.14 -250.00 22.18
0.53 0.11 0.89 37.99 -250.00 36.93
0.33 -0.06 1.15 -87.85 -8.57 63.41
0.33 -0.50 0.47 -4.76 -53.66 39.44
0.44 -0.54 0.80 72.36 -123.79 73.53
0.96 -0.53 0.53 130.25 16.91 173.03
0.55 -0.23 0.88 -1.98 215.94 128.49
-0.29 0.09 0.93 -39.38 177.84 125.53
-0.55 -0.15 1.21 -26.89 -50.25 183.11
-0.18 -0.30 0.92 15.72 -153.95 13.99
0.46 -0.29 0.74 12.52 -132.93 18.65
0.19 -0.31 0.93 -2.08 52.60 106.25
-0.20 -0.14 0.80 -32.27 -35.00 104.35
0.01 0.08 -0.21 -62.71 249.99 53.03
-0.27 -0.32 1.38 -20.58 249.99 12.90
-1.62 0.41 1.48 -68.98 17.60 -115.62
0.01 0.07 -0.14 -28.97 -190.99 -5.70
0.56 -0.46 2.00 238.14 -250.00 22.18
0.54 -0.55 0.80 36.74 -136.02 66.78
0.68 -0.35 0.40 48.99 -99.76 103.95
0.82 -0.22 0.67 51.21 -41.79 118.81
0.89 -0.26 0.81 70.95 72.24 69.95
0.15 -0.09 0.84 31.65 227.72 82.66
-0.05 -0.10 1.12 -6.79 52.90 128.79
-0.02 -0.23 1.05 12.60 15.06 53.80
0.01 -0.23 0.98 8.26 -17.31 58.88
0.12 -0.21 0.71 10.98 2.22 43.71
0.06 -0.13 0.89 8.45 -34.19 9.35
0.16 -0.24 0.83 36.25 -69.11 -29.12
0.34 -0.24 0.86 16.83 -68.62 -15.16
-0.27 -0.32 1.38 -20.58 249.99 12.90
-1.62 0.41 1.48 -68.98 17.60 -115.62
0.01 0.07 -0.14 -28.97 -190.99 -5.70
0.56 -0.46 2.00 238.14 -250.00 22.18
0.39 -0.17 1.00 11.00 7.42 -10.25
0.28 -0.14 0.93 10.07 -19.83 -20.65
0.36 -0.13 0.86 12.23 12.86 3.23
0.20 -0.08 0.86 -3.69 32.83 24.91
0.24 -0.12 0.99 12.85 2.72 11.15
0.17 -0.11 0.94 14.94 9.71 16.20
0.35 -0.08 0.87 -1.75 -20.22 15.59
0.33 -0.07 0.89 -3.08 7.23 -8.31
0.21 -0.14 0.93 14.63 32.10 0.03
0.27 -0.11 0.93 8.19 -6.12 0.56
0.27 -0.09 0.93 6.56 25.11 -5.10
0.17 -0.09 0.95 -6.17 27.02 1.00
-0.27 -0.32 1.38 -20.58 249.99 12.90
-1.62 0.41 1.48 -68.98 17.60 -115.62
0.01 0.07 -0.14 -28.97 -190.99 -5.70
0.56 -0.46 2.00 238.14 -250.00 22.18
0.26 -0.09 0.93 8.09 1.79 -2.31
0.18 -0.10 0.90 -2.51 33.56 4.59
0.12 -0.13 0.99 -5.30 0.95 -0.39
0.14 -0.14 0.95 -2.73 -18.59 9.41
0.19 -0.13 0.92 -2.65 -9.02 3.79
0.20 -0.10 0.80 1.34 16.07 -1.82
0.14 -0.09 1.03 5.51 -9.49 0.48
0.29 -0.13 0.97 15.39 0.56 -7.64
0.31 -0.14 0.85 16.94 34.38 -15.46
0.16 0.02 0.81 3.76 36.87 -26.29
0.08 -0.07 1.03 4.67 27.86 -18.60
0.14 -0.12 1.04 16.18 -5.37 -18.54
0.16 0.04 0.86 16.83 -68.62 -15.16
-0.27 -0.32 1.38 -20.58 249.99 12.90
-1.62 0.41 1.48 -68.98 17.60 -115.62
0.01 0.07 -0.14 -28.97 -190.99 -5.70
0.56 -0.46 2.00 238.14 -250.00 22.18
0.53 0.10 0.93 -11.21 -13.79 -17.36
0.04 -0.06 0.99 -9.38 14.33 -3.69
0.10 -0.15 0.99 2.23 -25.21 1.39
0.20 -0.11 0.88 -0.12 -31.75 8.58
0.24 -0.08 0.87 -7.64 -5.16 16.36
0.12 -0.12 1.03 4.33 8.71 7.65
0.11 -0.09 0.94 3.18 -22.35 8.20
0.26 -0.10 0.95 -5.08 -21.22 6.07
0.16 -0.07 0.90 -0.52 9.86 3.67
0.19 -0.11 1.09 -5.41 3.17 -1.52
0.15 -0.04 0.92 -13.89 -40.40 -20.41
0.44 0.01 0.70 -78.48 -63.80 -1.11
0.63 -0.13 0.76 -139.62 46.09 -38.70
-0.27 -0.32 1.38 -20.58 249.99 12.90
-1.62 0.41 1.48 -68.98 17.60 -115.62
0.01 0.07 -0.14 -28.97 -190.99 -5.70
0.56 -0.46 2.00 238.14 -250.00 22.18
0.27 -0.54 1.14 -27.31 -16.38 -91.89
0.57 -0.38 1.00 37.97 -94.48 -183.16
0.81 -0.08 0.58 -1.34 -44.98 -212.55
0.83 -0.04 0.46 -54.64 123.29 -246.47
-0.04 -0.15 1.03 -85.65 188.69 -195.27
-0.08 -0.20 1.29 13.69 68.09 -80.47
0.32 -0.09 1.16 11.81 18.56 -70.88
0.43 0.07 0.70 7.28 7.77 -40.34
0.36 0.01 0.31 43.31 75.98 -23.83
0.07 0.11 0.75 25.56 105.25 22.07
-0.00 -0.09 1.39 -32.13 84.34 -10.67
-0.27 -0.32 1.38 -20.58 249.99 12.90
-1.62 0.41 1.48 -68.98 17.60 -115.62
0.01 0.07 -0.14 -28.97 -190.99 -5.70
0.56 -0.46 2.00 238.14 -250.00 22.18
0.53 0.10 1.21 -44.43 -126.17 -100.14
0.55 -0.10 0.45 -48.86 -115.28 -75.39
0.21 -0.19 0.31 17.31 188.21 -111.15
-0.58 -0.34 1.28 156.94 249.99 -95.92
-0.42 0.08 1.50 -7.54 -181.19 -158.22
0.09 0.33 0.52 4.52 -163.21 -44.42
0.58 0.25 -0.16 19.81 -176.85 19.56
1.32 0.30 0.70 176.35 28.20 -61.81
0.22 0.18 0.51 15.19 203.90 -85.55
-0.46 0.20 0.06 -57.09 232.38 -23.08
-0.96 -0.30 1.75 0.46 -154.54 -3.11
-0.03 -0.14 1.57 -83.45 -191.05 56.27
-0.27 -0.32 1.38 -20.58 249.99 12.90
-1.62 0.41 1.48 -68.98 17.60 -115.62
0.01 0.07 -0.14 -28.97 -190.99 -5.70
0.56 -0.46 2.00 238.14 -250.00 22.18
0.53 0.15 0.17 5.60 -250.00 60.58
1.34 -0.30 0.83 72.66 -167.99 22.96
1.27 -0.43 0.73 3.16 -69.03 6.29
0.63 0.27 0.05 -131.31 105.67 -2.24
-0.04 0.13 0.24 -131.38 249.99 2.74
-0.75 -0.50 1.27 -77.75 85.09 7.93
0.33 -0.99 1.74 2.65 -250.00 -184.49
0.72 0.30 -1.21 155.21 -176.09 -250.00
0.79 0.51 0.44 75.13 34.83 123.08
0.83 -0.16 1.26 76.83 189.70 11.38
0.75 0.24 0.71 -68.14 73.08 5.38
0.18 0.24 0.73 -84.20 126.60 1.67
-0.27 -0.32 1.38 -20.58 249.99 12.90
-1.62 0.41 1.48 -68.98 17.60 -115.62
0.01 0.07 -0.14 -28.97 -190.99 -5.70
0.56 -0.46 2.00 238.14 -250.00 22.18
0.53 0.128 0.96 3.98 110.31 -70.05
-0.40 -0.13 1.75 21.42 222.43 -165.31
0.10 0.45 0.41 -26.66 -141.70 -35.68
0.22 0.15 -0.04 0.57 74.84 92.92
0.35 -0.17 2.00 143.30 -57.17 36.75
0.63 0.62 1.77 -96.13 -130.34 45.88
0.66 0.08 0.15 -77.41 83.57 -1.00
0.37 -0.32 0.10 -53.70 125.25 -71.71
-0.19 -0.57 1.50 249.99 249.99 -120.12
-0.80 0.73 0.32 -116.31 -100.57 -97.95
0.07 0.11 0.26 -35.93 -42.66 126.31
0.50 -0.50 1.67 249.99 -250.00 33.54
-0.27 -0.32 1.38 -20.58 249.99 12.90
-1.62 0.41 1.48 -68.98 17.60 -115.62
0.01 0.07 -0.14 -28.97 -190.99 -5.70
0.56 -0.46 2.00 238.14 -250.00 22.18
0.53 0.15 0.86 -117.70 11.03 78.38
0.34 -0.10 -0.11 -60.08 87.59 11.02
-0.08 -0.60 1.25 190.70 224.61 -53.87
-0.94 0.40 1.13 -39.66 -66.26 -129.39
-0.20 0.22 0.14 -22.27 -126.85 79.00
0.48 -0.15 1.89 99.23 -242.93 77.68