1.05 0.08 0.62 107.73 108.70 15.34
0.11 -0.20 1.32 15.85 249.99 -12.91
-0.50 0.11 1.35 -23.45 -25.63 11.54
0.23 -0.04 0.54 -16.28 14.11 3.49
-0.22 -0.04 0.77 -9.24 117.61 -21.63
-0.34 -0.17 1.20 75.29 26.16 -30.28
-0.15 -0.15 1.33 93.33 -86.31 -115.59
0.03 0.40 1.23 14.34 -118.59 -53.88
0.02 0.50 0.68 -55.54 -42.59 23.29
0.33 0.19 0.45 -59.55 -95.61 11.09
0.76 -0.02 0.64 82.37 -62.62 -95.56
0.49 0.01 1.19 73.05 52.06 5.32
-0.04 0.12 1.43 -52.19 87.43 -7.61
-0.01 0.47 0.87 -84.54 39.88 -17.21
-0.18 0.08 0.44 -83.59 100.00 -76.00
-0.38 -0.32 0.90 50.32 33.79 -26.75
-0.38 -0.23 1.31 88.15 -134.06 -56.50
0.18 0.54 1.14 21.92 -250.00 -58.88
0.72 0.62 0.44 -69.86 -74.23 -17.29
1.01 0.14 0.64 -60.10 -66.75 -68.95
0.67 -0.01 0.72 24.25 85.97 -84.61
0.80 -0.20 0.72 77.13 118.22 -34.71
0.41 0.00 0.96 -42.36 148.42 24.77
0.11 0.42 0.75 -89.43 92.18 -23.90
-0.45 0.09 0.66 -73.15 164.47 -80.02
-0.42 -0.31 1.15 44.04 43.26 -17.69
-0.07 -0.12 1.47 147.09 -250.00 -133.71
0.60 0.41 0.82 -93.71 -40.17 -19.74
1.02 0.09 0.66 -10.31 -81.70 -110.55
0.74 0.20 0.49 -15.17 65.90 -48.13
0.99 -0.19 0.57 43.98 137.48 -27.30
0.46 0.09 0.62 -23.61 64.73 -17.38
0.01 0.41 1.13 -157.24 65.44 -101.20
-0.58 -0.10 1.08 -47.82 168.98 -92.39
-0.13 -0.27 0.98 64.12 -63.83 -127.73
0.08 0.17 1.02 109.74 -223.20 -193.37
0.32 0.71 0.76 -53.46 -109.15 -19.51
0.65 0.15 1.05 -36.63 -94.99 12.09
1.17 -0.07 0.49 -17.94 -111.10 -110.24
0.49 0.32 0.88 -22.27 66.27 -25.25
0.75 0.11 0.64 -13.30 124.15 32.94
0.61 -0.01 0.79 33.46 125.89 -5.56
0.55 0.14 0.87 -90.73 154.25 -85.01
0.10 0.00 0.78 -61.97 234.57 -117.60
-0.78 -0.32 0.81 -105.55 249.99 -36.35
-0.82 -0.50 0.94 -105.59 249.99 102.26
-0.68 -0.07 0.84 6.94 10.94 23.06
-0.68 -0.14 0.73 60.08 -142.81 -22.57
-0.46 -0.04 0.97 14.90 -147.77 21.67
-0.02 0.17 0.73 -67.75 -47.13 76.87
-0.75 0.12 1.18 -79.28 58.36 133.45
-0.38 0.06 0.93 -62.42 -128.23 176.83
0.08 -0.01 0.50 -44.78 -124.11 226.79
0.31 -0.17 0.57 25.15 50.38 241.36
-0.89 0.14 0.97 -104.07 104.21 150.66
-0.39 -0.06 0.84 -100.91 -55.21 106.27
-0.57 -0.13 0.83 -86.79 46.88 93.13
-0.65 -0.10 0.83 -89.91 -7.20 80.13
-0.55 -0.10 0.58 -70.28 -44.05 118.15
-0.55 -0.25 0.52 -35.00 -42.75 92.53
-0.74 -0.44 0.66 76.81 -105.81 92.50
-0.52 0.01 1.33 -60.85 -115.03 80.11
-0.05 0.39 1.21 -105.06 -88.08 87.62
-0.35 0.38 1.19 -73.48 -64.41 81.97
0.10 -0.10 0.51 -18.98 -163.53 132.85
0.36 0.02 0.42 42.95 -163.64 72.46
0.45 0.11 0.80 44.76 162.83 104.66
-0.13 -0.02 1.05 7.73 232.97 30.10
-0.78 0.17 1.15 -36.90 5.81 6.97
-0.28 0.00 1.17 -31.16 -95.27 6.46
-0.53 0.01 0.66 -22.74 39.70 47.78
-0.43 -0.15 0.64 12.14 3.66 40.33
-0.33 -0.15 0.69 67.86 -148.88 -46.77
-0.68 -0.07 0.84 6.94 10.94 23.06
-0.68 -0.14 0.73 60.08 -142.81 -22.57
-0.46 -0.04 0.97 14.90 -147.77 21.67
-0.02 0.17 0.73 -67.75 -47.13 76.87
-0.75 0.12 1.18 -79.28 58.36 133.45
-0.38 0.06 0.93 -62.42 -128.23 176.83
0.08 -0.01 0.50 -44.78 -124.11 226.79
0.31 -0.17 0.57 25.15 50.38 241.36
0.60 0.60 1.22 8.18 -170.33 68.82
0.74 0.05 0.86 0.18 52.82 55.05
0.47 0.05 0.42 3.55 130.17 61.79
-0.00 0.14 0.84 14.24 246.08 103.87
-0.13 -0.09 1.03 -23.31 190.78 104.20
-0.63 0.07 1.17 -60.79 15.50 68.38
-0.04 0.08 0.99 -32.07 -62.48 -1.02
-0.50 -0.08 0.72 -32.04 59.07 34.80
-0.39 -0.25 0.86 -9.75 13.93 20.55
-0.42 -0.05 0.85 57.45 -94.48 -64.16
-0.28 0.01 1.09 10.99 -131.95 -93.91
0.45 0.11 0.80 44.76 162.83 104.66
-0.13 -0.02 1.05 7.73 232.97 30.10
-0.78 0.17 1.15 -36.90 5.81 6.97
-0.28 0.00 1.17 -31.16 -95.27 6.46
-0.53 0.01 0.66 -22.74 39.70 47.78
-0.43 -0.15 0.64 12.14 3.66 40.33
-0.33 -0.15 0.69 67.86 -148.88 -46.77
-0.68 -0.07 0.84 6.94 10.94 23.06
-0.68 -0.14 0.73 60.08 -142.81 -22.57
-0.46 -0.04 0.97 14.90 -147.77 21.67
-0.02 0.17 0.73 -67.75 -47.13 76.87
-0.75 0.12 1.18 -79.28 58.36 133.45
-0.38 0.06 0.93 -62.42 -128.23 176.83
0.08 -0.01 0.50 -44.78 -124.11 226.79
0.31 -0.17 0.57 25.15 50.38 241.36
0.24 -0.10 1.29 7.10 -24.82 27.44
0.41 0.04 0.70 10.38 -36.67 22.22
0.39 0.07 0.72 1.89 37.59 78.96
0.25 0.02 0.92 25.21 70.30 74.88
0.22 0.07 0.76 14.47 119.41 87.74
-0.19 -0.04 1.14 -23.80 62.72 69.50
-0.11 -0.11 0.96 2.43 15.54 11.25
-0.23 -0.11 1.07 -14.56 -22.48 23.00
0.02 0.04 0.89 -23.11 -9.05 14.40
-0.08 -0.06 0.87 -13.34 23.53 10.54
-0.13 -0.06 0.91 4.71 20.48 -12.18
0.45 0.11 0.80 44.76 162.83 104.66
-0.13 -0.02 1.05 7.73 232.97 30.10
-0.78 0.17 1.15 -36.90 5.81 6.97
-0.28 0.00 1.17 -31.16 -95.27 6.46
-0.53 0.01 0.66 -22.74 39.70 47.78
-0.43 -0.15 0.64 12.14 3.66 40.33
-0.33 -0.15 0.69 67.86 -148.88 -46.77
-0.68 -0.07 0.84 6.94 10.94 23.06
-0.68 -0.14 0.73 60.08 -142.81 -22.57
-0.46 -0.04 0.97 14.90 -147.77 21.67
-0.02 0.17 0.73 -67.75 -47.13 76.87
-0.75 0.12 1.18 -79.28 58.36 133.45
-0.38 0.06 0.93 -62.42 -128.23 176.83
0.08 -0.01 0.50 -44.78 -124.11 226.79
0.31 -0.17 0.57 25.15 50.38 241.36
-0.19 -0.05 1.04 4.36 -0.42 -31.43
0.03 -0.01 0.95 -7.94 10.59 -19.16
0.04 0.03 0.91 -0.71 29.69 -39.24
-0.13 0.08 0.86 -4.55 31.49 -46.17
-0.22 -0.10 1.01 8.89 33.68 -10.56
-0.14 -0.02 0.93 3.27 34.39 19.39
-0.21 -0.01 0.91 -7.68 30.60 34.37
-0.26 -0.04 0.96 -6.22 10.92 33.45
-0.26 0.00 0.99 -1.59 -5.68 27.03
-0.16 0.05 0.86 -1.73 -2.83 19.09
-0.20 0.03 0.94 2.68 -3.97 15.85
0.45 0.11 0.80 44.76 162.83 104.66
-0.13 -0.02 1.05 7.73 232.97 30.10
-0.78 0.17 1.15 -36.90 5.81 6.97
-0.28 0.00 1.17 -31.16 -95.27 6.46
-0.53 0.01 0.66 -22.74 39.70 47.78
-0.43 -0.15 0.64 12.14 3.66 40.33
-0.33 -0.15 0.69 67.86 -148.88 -46.77
-0.68 -0.07 0.84 6.94 10.94 23.06
-0.68 -0.14 0.73 60.08 -142.81 -22.57
-0.46 -0.04 0.97 14.90 -147.77 21.67
-0.02 0.17 0.73 -67.75 -47.13 76.87
-0.75 0.12 1.18 -79.28 58.36 133.45
-0.38 0.06 0.93 -62.42 -128.23 176.83
0.08 -0.01 0.50 -44.78 -124.11 226.79
0.31 -0.17 0.57 25.15 50.38 241.36
-0.18 0.08 0.91 6.77 -0.42 10.12
-0.19 0.10 0.92 0.14 0.03 9.28
-0.18 0.06 0.92 0.43 -1.95 5.35
-0.17 0.07 0.94 0.02 -2.28 4.84
-0.17 0.06 0.93 0.02 -4.52 4.83
-0.15 0.07 0.91 -1.40 9.22 5.00
-0.19 0.08 0.96 -2.53 2.95 -0.94
-0.13 0.01 0.94 -0.88 5.61 7.96
-0.22 0.05 0.91 -0.69 9.15 9.57
-0.19 0.05 0.91 -1.79 -5.83 5.95
-0.17 0.05 0.91 -3.68 2.47 5.48
-0.21 0.03 0.99 -2.25 -5.73 9.64
0.45 0.11 0.80 44.76 162.83 104.66
-0.13 -0.02 1.05 7.73 232.97 30.10
-0.78 0.17 1.15 -36.90 5.81 6.97
-0.28 0.00 1.17 -31.16 -95.27 6.46
-0.53 0.01 0.66 -22.74 39.70 47.78
-0.43 -0.15 0.64 12.14 3.66 40.33
-0.33 -0.15 0.69 67.86 -148.88 -46.77
-0.68 -0.07 0.84 6.94 10.94 23.06
-0.68 -0.14 0.73 60.08 -142.81 -22.57
-0.46 -0.04 0.97 14.90 -147.77 21.67
-0.02 0.17 0.73 -67.75 -47.13 76.87
-0.75 0.12 1.18 -79.28 58.36 133.45
-0.38 0.06 0.93 -62.42 -128.23 176.83
0.08 -0.01 0.50 -44.78 -124.11 226.79
0.31 -0.17 0.57 25.15 50.38 241.36
-0.18 0.00 0.94 -7.71 -2.96 28.59
-0.26 0.08 0.95 -9.16 -17.45 31.52
-0.20 0.09 0.96 -10.54 -48.99 4.43
-0.11 0.06 0.92 -9.72 -57.33 2.70
-0.06 0.09 1.03 -4.84 -53.48 -21.67
-0.00 0.22 0.87 -3.13 -29.27 -34.58
-0.10 0.22 0.64 -8.58 -24.27 -40.51
-0.25 0.13 0.93 -33.16 -37.22 -21.57
0.05 0.10 1.17 -4.07 -76.22 -31.25
0.13 0.24 1.14 -1.17 -60.79 -28.89
0.32 0.24 0.93 8.65 -49.24 -10.79
0.45 0.11 0.80 44.76 162.83 104.66
-0.13 -0.02 1.05 7.73 232.97 30.10
-0.78 0.17 1.15 -36.90 5.81 6.97
-0.28 0.00 1.17 -31.16 -95.27 6.46
-0.53 0.01 0.66 -22.74 39.70 47.78
-0.43 -0.15 0.64 12.14 3.66 40.33
-0.33 -0.15 0.69 67.86 -148.88 -46.77
-0.68 -0.07 0.84 6.94 10.94 23.06
-0.68 -0.14 0.73 60.08 -142.81 -22.57
-0.46 -0.04 0.97 14.90 -147.77 21.67
-0.02 0.17 0.73 -67.75 -47.13 76.87
-0.75 0.12 1.18 -79.28 58.36 133.45
-0.38 0.06 0.93 -62.42 -128.23 176.83
0.08 -0.01 0.50 -44.78 -124.11 226.79
0.31 -0.17 0.57 25.15 50.38 241.36
0.54 0.22 0.70 49.48 108.38 44.30
-0.20 -0.08 1.53 22.51 184.07 -16.78
-0.18 0.23 1.08 -26.15 -86.07 -15.27
0.14 0.09 0.35 -18.81 33.39 -53.63
-0.08 -0.05 0.12 -1.01 32.05 -90.82
-0.65 -0.38 1.28 182.40 -35.18 -62.81
0.22 0.44 1.31 19.65 -250.00 -53.84
0.72 0.58 0.27 -36.97 -145.14 -33.89
0.59 0.05 0.03 -49.32 46.45 -6.11
0.96 -0.21 1.29 131.59 76.30 -81.95
0.28 0.03 1.37 -34.45 82.80 -36.94
0.45 0.11 0.80 44.76 162.83 104.66
-0.13 -0.02 1.05 7.73 232.97 30.10
-0.78 0.17 1.15 -36.90 5.81 6.97
-0.28 0.00 1.17 -31.16 -95.27 6.46
-0.53 0.01 0.66 -22.74 39.70 47.78
-0.43 -0.15 0.64 12.14 3.66 40.33
-0.33 -0.15 0.69 67.86 -148.88 -46.77
-0.68 -0.07 0.84 6.94 10.94 23.06
-0.68 -0.14 0.73 60.08 -142.81 -22.57
-0.46 -0.04 0.97 14.90 -147.77 21.67
-0.02 0.17 0.73 -67.75 -47.13 76.87
-0.75 0.12 1.18 -79.28 58.36 133.45
-0.38 0.06 0.93 -62.42 -128.23 176.83
0.08 -0.01 0.50 -44.78 -124.11 226.79
0.31 -0.17 0.57 25.15 50.38 241.36
-0.02 -0.01 0.05 -33.98 180.54 -25.90
-0.87 -0.22 2.00 139.52 -125.14 -65.06
-0.36 0.20 1.43 -1.76 -127.43 -0.34
0.31 0.15 0.36 0.14 -145.97 -29.10
0.34 0.12 -0.07 13.59 -160.25 -25.45
1.15 0.39 1.03 107.07 -2.40 6.79
0.38 0.34 1.01 -85.24 127.26 -1.44
-0.04 0.17 0.24 -98.31 186.30 35.44
-0.05 -0.20 0.06 -62.72 220.57 -8.66
-0.84 -0.61 1.56 249.99 -37.22 13.31
-0.61 0.42 1.34 23.62 -179.94 9.18
0.28 0.19 -0.1338 13.1 -163.64 72.46
0.45 0.11 0.80 44.76 162.83 104.66
-0.13 -0.02 1.05 7.73 232.97 30.10
-0.78 0.17 1.15 -36.90 5.81 6.97
-0.28 0.00 1.17 -31.16 -95.27 6.46
-0.53 0.01 0.66 -22.74 39.70 47.78
-0.43 -0.15 0.64 12.14 3.66 40.33
-0.33 -0.15 0.69 67.86 -148.88 -46.77
-0.68 -0.07 0.84 6.94 10.94 23.06
-0.68 -0.14 0.73 60.08 -142.81 -22.57
-0.46 -0.04 0.97 14.90 -147.77 21.67
-0.02 0.17 0.73 -67.75 -47.13 76.87
-0.75 0.12 1.18 -79.28 58.36 133.45
-0.38 0.06 0.93 -62.42 -128.23 176.83
0.08 -0.01 0.50 -44.78 -124.11 226.79
0.31 -0.17 0.57 25.15 50.38 241.36
0.98 -0.10 1.57 141.59 -174.25 -44.43
0.28 0.53 2.00 -75.42 124.72 46.37
0.05 0.23 0.40 -99.87 157.36 46.56
0.01 -0.14 -0.26 -90.39 249.99 9.60
-1.09 -0.55 2.00 119.98 -16.85 -32.47
-1.04 0.25 1.50 -72.24 -48.29 2.72
0.05 0.10 0.00 37.88 -250.00 -2.96
0.73 0.10 0.44 57.14 -250.00 -50.60
0.83 0.53 1.60 -83.43 164.50 84.75
0.24 0.13 0.31 -82.51 248.93 28.56
-0.25 -0.11 -0.30 -88.78 249.99 30.01
0.45 0.11 0.80 44.76 162.83 104.66
-0.13 -0.02 1.05 7.73 232.97 30.10
-0.78 0.17 1.15 -36.90 5.81 6.97
-0.28 0.00 1.17 -31.16 -95.27 6.46
-0.53 0.01 0.66 -22.74 39.70 47.78
-0.43 -0.15 0.64 12.14 3.66 40.33
-0.33 -0.15 0.69 67.86 -148.88 -46.77
-0.68 -0.07 0.84 6.94 10.94 23.06
-0.68 -0.14 0.73 60.08 -142.81 -22.57
-0.46 -0.04 0.97 14.90 -147.77 21.67
-0.02 0.17 0.73 -67.75 -47.13 76.87
-0.75 0.12 1.18 -79.28 58.36 133.45
-0.38 0.06 0.93 -62.42 -128.23 176.83
0.08 -0.01 0.50 -44.78 -124.11 226.79
0.31 -0.17 0.57 25.15 50.38 241.36
-0.69 0.30 1.11 -59.97 -130.68 5.07
0.09 0.07 -0.13 13.78 -190.67 -9.03
0.74 -0.12 2.00 154.18 -250.00 -47.24
0.65 0.25 2.00 -109.85 65.38 75.78
0.26 -0.04 -0.12 -76.89 239.71 7.07
-0.20 -0.26 -0.05 -85.58 249.99 -10.94
-1.17 -0.19 1.74 182.06 -73.64 -2.46
-0.13 0.22 0.72 -2.78 -216.51 12.62
0.26 0.02 -0.12 22.98 -192.73 -10.64
1.09 0.43 2.00 111.05 -250.00 -26.46
0.45 0.11 0.80 44.76 162.83 104.66
-0.13 -0.02 1.05 7.73 232.97 30.10
-0.78 0.17 1.15 -36.90 5.81 6.97
-0.28 0.00 1.17 -31.16 -95.27 6.46
-0.53 0.01 0.66 -22.74 39.70 47.78
-0.43 -0.15 0.64 12.14 3.66 40.33
-0.33 -0.15 0.69 67.86 -148.88 -46.77
-0.68 -0.07 0.84 6.94 10.94 23.06
-0.68 -0.14 0.73 60.08 -142.81 -22.57
-0.46 -0.04 0.97 14.90 -147.77 21.67
-0.02 0.17 0.73 -67.75 -47.13 76.87
-0.75 0.12 1.18 -79.28 58.36 133.45
-0.38 0.06 0.93 -62.42 -128.23 176.83
0.08 -0.01 0.50 -44.78 -124.11 226.79
0.31 -0.17 0.57 25.15 50.38 241.36
-0.02 -0.13 -0.32 -103.31 249.99 36.03
-0.61 -0.71 2.00 19.75 156.61 3.93
-1.34 0.65 1.75 -80.15 84.96 7.06
-0.05 0.26 -0.01 23.80 -250.00 37.97
0.67 0.19 -0.38 14.47 -250.00 -47.62
1.12 0.48 0.22 -86.67 92.23 37.60
0.38 -0.11 -0.01 -71.53 208.86 34.12
-0.04 -0.26 -0.25 -98.88 249.99 -4.38
-1.13 -0.51 1.61 249.99 78.07 67.17
-0.82 0.45 0.92 -72.62 -193.73 21.92
0.27 -0.03 -0.06 -15.78 -225.78 27.14
0.45 0.11 0.80 44.76 162.83 104.66
-0.13 -0.02 1.05 7.73 232.97 30.10
-0.78 0.17 1.15 -36.90 5.81 6.97
-0.28 0.00 1.17 -31.16 -95.27 6.46
-0.53 0.01 0.66 -22.74 39.70 47.78
-0.43 -0.15 0.64 12.14 3.66 40.33
-0.33 -0.15 0.69 67.86 -148.88 -46.77
-0.68 -0.07 0.84 6.94 10.94 23.06
-0.68 -0.14 0.73 60.08 -142.81 -22.57
-0.46 -0.04 0.97 14.90 -147.77 21.67
-0.02 0.17 0.73 -67.75 -47.13 76.87
-0.75 0.12 1.18 -79.28 58.36 133.45
-0.38 0.06 0.93 -62.42 -128.23 176.83
0.08 -0.01 0.50 -44.78 -124.11 226.79
0.31 -0.17 0.57 25.15 50.38 241.36
0.74 0.08 0.57 -85.34 149.12 57.31
-0.05 -0.13 -0.31 -76.39 249.99 30.03
-1.31 -0.52 2.00 177.41 109.69 54.44
-1.24 0.56 0.89 -96.52 -89.78 -6.47
0.06 0.05 -0.15 -22.38 -182.35 38.38
0.74 -0.41 2.00 121.66 -250.00 -60.39
0.88 0.19 1.49 -121.77 136.87 68.66
0.09 0.02 -0.37 -67.77 249.99 34.95
-0.28 -0.38 0.53 -80.29 249.99 22.85
-1.63 0.19 2.00 -125.09 94.11 -17.64
-0.02 0.20 0.01 -30.09 -234.95 24.30
0.45 0.11 0.80 44.76 162.83 104.66
-0.13 -0.02 1.05 7.73 232.97 30.10
-0.78 0.17 1.15 -36.90 5.81 6.97
-0.28 0.00 1.17 -31.16 -95.27 6.46
-0.53 0.01 0.66 -22.74 39.70 47.78
-0.43 -0.15 0.64 12.14 3.66 40.33
-0.33 -0.15 0.69 67.86 -148.88 -46.77
-0.68 -0.07 0.84 6.94 10.94 23.06
-0.68 -0.14 0.73 60.08 -142.81 -22.57
-0.46 -0.04 0.97 14.90 -147.77 21.67
-0.02 0.17 0.73 -67.75 -47.13 76.87
-0.75 0.12 1.18 -79.28 58.36 133.45
-0.38 0.06 0.93 -62.42 -128.23 176.83
0.08 -0.01 0.50 -44.78 -124.11 226.79
0.31 -0.17 0.57 25.15 50.38 241.36
1.01 0.65 1.23 -45.84 112.24 43.98
0.37 0.18 -0.15 -70.56 249.99 53.59
-0.15 -0.19 -0.28 -77.62 249.99 33.16
-1.38 -0.73 2.00 249.99 -84.85 39.84
-0.18 0.23 0.32 -32.94 -229.60 -29.40
0.47 0.08 -0.05 -25.03 -250.00 -44.76
1.15 0.31 1.24 249.99 -182.42 -85.48
0.53 0.15 0.31 -91.25 177.98 -10.79
-0.09 -0.07 -0.29 -62.33 249.99 -14.14
-1.25 -0.36 2.00 249.99 -67.18 -6.27
0.45 0.11 0.80 44.76 162.83 104.66
-0.13 -0.02 1.05 7.73 232.97 30.10
-0.78 0.17 1.15 -36.90 5.81 6.97
-0.28 0.00 1.17 -31.16 -95.27 6.46
-0.53 0.01 0.66 -22.74 39.70 47.78
-0.43 -0.15 0.64 12.14 3.66 40.33
-0.33 -0.15 0.69 67.86 -148.88 -46.77
-0.68 -0.07 0.84 6.94 10.94 23.06
-0.68 -0.14 0.73 60.08 -142.81 -22.57
-0.46 -0.04 0.97 14.90 -147.77 21.67
-0.02 0.17 0.73 -67.75 -47.13 76.87
-0.75 0.12 1.18 -79.28 58.36 133.45
-0.38 0.06 0.93 -62.42 -128.23 176.83
0.08 -0.01 0.50 -44.78 -124.11 226.79
0.31 -0.17 0.57 25.15 50.38 241.36
0.38 -0.02 -0.28 -42.38 -178.54 -24.77
1.06 -0.87 2.00 249.99 -227.04 -100.09
1.17 0.06 0.86 -100.37 107.22 -67.14
0.16 0.03 -0.16 -4.26 248.25 -57.56
-0.38 -0.37 2.00 111.61 173.58 -101.65
-0.08 0.55 1.18 -44.63 -210.16 -60.57
0.51 0.11 -0.40 -65.93 -93.43 -28.76
0.34 -0.53 2.00 98.65 -55.47 -83.11
1.03 -0.02 1.55 -86.85 -58.53 -58.76
0.21 0.14 0.04 -44.16 220.83 -78.48
-0.25 -0.15 0.28 10.89 249.99 -57.39
0.45 0.11 0.80 44.76 162.83 104.66
-0.13 -0.02 1.05 7.73 232.97 30.10
-0.78 0.17 1.15 -36.90 5.81 6.97
-0.28 0.00 1.17 -31.16 -95.27 6.46
-0.53 0.01 0.66 -22.74 39.70 47.78
-0.43 -0.15 0.64 12.14 3.66 40.33
-0.33 -0.15 0.69 67.86 -148.88 -46.77
-0.68 -0.07 0.84 6.94 10.94 23.06
-0.68 -0.14 0.73 60.08 -142.81 -22.57
-0.46 -0.04 0.97 14.90 -147.77 21.67
-0.02 0.17 0.73 -67.75 -47.13 76.87
-0.75 0.12 1.18 -79.28 58.36 133.45
-0.38 0.06 0.93 -62.42 -128.23 176.83
0.08 -0.01 0.50 -44.78 -124.11 226.79
0.31 -0.17 0.57 25.15 50.38 241.36
-0.09 0.33 0.15 -12.66 -184.68 -52.85
0.49 0.05 -0.22 -20.76 -208.76 -19.73
1.07 0.51 0.28 131.13 -178.38 -41.51
0.24 0.26 0.33 -116.00 200.45 12.61
-0.17 -0.11 -0.20 -98.36 249.99 -3.36
-0.99 -0.56 1.79 249.99 -63.67 -5.35
-0.98 0.35 1.18 -77.70 -100.46 -87.01
0.07 0.07 -0.11 -24.82 -209.14 27.74
0.57 -0.68 2.00 249.99 -250.00 -16.86
0.69 0.16 1.50 -155.74 139.77 34.87
0.45 0.11 0.80 44.76 162.83 104.66
-0.13 -0.02 1.05 7.73 232.97 30.10
-0.78 0.17 1.15 -36.90 5.81 6.97
-0.28 0.00 1.17 -31.16 -95.27 6.46
-0.53 0.01 0.66 -22.74 39.70 47.78
-0.43 -0.15 0.64 12.14 3.66 40.33
-0.33 -0.15 0.69 67.86 -148.88 -46.77
-0.68 -0.07 0.84 6.94 10.94 23.06
-0.68 -0.14 0.73 60.08 -142.81 -22.57
-0.46 -0.04 0.97 14.90 -147.77 21.67
-0.02 0.17 0.73 -67.75 -47.13 76.87
-0.75 0.12 1.18 -79.28 58.36 133.45
-0.38 0.06 0.93 -62.42 -128.23 176.83
0.08 -0.01 0.50 -44.78 -124.11 226.79
0.31 -0.17 0.57 25.15 50.38 241.36
-0.23 -0.49 1.72 -16.89 249.99 -12.10
-1.15 0.29 2.00 -164.18 36.05 -77.18
-0.03 0.17 -0.04 0.92 -200.73 31.30
0.62 -0.00 -0.06 -0.69 -234.32 -0.08
1.17 0.85 0.25 9.10 42.83 27.56
0.30 0.11 0.26 -79.07 232.78 18.72
-0.20 -0.08 -0.21 -84.83 249.99 19.66
-1.08 -0.64 2.00 239.86 -108.55 14.31
-0.41 0.23 0.58 -16.01 -169.35 -26.14
0.37 0.04 -0.09 4.96 -222.56 8.57
0.94 -0.54 2.00 249.99 -250.00 -16.62
0.45 0.11 0.80 44.76 162.83 104.66
-0.13 -0.02 1.05 7.73 232.97 30.10
-0.78 0.17 1.15 -36.90 5.81 6.97
-0.28 0.00 1.17 -31.16 -95.27 6.46
-0.53 0.01 0.66 -22.74 39.70 47.78
-0.43 -0.15 0.64 12.14 3.66 40.33
-0.33 -0.15 0.69 67.86 -148.88 -46.77
-0.68 -0.07 0.84 6.94 10.94 23.06
-0.68 -0.14 0.73 60.08 -142.81 -22.57
-0.46 -0.04 0.97 14.90 -147.77 21.67
-0.02 0.17 0.73 -67.75 -47.13 76.87
-0.75 0.12 1.18 -79.28 58.36 133.45
-0.38 0.06 0.93 -62.42 -128.23 176.83
0.08 -0.01 0.50 -44.78 -124.11 226.79
0.31 -0.17 0.57 25.15 50.38 241.36
-0.12 -0.09 -0.30 -77.23 249.99 28.20
-1.31 -0.55 2.00 199.04 -39.31 60.97
-1.00 0.53 1.13 -64.77 -157.89 -19.12
0.27 0.05 -0.14 -4.39 -250.00 35.93
1.01 -0.69 2.00 249.99 -250.00 -45.18
0.76 -0.03 1.54 -120.99 139.32 57.24
-0.01 -0.01 -0.31 -81.15 249.99 15.95
-0.63 -0.41 1.97 -31.84 249.99 7.37
-1.30 0.25 1.86 -129.68 4.82 -49.82
0.00 0.12 -0.04 -28.08 -250.00 13.16
0.45 0.11 0.80 44.76 162.83 104.66
-0.13 -0.02 1.05 7.73 232.97 30.10
-0.78 0.17 1.15 -36.90 5.81 6.97
-0.28 0.00 1.17 -31.16 -95.27 6.46
-0.53 0.01 0.66 -22.74 39.70 47.78
-0.43 -0.15 0.64 12.14 3.66 40.33
-0.33 -0.15 0.69 67.86 -148.88 -46.77
-0.68 -0.07 0.84 6.94 10.94 23.06
-0.68 -0.14 0.73 60.08 -142.81 -22.57
-0.46 -0.04 0.97 14.90 -147.77 21.67
-0.02 0.17 0.73 -67.75 -47.13 76.87
-0.75 0.12 1.18 -79.28 58.36 133.45
-0.38 0.06 0.93 -62.42 -128.23 176.83
0.08 -0.01 0.50 -44.78 -124.11 226.79
0.31 -0.17 0.57 25.15 50.38 241.36
1.05 0.77 0.31 -146.74 171.78 -10.94
0.01 -0.14 -0.32 -108.39 249.99 77.91
-0.32 -0.58 0.73 -108.10 249.99 15.24
-1.23 -0.68 1.19 249.99 31.47 62.04
-0.48 0.57 0.14 -40.07 -207.12 62.43
0.55 -0.02 0.01 -16.18 -250.00 37.66
1.10 0.58 0.12 31.68 -250.00 -46.47
0.38 -0.17 0.42 -36.57 174.61 18.22
-0.08 -0.24 -0.31 -71.96 249.99 1.29
-1.23 -0.50 1.85 247.79 111.70 63.95
-0.93 0.55 0.90 -22.58 -245.50 18.47
0.45 0.11 0.80 44.76 162.83 104.66
-0.13 -0.02 1.05 7.73 232.97 30.10
-0.78 0.17 1.15 -36.90 5.81 6.97
-0.28 0.00 1.17 -31.16 -95.27 6.46
-0.53 0.01 0.66 -22.74 39.70 47.78
-0.43 -0.15 0.64 12.14 3.66 40.33
-0.33 -0.15 0.69 67.86 -148.88 -46.77
-0.68 -0.07 0.84 6.94 10.94 23.06
-0.68 -0.14 0.73 60.08 -142.81 -22.57
-0.46 -0.04 0.97 14.90 -147.77 21.67
-0.02 0.17 0.73 -67.75 -47.13 76.87
-0.75 0.12 1.18 -79.28 58.36 133.45
-0.38 0.06 0.93 -62.42 -128.23 176.83
0.08 -0.01 0.50 -44.78 -124.11 226.79
0.31 -0.17 0.57 25.15 50.38 241.36
1.64 -0.37 2.00 211.53 -250.00 -104.84
0.61 0.02 0.50 -87.86 207.17 59.75
-0.10 -0.11 -0.32 -90.78 249.99 24.77
-0.99 -0.48 2.00 30.06 199.61 8.29
-1.53 0.21 2.00 -131.43 96.76 -23.33
-0.04 0.07 -0.14 -20.03 -210.20 26.20
0.71 -0.30 1.49 30.43 -250.00 -33.31
0.84 0.66 1.13 -151.76 136.62 15.39
0.15 0.06 -0.22 -61.88 249.99 32.68
-0.30 -0.38 0.82 -40.43 249.99 6.71
-1.46 0.20 2.00 -91.63 47.37 -60.66
0.45 0.11 0.80 44.76 162.83 104.66
-0.13 -0.02 1.05 7.73 232.97 30.10
-0.78 0.17 1.15 -36.90 5.81 6.97
-0.28 0.00 1.17 -31.16 -95.27 6.46
-0.53 0.01 0.66 -22.74 39.70 47.78
-0.43 -0.15 0.64 12.14 3.66 40.33
-0.33 -0.15 0.69 67.86 -148.88 -46.77
-0.68 -0.07 0.84 6.94 10.94 23.06
-0.68 -0.14 0.73 60.08 -142.81 -22.57
-0.46 -0.04 0.97 14.90 -147.77 21.67
-0.02 0.17 0.73 -67.75 -47.13 76.87
-0.75 0.12 1.18 -79.28 58.36 133.45
-0.38 0.06 0.93 -62.42 -128.23 176.83
0.08 -0.01 0.50 -44.78 -124.11 226.79
0.31 -0.17 0.57 25.15 50.38 241.36
0.52 0.01 -0.19 10.80 -250.00 28.05
1.43 0.77 0.63 -12.41 -146.22 -11.44
0.42 -0.15 0.14 -69.31 196.68 47.16
-0.09 -0.16 -0.36 -79.01 249.99 8.59
-1.34 -0.36 2.00 188.54 -24.67 23.67
-0.87 0.41 1.13 -79.51 -177.51 -24.79
0.21 0.01 -0.19 1.52 -250.00 0.66
1.00 -0.53 2.00 175.44 -250.00 -58.59
0.53 0.44 1.37 -136.28 249.91 41.19
-0.17 -0.07 -0.32 -99.98 249.99 65.91
-0.72 -0.58 2.00 -23.57 184.61 36.77
0.45 0.11 0.80 44.76 162.83 104.66
-0.13 -0.02 1.05 7.73 232.97 30.10
-0.78 0.17 1.15 -36.90 5.81 6.97
-0.28 0.00 1.17 -31.16 -95.27 6.46
-0.53 0.01 0.66 -22.74 39.70 47.78
-0.43 -0.15 0.64 12.14 3.66 40.33
-0.33 -0.15 0.69 67.86 -148.88 -46.77
-0.68 -0.07 0.84 6.94 10.94 23.06
-0.68 -0.14 0.73 60.08 -142.81 -22.57
-0.46 -0.04 0.97 14.90 -147.77 21.67
-0.02 0.17 0.73 -67.75 -47.13 76.87
-0.75 0.12 1.18 -79.28 58.36 133.45
-0.38 0.06 0.93 -62.42 -128.23 176.83
0.08 -0.01 0.50 -44.78 -124.11 226.79
0.31 -0.17 0.57 25.15 50.38 241.36
0.06 0.02 -0.15 -2.36 -236.11 17.16
0.67 -0.16 0.18 -8.98 -250.00 -61.35
0.99 0.99 0.98 -148.49 92.49 -17.94
0.21 -0.02 -0.28 -97.89 249.99 69.12
-0.21 -0.34 -0.17 -136.24 249.99 31.70
-1.44 -0.64 2.00 249.99 -31.65 47.65
-0.18 0.27 0.14 -35.44 -177.50 34.81
0.60 0.01 -0.09 -14.90 -250.00 -13.04
1.13 1.02 -0.48 -78.00 -26.60 4.07
0.49 -0.15 -0.18 -42.90 162.86 61.25
0.45 0.11 0.80 44.76 162.83 104.66
-0.13 -0.02 1.05 7.73 232.97 30.10
-0.78 0.17 1.15 -36.90 5.81 6.97
-0.28 0.00 1.17 -31.16 -95.27 6.46
-0.53 0.01 0.66 -22.74 39.70 47.78
-0.43 -0.15 0.64 12.14 3.66 40.33
-0.33 -0.15 0.69 67.86 -148.88 -46.77
-0.68 -0.07 0.84 6.94 10.94 23.06
-0.68 -0.14 0.73 60.08 -142.81 -22.57
-0.46 -0.04 0.97 14.90 -147.77 21.67
-0.02 0.17 0.73 -67.75 -47.13 76.87
-0.75 0.12 1.18 -79.28 58.36 133.45
-0.38 0.06 0.93 -62.42 -128.23 176.83
0.08 -0.01 0.50 -44.78 -124.11 226.79
0.31 -0.17 0.57 25.15 50.38 241.36
-1.10 -0.51 1.76 249.99 49.19 61.99
-0.43 0.45 0.69 -38.44 -250.00 -0.60
0.41 0.01 -0.23 -26.86 -250.00 11.69
1.91 -0.47 1.95 249.99 -234.59 -121.91
0.56 0.03 0.43 -80.71 176.50 -3.75
-0.13 -0.00 -0.28 -48.41 249.99 -4.55
-1.09 -0.19 2.00 202.94 -74.94 55.86
-0.50 0.35 1.02 -45.05 -105.82 0.64
0.20 -0.05 -0.23 3.47 -118.12 9.64
0.45 -0.13 2.00 187.08 -250.00 -10.87
0.55 0.33 0.92 -100.72 103.98 48.48
0.45 0.11 0.80 44.76 162.83 104.66
-0.13 -0.02 1.05 7.73 232.97 30.10
-0.78 0.17 1.15 -36.90 5.81 6.97
-0.28 0.00 1.17 -31.16 -95.27 6.46
-0.53 0.01 0.66 -22.74 39.70 47.78
-0.43 -0.15 0.64 12.14 3.66 40.33
-0.33 -0.15 0.69 67.86 -148.88 -46.77
-0.68 -0.07 0.84 6.94 10.94 23.06
-0.68 -0.14 0.73 60.08 -142.81 -22.57
-0.46 -0.04 0.97 14.90 -147.77 21.67
-0.02 0.17 0.73 -67.75 -47.13 76.87
-0.75 0.12 1.18 -79.28 58.36 133.45
-0.38 0.06 0.93 -62.42 -128.23 176.83
0.08 -0.01 0.50 -44.78 -124.11 226.79
0.31 -0.17 0.57 25.15 50.38 241.36
-0.51 -0.61 2.00 23.90 174.31 -29.37
-1.18 0.51 2.00 -135.90 -35.25 -22.84
0.24 0.10 -0.25 -13.72 -241.64 13.79
0.53 0.05 2.00 98.72 -250.00 -27.95
0.87 0.46 0.92 -143.62 143.52 10.18
0.04 -0.20 -0.45 -51.35 249.99 54.99
-0.38 -0.66 1.68 -21.55 249.99 0.39
-1.38 0.37 2.00 -109.51 29.03 -56.02
0.12 0.18 -0.14 -20.13 -162.97 -24.28
0.49 -0.10 2.00 74.33 -250.00 -17.64
0.92 0.32 0.92 -168.66 210.39 18.04
0.45 0.11 0.80 44.76 162.83 104.66
-0.13 -0.02 1.05 7.73 232.97 30.10
-0.78 0.17 1.15 -36.90 5.81 6.97
-0.28 0.00 1.17 -31.16 -95.27 6.46
-0.53 0.01 0.66 -22.74 39.70 47.78
-0.43 -0.15 0.64 12.14 3.66 40.33
-0.33 -0.15 0.69 67.86 -148.88 -46.77
-0.68 -0.07 0.84 6.94 10.94 23.06
-0.68 -0.14 0.73 60.08 -142.81 -22.57
-0.46 -0.04 0.97 14.90 -147.77 21.67
-0.02 0.17 0.73 -67.75 -47.13 76.87
-0.75 0.12 1.18 -79.28 58.36 133.45
-0.38 0.06 0.93 -62.42 -128.23 176.83
0.08 -0.01 0.50 -44.78 -124.11 226.79
0.31 -0.17 0.57 25.15 50.38 241.36
-0.40 -0.67 2.00 -34.58 249.99 -9.39
-1.13 0.16 1.81 -134.33 -3.79 -53.70
0.05 0.09 -0.11 -45.34 -206.22 -3.81
0.92 -0.51 2.00 193.52 -250.00 -59.09
1.15 0.25 0.79 -164.06 135.77 20.54
0.07 -0.16 -0.39 -88.62 249.99 21.95
-1.04 -0.74 2.00 147.07 249.99 62.45
-1.52 0.64 1.53 -130.58 -86.46 -47.99
0.09 0.09 -0.16 -57.77 -228.22 33.33
0.86 -0.67 2.00 156.31 -250.00 -76.95
0.45 0.11 0.80 44.76 162.83 104.66
-0.13 -0.02 1.05 7.73 232.97 30.10
-0.78 0.17 1.15 -36.90 5.81 6.97
-0.28 0.00 1.17 -31.16 -95.27 6.46
-0.53 0.01 0.66 -22.74 39.70 47.78
-0.43 -0.15 0.64 12.14 3.66 40.33
-0.33 -0.15 0.69 67.86 -148.88 -46.77
-0.68 -0.07 0.84 6.94 10.94 23.06
-0.68 -0.14 0.73 60.08 -142.81 -22.57
-0.46 -0.04 0.97 14.90 -147.77 21.67
-0.02 0.17 0.73 -67.75 -47.13 76.87
-0.75 0.12 1.18 -79.28 58.36 133.45
-0.38 0.06 0.93 -62.42 -128.23 176.83
0.08 -0.01 0.50 -44.78 -124.11 226.79
0.31 -0.17 0.57 25.15 50.38 241.36
0.13 -0.12 -0.41 -67.57 249.99 22.31
-0.95 -0.76 2.00 139.02 249.99 31.10
-1.26 0.65 1.25 -110.21 -156.92 -17.30
0.32 0.17 -0.30 -25.70 -250.00 67.48
0.70 -0.05 2.00 82.64 -124.18 12.69
0.91 0.17 0.97 -78.34 43.57 -5.33
0.20 -0.02 -0.36 -44.76 249.99 -16.37
-0.52 -0.68 2.00 27.62 249.99 -5.89
-1.39 0.34 2.00 -84.08 -68.40 -66.25
0.14 0.25 -0.11 3.33 -250.00 45.68
0.75 0.05 0.63 53.34 -205.11 8.99
0.67 1.01 -147.05 .21 -0.3 72.46
0.45 0.11 0.80 44.76 162.83 104.66
-0.13 -0.02 1.05 7.73 232.97 30.10
-0.78 0.17 1.15 -36.90 5.81 6.97
-0.28 0.00 1.17 -31.16 -95.27 6.46
-0.53 0.01 0.66 -22.74 39.70 47.78
-0.43 -0.15 0.64 12.14 3.66 40.33
-0.33 -0.15 0.69 67.86 -148.88 -46.77
-0.68 -0.07 0.84 6.94 10.94 23.06
-0.68 -0.14 0.73 60.08 -142.81 -22.57
-0.46 -0.04 0.97 14.90 -147.77 21.67
-0.02 0.17 0.73 -67.75 -47.13 76.87
-0.75 0.12 1.18 -79.28 58.36 133.45
-0.38 0.06 0.93 -62.42 -128.23 176.83
0.08 -0.01 0.50 -44.78 -124.11 226.79
0.31 -0.17 0.57 25.15 50.38 241.36
0.03 0.14 -0.26 -80.49 249.99 22.98
-0.32 -0.38 0.29 -80.46 249.99 19.33
-1.47 0.37 1.28 -100.23 54.44 -26.89
-0.09 0.15 0.03 -13.66 -214.89 -4.73
0.49 0.11 -0.18 13.64 -249.04 -10.23
1.34 0.65 1.04 -147.25 52.20 -2.30
0.32 0.05 -0.42 -62.74 249.99 51.34
-0.16 -0.31 -0.33 -105.49 249.99 13.01
-1.81 0.13 0.73 17.21 68.19 -39.46
-0.27 0.23 0.14 -31.92 -210.15 33.05
0.60 0.05 -0.06 -7.42 -250.00 -10.52
0.45 0.11 0.80 44.76 162.83 104.66
-0.13 -0.02 1.05 7.73 232.97 30.10
-0.78 0.17 1.15 -36.90 5.81 6.97
-0.28 0.00 1.17 -31.16 -95.27 6.46
-0.53 0.01 0.66 -22.74 39.70 47.78
-0.43 -0.15 0.64 12.14 3.66 40.33
-0.33 -0.15 0.69 67.86 -148.88 -46.77
-0.68 -0.07 0.84 6.94 10.94 23.06
-0.68 -0.14 0.73 60.08 -142.81 -22.57
-0.46 -0.04 0.97 14.90 -147.77 21.67
-0.02 0.17 0.73 -67.75 -47.13 76.87
-0.75 0.12 1.18 -79.28 58.36 133.45
-0.38 0.06 0.93 -62.42 -128.23 176.83
0.08 -0.01 0.50 -44.78 -124.11 226.79
0.31 -0.17 0.57 25.15 50.38 241.36
0.30 -0.00 -0.41 -36.02 249.99 45.57
-0.11 -0.48 0.31 -62.19 249.99 3.97
-1.72 0.41 1.48 -96.94 108.06 -72.75
-0.16 0.24 -0.03 -33.45 -215.75 59.22
0.72 -0.04 0.16 2.21 -250.00 -4.87
1.16 0.60 1.25 -138.60 69.94 14.70
0.30 0.02 -0.37 -59.49 249.99 40.77
-0.18 -0.40 0.28 -73.77 249.99 -2.17
-1.53 0.16 1.69 -114.05 129.17 -90.13
-0.18 0.21 0.00 -36.38 -241.94 44.45
0.45 0.11 0.80 44.76 162.83 104.66
-0.13 -0.02 1.05 7.73 232.97 30.10
-0.78 0.17 1.15 -36.90 5.81 6.97
-0.28 0.00 1.17 -31.16 -95.27 6.46
-0.53 0.01 0.66 -22.74 39.70 47.78
-0.43 -0.15 0.64 12.14 3.66 40.33
-0.33 -0.15 0.69 67.86 -148.88 -46.77
-0.68 -0.07 0.84 6.94 10.94 23.06
-0.68 -0.14 0.73 60.08 -142.81 -22.57
-0.46 -0.04 0.97 14.90 -147.77 21.67
-0.02 0.17 0.73 -67.75 -47.13 76.87
-0.75 0.12 1.18 -79.28 58.36 133.45
-0.38 0.06 0.93 -62.42 -128.23 176.83
0.08 -0.01 0.50 -44.78 -124.11 226.79
0.31 -0.17 0.57 25.15 50.38 241.36
1.13 0.53 1.28 -122.07 19.17 18.57
0.42 0.02 -0.29 -78.88 207.47 38.89
-0.03 -0.36 0.04 -86.29 249.99 -8.91
-1.51 -0.28 1.69 87.14 90.00 -88.01
-0.40 0.37 0.06 -66.70 -225.87 30.82
0.63 -0.05 0.54 -16.95 -250.00 44.63
1.17 0.67 1.10 -62.94 103.66 -17.57
0.39 0.10 -0.29 -76.49 249.99 -20.87