0.11 -0.04 0.97 0.27 2.37 1.85
0.10 -0.03 0.98 -0.74 0.79 2.79
0.11 -0.02 0.97 0.24 4.17 1.08
0.09 -0.03 0.98 0.02 2.75 0.05
0.10 -0.02 0.99 -0.13 0.67 -0.24
0.11 -0.02 0.98 0.30 0.72 0.70
0.11 -0.03 0.97 -0.18 2.98 1.43
0.10 -0.03 0.96 0.03 3.75 2.82
0.08 -0.03 0.98 1.07 3.02 0.29
0.10 -0.03 0.98 0.24 0.40 1.21
0.11 -0.03 0.98 -0.39 1.79 1.37
0.09 -0.03 0.98 0.23 2.40 1.26
0.10 -0.03 0.97 0.26 1.20 1.05
0.09 -0.03 0.98 0.49 1.52 1.12
0.09 -0.03 0.97 0.55 0.54 2.01
0.10 -0.03 0.96 -1.77 -0.28 2.83
0.09 -0.05 0.98 1.97 1.17 4.12
0.08 -0.03 0.98 2.37 -5.89 5.09
0.09 -0.04 0.98 3.08 -5.87 11.54
0.08 -0.05 0.98 3.94 -4.30 19.08
0.07 -0.03 0.99 3.93 -10.95 20.87
0.11 -0.02 0.98 5.07 -15.46 18.59
0.13 0.00 0.95 6.58 -15.56 12.90
0.12 0.00 0.95 3.75 -19.20 13.37
0.19 -0.01 0.99 6.95 -22.06 5.79
0.20 0.01 0.98 3.37 -13.37 2.83
0.22 0.03 0.95 1.08 -4.22 0.31
0.18 0.00 1.00 1.37 0.00 0.63
0.20 -0.01 0.98 2.18 -5.81 -6.23
0.17 -0.00 0.97 3.82 -11.67 -5.95
0.21 0.02 0.96 0.30 -8.19 -3.07
0.23 -0.01 0.96 0.72 -2.40 -7.72
0.20 0.02 0.97 -0.80 -5.14 -4.15
0.22 -0.00 0.97 0.01 -6.74 -2.88
0.25 -0.01 0.98 1.27 -5.41 -5.94
0.23 0.02 0.97 0.08 -4.06 -2.95
0.23 0.01 0.98 -2.17 -1.19 -0.53
0.21 0.00 0.97 -1.20 -1.54 -1.27
0.23 0.00 0.96 0.55 -2.55 0.23
0.24 -0.00 0.96 0.69 0.15 -0.22
0.22 0.02 0.97 -1.29 -1.93 -1.46
0.24 -0.01 0.97 -0.98 -5.54 -2.82
0.24 -0.01 0.95 -1.06 0.66 0.24
0.23 0.00 0.96 -1.52 2.65 -1.19
0.23 -0.01 0.96 -1.11 -2.12 -3.04
0.25 -0.01 0.97 0.33 -5.22 -3.35
0.25 0.01 0.94 -0.31 -5.60 -2.33
0.25 -0.01 0.99 -0.81 -1.53 -4.75
0.25 0.00 0.96 -0.85 0.01 -3.65
0.24 0.01 0.94 0.12 1.17 -1.27
0.25 0.02 0.96 1.33 -2.04 -0.79
0.27 0.00 0.97 0.68 2.49 -2.02
0.24 0.01 0.97 -0.81 3.98 -1.53
0.24 -0.01 0.96 -0.35 0.47 -1.84
0.24 0.01 0.96 1.64 -0.96 -2.17
0.26 0.00 0.97 0.56 -2.30 -2.33
0.26 0.01 0.97 -0.93 1.24 -1.33
0.25 -0.00 0.96 0.42 0.72 0.41
0.26 0.00 0.95 0.95 0.69 -0.73
0.25 0.00 0.96 0.21 -0.37 -0.22
0.26 0.00 0.96 1.78 -0.60 0.16
0.26 0.01 0.96 -0.23 -0.39 0.40
0.26 0.01 0.96 0.49 1.82 0.82
0.25 0.01 0.97 0.61 0.26 1.11
0.26 0.01 0.97 0.62 0.07 2.53
0.25 0.02 0.99 1.58 3.03 1.10
0.27 0.02 0.97 -8.55 1.93 3.90
0.25 -0.02 0.93 -2.51 5.05 4.82
0.24 0.02 0.94 0.72 1.37 3.12
0.24 0.00 0.97 2.60 0.34 1.64
0.25 0.01 0.96 0.72 0.40 1.50
0.25 0.01 0.96 0.58 1.75 1.27
0.25 0.01 0.95 0.02 3.07 2.37
0.25 0.01 0.97 0.98 -0.02 1.65
0.25 0.00 0.96 -0.15 2.12 1.53
0.25 0.01 0.97 -0.98 2.72 1.44
0.25 -0.00 0.97 -1.47 2.33 1.75
0.24 0.01 0.96 -0.97 3.00 0.66
0.24 -0.01 0.96 -1.17 3.31 0.73
0.24 -0.00 0.96 0.38 1.44 -0.73
0.25 -0.01 0.96 -0.89 1.91 -0.57
0.25 -0.00 0.97 0.33 3.17 -1.50
0.25 0.00 0.97 -0.99 2.56 -1.82
0.23 -0.00 0.97 -1.05 4.01 -0.49
0.24 -0.01 0.97 -1.71 1.72 0.07
0.23 -0.01 0.96 -1.18 2.13 -0.20
0.24 -0.01 0.96 -0.07 0.84 -0.06
0.24 -0.00 0.96 0.57 2.98 0.24
0.24 -0.02 0.96 -0.02 0.31 0.54
0.25 -0.00 0.96 1.81 0.62 0.81
0.24 -0.01 0.96 2.79 -0.70 1.94
0.23 -0.00 0.97 4.25 0.72 2.49
0.24 0.01 0.98 3.02 -3.89 0.45
0.25 0.01 0.97 0.45 -0.03 1.36
0.24 0.00 0.96 -1.05 4.58 2.12
0.23 0.00 0.96 0.67 3.07 2.17
0.26 0.01 0.98 -0.79 1.53 0.54
0.27 0.00 0.97 -4.92 7.51 -5.80
0.30 -0.01 0.96 -8.02 9.80 -17.70
0.31 -0.02 0.96 -18.82 13.69 -31.03
0.23 0.02 0.93 -25.56 30.07 -41.79
0.20 -0.03 0.93 -24.02 29.69 -34.47
0.12 -0.10 0.96 -11.74 25.99 -23.64
0.13 -0.04 0.97 1.38 13.71 -13.17
0.15 -0.05 0.98 2.11 10.94 1.05
0.15 -0.03 0.97 -0.05 12.86 0.73
0.14 -0.06 0.99 1.05 16.79 -0.12
0.11 -0.07 1.00 3.43 18.10 1.74
0.10 -0.03 0.97 5.55 12.89 1.49
0.08 -0.05 0.98 5.08 6.02 6.27
0.12 -0.03 0.97 1.94 4.80 5.42
0.09 -0.03 0.99 -3.75 1.32 5.58
0.10 -0.04 0.98 -4.10 3.44 2.04
0.09 -0.04 0.97 -3.29 9.55 0.37
0.10 -0.05 0.96 -1.88 3.52 -0.91
0.10 -0.05 1.00 1.05 7.77 -3.20
0.09 -0.05 0.97 -0.05 8.03 -1.40
0.08 -0.05 0.96 0.67 11.49 -3.72
0.25 -0.00 0.96 1.81 0.62 0.81
0.24 -0.01 0.96 2.79 -0.70 1.94
0.23 -0.00 0.97 4.25 0.72 2.49
0.24 0.01 0.98 3.02 -3.89 0.45
0.25 0.01 0.97 0.45 -0.03 1.36
0.05 -0.06 0.96 -3.22 7.77 -5.07
0.06 -0.05 0.97 -2.25 9.06 -7.22
0.05 -0.08 0.98 -0.35 1.05 -6.15
0.06 -0.07 0.98 0.83 1.98 -5.20
0.08 -0.07 0.97 -3.94 6.56 -4.70
0.05 -0.07 1.00 -5.21 12.34 -4.63
0.04 -0.11 0.97 -2.54 10.07 -2.31
0.02 -0.07 0.96 2.57 5.23 -0.12
0.01 -0.06 0.98 9.80 -1.93 2.60
-0.01 -0.02 0.98 3.60 -8.95 10.06
0.07 0.02 0.92 -0.57 -10.73 14.35
0.09 -0.01 0.95 -3.57 3.32 6.62
0.11 -0.07 1.00 3.43 18.10 1.74
0.10 -0.03 0.97 5.55 12.89 1.49
0.08 -0.05 0.98 5.08 6.02 6.27
0.12 -0.03 0.97 1.94 4.80 5.42
0.09 -0.03 0.99 -3.75 1.32 5.58
0.10 -0.04 0.98 -4.10 3.44 2.04
0.09 -0.04 0.97 -3.29 9.55 0.37
0.10 -0.05 0.96 -1.88 3.52 -0.91
0.10 -0.05 1.00 1.05 7.77 -3.20
0.09 -0.05 0.97 -0.05 8.03 -1.40
0.08 -0.05 0.96 0.67 11.49 -3.72
0.25 -0.00 0.96 1.81 0.62 0.81
0.24 -0.01 0.96 2.79 -0.70 1.94
0.23 -0.00 0.97 4.25 0.72 2.49
0.24 0.01 0.98 3.02 -3.89 0.45
0.25 0.01 0.97 0.45 -0.03 1.36
0.03 -0.02 0.98 1.63 -5.92 2.82
0.06 -0.01 1.00 -4.52 -10.31 -5.57
0.11 -0.03 0.97 -3.68 -2.71 -7.80
0.06 -0.05 0.98 -2.17 2.04 -1.30
0.05 -0.08 0.97 -0.82 -2.29 -3.43
0.05 -0.06 0.96 0.73 -10.41 -1.98
0.07 -0.06 0.98 5.92 -14.77 0.28
0.10 -0.05 0.99 8.05 -15.16 -5.77
0.15 -0.00 0.94 -1.16 -11.34 -2.95
0.14 -0.04 0.99 -2.11 -0.66 -14.50
0.12 -0.01 0.92 2.62 -8.44 -18.89
0.13 -0.01 0.96 6.87 11.60 -15.92
0.11 -0.07 1.00 3.43 18.10 1.74
0.10 -0.03 0.97 5.55 12.89 1.49
0.08 -0.05 0.98 5.08 6.02 6.27
0.12 -0.03 0.97 1.94 4.80 5.42
0.09 -0.03 0.99 -3.75 1.32 5.58
0.10 -0.04 0.98 -4.10 3.44 2.04
0.09 -0.04 0.97 -3.29 9.55 0.37
0.10 -0.05 0.96 -1.88 3.52 -0.91
0.10 -0.05 1.00 1.05 7.77 -3.20
0.09 -0.05 0.97 -0.05 8.03 -1.40
0.08 -0.05 0.96 0.67 11.49 -3.72
0.25 -0.00 0.96 1.81 0.62 0.81
0.24 -0.01 0.96 2.79 -0.70 1.94
0.23 -0.00 0.97 4.25 0.72 2.49
0.24 0.01 0.98 3.02 -3.89 0.45
0.25 0.01 0.97 0.45 -0.03 1.36
0.05 0.04 1.03 11.94 -24.25 -16.07
0.20 0.10 1.09 19.65 -36.67 -31.28
0.16 0.11 1.02 16.69 -1.44 -47.10
0.22 0.13 0.96 -19.78 -27.47 -56.92
0.34 0.00 1.09 -24.42 -5.57 -75.80
0.30 0.02 0.82 -12.83 32.47 -52.74
0.43 -0.05 0.84 -0.17 21.77 -70.44
0.23 -0.18 0.93 18.47 53.92 -80.25
0.11 -0.05 1.15 12.47 -39.56 -67.70
0.37 0.11 1.12 -15.39 -69.33 -78.16
0.65 0.20 0.98 -17.94 -14.95 -75.12
0.11 -0.07 1.00 3.43 18.10 1.74
0.10 -0.03 0.97 5.55 12.89 1.49
0.08 -0.05 0.98 5.08 6.02 6.27
0.12 -0.03 0.97 1.94 4.80 5.42
0.09 -0.03 0.99 -3.75 1.32 5.58
0.10 -0.04 0.98 -4.10 3.44 2.04
0.09 -0.04 0.97 -3.29 9.55 0.37
0.10 -0.05 0.96 -1.88 3.52 -0.91
0.10 -0.05 1.00 1.05 7.77 -3.20
0.09 -0.05 0.97 -0.05 8.03 -1.40
0.08 -0.05 0.96 0.67 11.49 -3.72
0.25 -0.00 0.96 1.81 0.62 0.81
0.24 -0.01 0.96 2.79 -0.70 1.94
0.23 -0.00 0.97 4.25 0.72 2.49
0.24 0.01 0.98 3.02 -3.89 0.45
0.25 0.01 0.97 0.45 -0.03 1.36
-0.16 0.04 0.71 -53.96 145.45 -52.29
-0.56 -0.10 0.95 8.32 66.51 -14.08
-0.37 -0.09 1.38 90.16 -146.00 -62.32
0.53 0.05 0.85 38.44 -126.31 -110.30
0.42 0.24 0.88 -14.08 8.49 -63.11
0.13 0.25 0.96 -70.31 35.45 -66.61
0.14 0.07 0.91 -31.22 -11.41 -52.70
0.55 -0.04 0.57 1.79 6.55 -90.74
0.43 0.03 1.02 40.42 88.42 -27.60
0.25 -0.12 0.78 28.33 137.15 -16.75
-0.35 0.19 1.39 -23.31 4.64 1.10
0.16 0.18 1.06 -05 16.79 -0.12
0.11 -0.07 1.00 3.43 18.10 1.74
0.10 -0.03 0.97 5.55 12.89 1.49
0.08 -0.05 0.98 5.08 6.02 6.27
0.12 -0.03 0.97 1.94 4.80 5.42
0.09 -0.03 0.99 -3.75 1.32 5.58
0.10 -0.04 0.98 -4.10 3.44 2.04
0.09 -0.04 0.97 -3.29 9.55 0.37
0.10 -0.05 0.96 -1.88 3.52 -0.91
0.10 -0.05 1.00 1.05 7.77 -3.20
0.09 -0.05 0.97 -0.05 8.03 -1.40
0.08 -0.05 0.96 0.67 11.49 -3.72
0.25 -0.00 0.96 1.81 0.62 0.81
0.24 -0.01 0.96 2.79 -0.70 1.94
0.23 -0.00 0.97 4.25 0.72 2.49
0.24 0.01 0.98 3.02 -3.89 0.45
0.25 0.01 0.97 0.45 -0.03 1.36
-0.04 0.09 0.90 -50.46 51.82 10.91
-0.38 -0.12 0.93 -54.70 49.48 50.47
-0.29 -0.15 0.93 18.46 -79.35 6.81
-0.06 -0.16 0.95 32.06 -96.34 -33.49
0.28 0.07 1.14 8.08 -49.13 0.02
0.23 0.10 1.16 -10.33 19.13 50.71
0.45 0.10 0.63 -32.24 -22.94 20.88
0.51 0.13 0.51 -19.90 113.59 2.28
0.07 -0.20 0.84 83.82 122.60 103.15
-0.40 -0.04 1.44 -31.36 108.32 46.79
-0.08 0.19 1.05 -66.42 -84.35 44.14
0.11 -0.07 1.00 3.43 18.10 1.74
0.10 -0.03 0.97 5.55 12.89 1.49
0.08 -0.05 0.98 5.08 6.02 6.27
0.12 -0.03 0.97 1.94 4.80 5.42
0.09 -0.03 0.99 -3.75 1.32 5.58
0.10 -0.04 0.98 -4.10 3.44 2.04
0.09 -0.04 0.97 -3.29 9.55 0.37
0.10 -0.05 0.96 -1.88 3.52 -0.91
0.10 -0.05 1.00 1.05 7.77 -3.20
0.09 -0.05 0.97 -0.05 8.03 -1.40
0.08 -0.05 0.96 0.67 11.49 -3.72
0.25 -0.00 0.96 1.81 0.62 0.81
0.24 -0.01 0.96 2.79 -0.70 1.94
0.23 -0.00 0.97 4.25 0.72 2.49
0.24 0.01 0.98 3.02 -3.89 0.45
0.25 0.01 0.97 0.45 -0.03 1.36
-0.48 -0.24 0.78 -41.69 23.61 88.44
-0.29 -0.31 0.96 14.16 -119.80 23.92
-0.16 -0.47 1.45 140.83 -174.08 -70.73
0.43 0.25 1.20 -14.34 -96.46 -4.64
0.44 0.18 0.98 -14.98 -20.66 36.01
0.88 0.01 0.44 -31.10 -19.49 -58.58
0.33 0.07 0.71 14.85 164.49 0.86
0.13 -0.32 0.94 87.91 148.23 57.60
-0.37 -0.07 1.42 -7.78 67.12 42.26
0.08 0.33 1.10 -67.73 -50.21 43.08
-0.34 0.05 0.99 -35.71 84.95 47.36
0.11 -0.07 1.00 3.43 18.10 1.74
0.10 -0.03 0.97 5.55 12.89 1.49
0.08 -0.05 0.98 5.08 6.02 6.27
0.12 -0.03 0.97 1.94 4.80 5.42
0.09 -0.03 0.99 -3.75 1.32 5.58
0.10 -0.04 0.98 -4.10 3.44 2.04
0.09 -0.04 0.97 -3.29 9.55 0.37
0.10 -0.05 0.96 -1.88 3.52 -0.91
0.10 -0.05 1.00 1.05 7.77 -3.20
0.09 -0.05 0.97 -0.05 8.03 -1.40
0.08 -0.05 0.96 0.67 11.49 -3.72
0.25 -0.00 0.96 1.81 0.62 0.81
0.24 -0.01 0.96 2.79 -0.70 1.94
0.23 -0.00 0.97 4.25 0.72 2.49
0.24 0.01 0.98 3.02 -3.89 0.45
0.25 0.01 0.97 0.45 -0.03 1.36
-0.17 -0.46 1.13 108.01 -116.95 -30.12
0.14 0.11 1.43 7.48 -139.77 -54.24
0.19 0.37 0.77 -48.01 -18.14 21.50
0.65 0.09 0.81 -44.11 -61.18 10.95
0.67 -0.02 0.43 19.65 125.27 -51.35
0.08 -0.23 1.12 109.97 147.45 50.94
-0.55 0.08 1.58 -45.85 55.79 60.90
0.06 0.07 1.03 -59.61 -56.91 32.38
-0.29 -0.03 0.81 -53.37 86.85 23.88
-0.49 -0.22 0.65 -29.30 38.25 54.53
-0.25 -0.49 0.91 81.36 -101.78 -16.22
0.11 -0.07 1.00 3.43 18.10 1.74
0.10 -0.03 0.97 5.55 12.89 1.49
0.08 -0.05 0.98 5.08 6.02 6.27
0.12 -0.03 0.97 1.94 4.80 5.42
0.09 -0.03 0.99 -3.75 1.32 5.58
0.10 -0.04 0.98 -4.10 3.44 2.04
0.09 -0.04 0.97 -3.29 9.55 0.37
0.10 -0.05 0.96 -1.88 3.52 -0.91
0.10 -0.05 1.00 1.05 7.77 -3.20
0.09 -0.05 0.97 -0.05 8.03 -1.40
0.08 -0.05 0.96 0.67 11.49 -3.72
0.25 -0.00 0.96 1.81 0.62 0.81
0.24 -0.01 0.96 2.79 -0.70 1.94
0.23 -0.00 0.97 4.25 0.72 2.49
0.24 0.01 0.98 3.02 -3.89 0.45
0.25 0.01 0.97 0.45 -0.03 1.36
0.19 0.48 0.74 -20.10 -73.46 29.69
0.59 0.09 0.81 -45.14 -49.90 31.37
0.66 -0.09 0.36 25.08 62.32 -46.23
0.08 -0.12 1.25 117.47 145.55 32.35
-0.38 0.01 1.53 -26.44 34.90 52.70
0.14 0.17 0.95 -59.61 -46.85 57.46
-0.07 0.01 0.66 -62.51 80.62 29.08
-0.40 -0.27 0.68 -32.78 93.34 59.52
-0.28 -0.38 0.71 66.15 -19.28 -8.80
-0.24 0.06 1.00 -1.92 -153.28 -47.92
0.23 0.36 1.03 -29.82 -132.67 -3.61
0.45 0.06 0.98 -32.03 -45.07 -0.12
0.11 -0.07 1.00 3.43 18.10 1.74
0.10 -0.03 0.97 5.55 12.89 1.49
0.08 -0.05 0.98 5.08 6.02 6.27
0.12 -0.03 0.97 1.94 4.80 5.42
0.09 -0.03 0.99 -3.75 1.32 5.58
0.10 -0.04 0.98 -4.10 3.44 2.04
0.09 -0.04 0.97 -3.29 9.55 0.37
0.10 -0.05 0.96 -1.88 3.52 -0.91
0.10 -0.05 1.00 1.05 7.77 -3.20
0.09 -0.05 0.97 -0.05 8.03 -1.40
0.08 -0.05 0.96 0.67 11.49 -3.72
0.25 -0.00 0.96 1.81 0.62 0.81
0.24 -0.01 0.96 2.79 -0.70 1.94
0.23 -0.00 0.97 4.25 0.72 2.49
0.24 0.01 0.98 3.02 -3.89 0.45
0.25 0.01 0.97 0.45 -0.03 1.36
0.71 -0.17 0.58 -25.18 -18.55 -47.94
0.24 -0.06 0.95 63.65 136.36 8.64
0.27 -0.25 0.88 95.50 75.13 46.12
-0.43 0.16 1.43 -7.41 24.81 63.10
0.18 0.23 1.05 -73.87 -72.77 43.45
-0.11 -0.05 0.76 -46.38 106.39 35.21
-0.49 -0.31 0.84 -44.50 70.96 89.85
-0.26 -0.33 0.77 45.96 -48.16 4.51
-0.26 0.00 0.99 72.93 -207.92 -62.77
0.53 0.24 1.04 -10.27 -77.29 3.23
0.28 0.12 1.07 -43.99 5.10 31.79
0.11 -0.07 1.00 3.43 18.10 1.74
0.10 -0.03 0.97 5.55 12.89 1.49
0.08 -0.05 0.98 5.08 6.02 6.27
0.12 -0.03 0.97 1.94 4.80 5.42
0.09 -0.03 0.99 -3.75 1.32 5.58
0.10 -0.04 0.98 -4.10 3.44 2.04
0.09 -0.04 0.97 -3.29 9.55 0.37
0.10 -0.05 0.96 -1.88 3.52 -0.91
0.10 -0.05 1.00 1.05 7.77 -3.20
0.09 -0.05 0.97 -0.05 8.03 -1.40
0.08 -0.05 0.96 0.67 11.49 -3.72
0.25 -0.00 0.96 1.81 0.62 0.81
0.24 -0.01 0.96 2.79 -0.70 1.94
0.23 -0.00 0.97 4.25 0.72 2.49
0.24 0.01 0.98 3.02 -3.89 0.45
0.25 0.01 0.97 0.45 -0.03 1.36
0.44 0.06 0.62 19.27 97.89 -28.28
0.26 -0.18 0.75 109.09 119.67 58.58
-0.28 -0.11 1.45 -12.00 139.72 26.47
-0.11 0.17 1.19 -57.50 -64.59 20.55
-0.11 -0.05 0.80 -35.45 73.59 19.95
-0.42 -0.27 0.86 -31.19 66.09 61.43
-0.26 -0.23 0.88 10.64 -48.40 14.47
-0.29 -0.17 0.81 65.16 -65.73 -43.65
0.08 0.05 1.28 -14.34 -125.43 7.16
0.25 -0.01 1.22 -14.37 -21.42 6.64
0.19 -0.05 0.94 -1.84 -36.61 1.82
0.11 -0.07 1.00 3.43 18.10 1.74
0.10 -0.03 0.97 5.55 12.89 1.49
0.08 -0.05 0.98 5.08 6.02 6.27
0.12 -0.03 0.97 1.94 4.80 5.42
0.09 -0.03 0.99 -3.75 1.32 5.58
0.10 -0.04 0.98 -4.10 3.44 2.04
0.09 -0.04 0.97 -3.29 9.55 0.37
0.10 -0.05 0.96 -1.88 3.52 -0.91
0.10 -0.05 1.00 1.05 7.77 -3.20
0.09 -0.05 0.97 -0.05 8.03 -1.40
0.08 -0.05 0.96 0.67 11.49 -3.72
0.25 -0.00 0.96 1.81 0.62 0.81
0.24 -0.01 0.96 2.79 -0.70 1.94
0.23 -0.00 0.97 4.25 0.72 2.49
0.24 0.01 0.98 3.02 -3.89 0.45
0.25 0.01 0.97 0.45 -0.03 1.36
0.42 0.16 0.66 41.19 29.44 38.11
0.27 0.02 0.98 51.57 129.49 92.07
-0.33 0.04 1.31 -9.86 139.60 61.42
-0.27 0.02 1.11 -50.89 -34.35 39.66
-0.09 0.05 0.93 -33.26 4.91 23.77
-0.34 -0.10 0.87 -42.01 33.50 77.75
-0.30 -0.12 0.83 -55.53 -9.79 73.62
-0.29 -0.16 0.89 15.38 -66.83 3.41
-0.20 -0.39 1.05 79.88 -96.44 -43.32
0.23 0.10 1.12 -24.00 -109.41 14.26
0.28 0.09 1.24 -6.45 -35.01 44.13
0.11 -0.07 1.00 3.43 18.10 1.74
0.10 -0.03 0.97 5.55 12.89 1.49
0.08 -0.05 0.98 5.08 6.02 6.27
0.12 -0.03 0.97 1.94 4.80 5.42
0.09 -0.03 0.99 -3.75 1.32 5.58
0.10 -0.04 0.98 -4.10 3.44 2.04
0.09 -0.04 0.97 -3.29 9.55 0.37
0.10 -0.05 0.96 -1.88 3.52 -0.91
0.10 -0.05 1.00 1.05 7.77 -3.20
0.09 -0.05 0.97 -0.05 8.03 -1.40
0.08 -0.05 0.96 0.67 11.49 -3.72
0.25 -0.00 0.96 1.81 0.62 0.81
0.24 -0.01 0.96 2.79 -0.70 1.94
0.23 -0.00 0.97 4.25 0.72 2.49
0.24 0.01 0.98 3.02 -3.89 0.45
0.25 0.01 0.97 0.45 -0.03 1.36
0.56 -0.06 0.64 -17.06 -14.84 -38.61
0.35 0.06 0.80 35.89 100.95 53.79
0.29 -0.20 0.85 60.51 87.33 53.57
-0.21 0.03 1.28 -16.18 41.45 -3.91
-0.05 0.10 1.16 -35.14 -20.03 9.46
-0.15 -0.05 0.90 -34.78 15.17 51.47
-0.13 -0.19 0.84 -42.68 30.42 46.42
-0.11 -0.03 0.91 12.42 -33.26 9.94
-0.07 -0.29 0.90 78.37 6.90 -38.96
0.11 -0.03 1.08 -13.56 -84.54 -22.36
0.09 0.11 1.21 -20.93 -24.80 20.59
0.51 -0.04 0.98 2.20 -52.33 -26.29
0.11 -0.07 1.00 3.43 18.10 1.74
0.10 -0.03 0.97 5.55 12.89 1.49
0.08 -0.05 0.98 5.08 6.02 6.27
0.12 -0.03 0.97 1.94 4.80 5.42
0.09 -0.03 0.99 -3.75 1.32 5.58
0.10 -0.04 0.98 -4.10 3.44 2.04
0.09 -0.04 0.97 -3.29 9.55 0.37
0.10 -0.05 0.96 -1.88 3.52 -0.91
0.10 -0.05 1.00 1.05 7.77 -3.20
0.09 -0.05 0.97 -0.05 8.03 -1.40
0.08 -0.05 0.96 0.67 11.49 -3.72
0.25 -0.00 0.96 1.81 0.62 0.81
0.24 -0.01 0.96 2.79 -0.70 1.94
0.23 -0.00 0.97 4.25 0.72 2.49
0.24 0.01 0.98 3.02 -3.89 0.45
0.25 0.01 0.97 0.45 -0.03 1.36
0.24 0.16 0.79 20.13 120.33 18.39
0.08 -0.00 0.85 46.24 70.82 98.30
-0.25 -0.24 1.38 -19.97 70.95 39.28
-0.09 -0.03 1.13 -25.95 -71.04 8.05
-0.15 -0.10 0.82 -26.37 28.05 43.94
-0.17 -0.24 0.83 -25.63 37.32 60.71
-0.23 -0.07 0.99 16.38 -11.77 2.56
-0.17 -0.22 0.94 79.73 -23.28 -43.24
-0.07 0.09 1.25 -8.99 -86.66 2.96
0.06 0.12 1.24 -21.86 -65.98 45.66
0.11 -0.07 1.00 3.43 18.10 1.74
0.10 -0.03 0.97 5.55 12.89 1.49
0.08 -0.05 0.98 5.08 6.02 6.27
0.12 -0.03 0.97 1.94 4.80 5.42
0.09 -0.03 0.99 -3.75 1.32 5.58
0.10 -0.04 0.98 -4.10 3.44 2.04
0.09 -0.04 0.97 -3.29 9.55 0.37
0.10 -0.05 0.96 -1.88 3.52 -0.91
0.10 -0.05 1.00 1.05 7.77 -3.20
0.09 -0.05 0.97 -0.05 8.03 -1.40
0.08 -0.05 0.96 0.67 11.49 -3.72
0.25 -0.00 0.96 1.81 0.62 0.81
0.24 -0.01 0.96 2.79 -0.70 1.94
0.23 -0.00 0.97 4.25 0.72 2.49
0.24 0.01 0.98 3.02 -3.89 0.45
0.25 0.01 0.97 0.45 -0.03 1.36
0.55 -0.05 0.46 24.99 45.21 -16.12
0.14 0.08 0.94 95.88 151.73 93.73
-0.28 0.02 1.43 -26.43 142.55 66.14
-0.30 0.01 1.03 -42.62 -31.55 82.89
-0.13 0.09 0.71 -39.57 -9.38 26.25
-0.41 -0.14 0.91 -32.68 32.55 70.87
-0.30 -0.18 0.86 -12.61 -66.45 49.33
-0.15 -0.35 1.00 70.19 -66.15 -24.82
0.11 0.07 1.22 8.42 -138.46 -7.03
0.18 0.27 1.11 -17.71 -10.77 63.12
0.65 0.02 0.68 -23.11 -55.09 32.26
0.52 -0.03 0.40 42.96 113.82 -23.07
0.11 -0.07 1.00 3.43 18.10 1.74
0.10 -0.03 0.97 5.55 12.89 1.49
0.08 -0.05 0.98 5.08 6.02 6.27
0.12 -0.03 0.97 1.94 4.80 5.42
0.09 -0.03 0.99 -3.75 1.32 5.58
0.10 -0.04 0.98 -4.10 3.44 2.04
0.09 -0.04 0.97 -3.29 9.55 0.37
0.10 -0.05 0.96 -1.88 3.52 -0.91
0.10 -0.05 1.00 1.05 7.77 -3.20
0.09 -0.05 0.97 -0.05 8.03 -1.40
0.08 -0.05 0.96 0.67 11.49 -3.72
0.25 -0.00 0.96 1.81 0.62 0.81
0.24 -0.01 0.96 2.79 -0.70 1.94
0.23 -0.00 0.97 4.25 0.72 2.49
0.24 0.01 0.98 3.02 -3.89 0.45
0.25 0.01 0.97 0.45 -0.03 1.36
-0.33 0.11 1.38 -16.98 17.23 84.40
-0.01 0.24 0.91 -65.51 -16.31 59.87
-0.12 0.12 0.60 -64.96 52.69 28.84
-0.46 -0.27 0.86 -13.69 45.65 69.37
-0.37 -0.58 1.57 118.64 -73.88 28.58
0.07 0.07 1.30 6.71 -145.88 -12.71
0.13 0.54 0.66 -22.35 -60.02 29.21
0.41 0.11 0.33 -38.33 -40.67 69.84
0.70 -0.32 0.69 113.69 49.48 -22.80
-0.15 -0.10 1.96 20.38 181.95 35.32
0.11 -0.07 1.00 3.43 18.10 1.74
0.10 -0.03 0.97 5.55 12.89 1.49
0.08 -0.05 0.98 5.08 6.02 6.27
0.12 -0.03 0.97 1.94 4.80 5.42
0.09 -0.03 0.99 -3.75 1.32 5.58
0.10 -0.04 0.98 -4.10 3.44 2.04
0.09 -0.04 0.97 -3.29 9.55 0.37
0.10 -0.05 0.96 -1.88 3.52 -0.91
0.10 -0.05 1.00 1.05 7.77 -3.20
0.09 -0.05 0.97 -0.05 8.03 -1.40
0.08 -0.05 0.96 0.67 11.49 -3.72
0.25 -0.00 0.96 1.81 0.62 0.81
0.24 -0.01 0.96 2.79 -0.70 1.94
0.23 -0.00 0.97 4.25 0.72 2.49
0.24 0.01 0.98 3.02 -3.89 0.45
0.25 0.01 0.97 0.45 -0.03 1.36
0.03 -0.05 0.39 -41.66 66.02 38.02
-0.15 -0.22 0.26 -33.27 71.37 -13.84
-0.78 -0.52 1.12 154.24 16.70 29.83
-0.12 0.09 1.46 4.21 -190.17 5.91
0.15 0.51 0.75 -24.95 -129.95 -4.25
0.20 0.16 0.13 -26.37 -80.35 26.42
0.67 -0.36 0.96 116.13 -18.75 -23.42
0.02 -0.02 2.00 28.56 135.14 4.15
-0.02 0.44 0.72 -86.69 14.74 36.10
0.08 -0.05 0.09 -48.80 106.98 41.57
-0.17 -0.27 0.63 -16.01 82.03 -14.75
0.11 -0.07 1.00 3.43 18.10 1.74
0.10 -0.03 0.97 5.55 12.89 1.49
0.08 -0.05 0.98 5.08 6.02 6.27
0.12 -0.03 0.97 1.94 4.80 5.42
0.09 -0.03 0.99 -3.75 1.32 5.58
0.10 -0.04 0.98 -4.10 3.44 2.04
0.09 -0.04 0.97 -3.29 9.55 0.37
0.10 -0.05 0.96 -1.88 3.52 -0.91
0.10 -0.05 1.00 1.05 7.77 -3.20
0.09 -0.05 0.97 -0.05 8.03 -1.40
0.08 -0.05 0.96 0.67 11.49 -3.72
0.25 -0.00 0.96 1.81 0.62 0.81
0.24 -0.01 0.96 2.79 -0.70 1.94
0.23 -0.00 0.97 4.25 0.72 2.49
0.24 0.01 0.98 3.02 -3.89 0.45
0.25 0.01 0.97 0.45 -0.03 1.36
-0.21 0.18 1.34 -13.20 -171.93 -25.41
0.13 0.44 0.44 -16.13 -132.61 -2.23
0.46 -0.01 0.31 -33.67 -112.25 12.24
0.93 -0.16 0.78 113.93 132.56 -46.62
-0.11 0.10 1.54 -13.02 122.67 39.10
-0.04 0.22 0.41 -81.36 70.32 84.59
-0.05 -0.19 0.20 -63.34 144.10 24.49
-0.64 -0.55 1.22 129.83 28.26 16.33
-0.48 -0.14 1.77 15.08 -129.06 -15.72
0.01 0.39 0.69 -25.45 -166.64 -5.39
0.20 0.17 -0.00 -18.67 -152.49 16.37
0.11 -0.07 1.00 3.43 18.10 1.74
0.10 -0.03 0.97 5.55 12.89 1.49
0.08 -0.05 0.98 5.08 6.02 6.27
0.12 -0.03 0.97 1.94 4.80 5.42
0.09 -0.03 0.99 -3.75 1.32 5.58
0.10 -0.04 0.98 -4.10 3.44 2.04
0.09 -0.04 0.97 -3.29 9.55 0.37
0.10 -0.05 0.96 -1.88 3.52 -0.91
0.10 -0.05 1.00 1.05 7.77 -3.20
0.09 -0.05 0.97 -0.05 8.03 -1.40
0.08 -0.05 0.96 0.67 11.49 -3.72
0.25 -0.00 0.96 1.81 0.62 0.81
0.24 -0.01 0.96 2.79 -0.70 1.94
0.23 -0.00 0.97 4.25 0.72 2.49
0.24 0.01 0.98 3.02 -3.89 0.45
0.25 0.01 0.97 0.45 -0.03 1.36
-0.06 -0.04 1.87 9.14 140.14 73.20
-0.16 0.36 0.79 -101.91 88.94 92.86
-0.06 -0.08 0.16 -71.63 172.77 68.29
-0.47 -0.42 1.10 20.32 6.75 10.84
-0.79 -0.25 1.41 35.87 -33.49 -6.31
-0.21 0.30 1.17 -25.93 -208.47 8.81
0.25 0.35 0.19 -39.66 -158.17 34.04
0.80 -0.24 0.96 14.69 -91.55 0.82
0.62 -0.15 1.34 139.81 198.54 -2.37
-0.05 0.02 1.38 -11.58 80.99 105.45
0.09 0.27 0.32 -70.25 56.12 108.44
0.11 -0.07 1.00 3.43 18.10 1.74
0.10 -0.03 0.97 5.55 12.89 1.49
0.08 -0.05 0.98 5.08 6.02 6.27
0.12 -0.03 0.97 1.94 4.80 5.42
0.09 -0.03 0.99 -3.75 1.32 5.58
0.10 -0.04 0.98 -4.10 3.44 2.04
0.09 -0.04 0.97 -3.29 9.55 0.37
0.10 -0.05 0.96 -1.88 3.52 -0.91
0.10 -0.05 1.00 1.05 7.77 -3.20
0.09 -0.05 0.97 -0.05 8.03 -1.40
0.08 -0.05 0.96 0.67 11.49 -3.72
0.25 -0.00 0.96 1.81 0.62 0.81
0.24 -0.01 0.96 2.79 -0.70 1.94
0.23 -0.00 0.97 4.25 0.72 2.49
0.24 0.01 0.98 3.02 -3.89 0.45
0.25 0.01 0.97 0.45 -0.03 1.36
-0.67 -0.55 1.05 92.03 129.74 56.57
-0.57 -0.05 1.72 -28.47 -198.38 31.03
0.22 0.43 0.87 -29.68 -225.03 15.06
0.45 0.40 0.01 -77.86 -119.42 48.55
0.76 -0.20 0.85 94.78 74.98 10.76
0.09 -0.48 1.37 37.86 180.21 87.45
-0.17 0.34 1.19 -60.96 24.99 112.18
0.10 0.16 0.29 -98.43 43.22 94.57
-0.27 -0.19 0.60 -69.73 99.84 35.42
-0.76 -0.60 1.20 66.98 140.05 64.39
-0.64 -0.27 1.45 137.30 -250.00 -5.44
0.11 -0.07 1.00 3.43 18.10 1.74
0.10 -0.03 0.97 5.55 12.89 1.49
0.08 -0.05 0.98 5.08 6.02 6.27
0.12 -0.03 0.97 1.94 4.80 5.42
0.09 -0.03 0.99 -3.75 1.32 5.58
0.10 -0.04 0.98 -4.10 3.44 2.04
0.09 -0.04 0.97 -3.29 9.55 0.37
0.10 -0.05 0.96 -1.88 3.52 -0.91
0.10 -0.05 1.00 1.05 7.77 -3.20
0.09 -0.05 0.97 -0.05 8.03 -1.40
0.08 -0.05 0.96 0.67 11.49 -3.72
0.25 -0.00 0.96 1.81 0.62 0.81
0.24 -0.01 0.96 2.79 -0.70 1.94
0.23 -0.00 0.97 4.25 0.72 2.49
0.24 0.01 0.98 3.02 -3.89 0.45
0.25 0.01 0.97 0.45 -0.03 1.36
0.50 0.37 0.01 -52.02 -33.09 89.58
0.59 -0.32 1.00 105.15 79.40 45.53
-0.24 -0.23 1.98 18.98 172.64 41.60
-0.15 0.27 1.10 -58.39 5.07 55.66
0.02 0.11 0.27 -95.66 80.00 46.42
-0.48 -0.26 0.94 -33.79 99.76 49.97
-0.53 -0.76 1.79 128.43 -45.66 -2.71
-0.08 0.07 1.03 32.23 -187.74 -67.15
0.32 0.71 0.13 -37.41 -206.19 14.24
1.22 -0.00 1.01 4.92 28.69 12.41
0.37 -0.39 1.16 144.94 141.62 4.47
0.03 -0.04 1.43 -34.55 51.1 -0.12
0.11 -0.07 1.00 3.43 18.10 1.74
0.10 -0.03 0.97 5.55 12.89 1.49
0.08 -0.05 0.98 5.08 6.02 6.27
0.12 -0.03 0.97 1.94 4.80 5.42
0.09 -0.03 0.99 -3.75 1.32 5.58
0.10 -0.04 0.98 -4.10 3.44 2.04
0.09 -0.04 0.97 -3.29 9.55 0.37
0.10 -0.05 0.96 -1.88 3.52 -0.91
0.10 -0.05 1.00 1.05 7.77 -3.20
0.09 -0.05 0.97 -0.05 8.03 -1.40
0.08 -0.05 0.96 0.67 11.49 -3.72
0.25 -0.00 0.96 1.81 0.62 0.81
0.24 -0.01 0.96 2.79 -0.70 1.94
0.23 -0.00 0.97 4.25 0.72 2.49
0.24 0.01 0.98 3.02 -3.89 0.45
0.25 0.01 0.97 0.45 -0.03 1.36
0.03 0.29 1.00 -84.02 84.74 28.69
-0.33 -0.00 0.69 -62.64 151.74 43.09
-0.45 -0.37 0.86 27.45 121.64 17.65
-0.70 -0.38 1.45 133.25 -214.91 -92.09
0.12 0.27 1.21 -19.34 -163.34 -49.74
0.28 0.12 1.01 -54.82 -102.66 10.55
0.96 -0.13 0.65 -46.78 -141.84 -41.37
0.58 -0.09 0.73 -12.84 117.11 5.93