-0.20 0.45 0.85 -2.01 5.77 -3.77
-0.18 0.43 0.81 0.58 -2.28 -6.18
-0.19 0.43 0.84 1.43 -6.62 -3.70
-0.19 0.43 0.83 5.81 7.91 -3.32
-0.19 0.44 0.81 4.04 9.00 -1.01
-0.21 0.45 0.82 1.49 8.38 2.01
-0.22 0.45 0.86 -0.23 6.02 0.02
-0.20 0.44 0.84 1.28 -3.02 -3.14
-0.20 0.45 0.82 0.08 2.84 -0.92
-0.21 0.44 0.85 -2.36 5.23 -1.14
-0.22 0.43 0.84 0.16 -4.20 2.34
-0.19 0.46 0.79 1.05 7.22 1.55
-0.20 0.45 0.80 -0.34 6.17 2.62
-0.24 0.44 0.82 2.06 3.58 4.09
-0.23 0.46 0.81 -0.07 0.19 5.95
-0.17 0.45 0.82 -5.56 -4.88 3.62
-0.19 0.44 0.86 -5.74 8.90 0.31
-0.26 0.44 0.85 -4.54 6.51 2.89
-0.24 0.44 0.84 -4.59 -11.05 3.97
-0.18 0.46 0.82 -5.91 -8.91 12.88
-0.22 0.44 0.86 -5.78 10.93 22.20
-0.23 0.43 0.85 -10.14 3.63 15.14
-0.21 0.41 0.88 -8.59 -1.52 10.44
-0.15 0.40 0.85 -4.03 -1.85 4.28
-0.22 0.39 0.87 -0.02 -6.36 -5.62
-0.16 0.47 0.82 -4.09 -10.61 4.88
-0.19 0.42 0.89 1.82 3.79 5.30
-0.19 0.40 0.86 -1.40 2.75 4.96
-0.17 0.40 0.83 -0.38 -3.22 1.21
-0.20 0.40 0.83 2.14 -2.56 -0.72
-0.18 0.41 0.88 8.25 -24.20 1.72
-0.14 0.40 0.83 12.85 -9.83 -1.08
-0.19 0.44 0.81 4.04 9.00 -1.01
-0.21 0.45 0.82 1.49 8.38 2.01
-0.22 0.45 0.86 -0.23 6.02 0.02
-0.20 0.44 0.84 1.28 -3.02 -3.14
-0.20 0.45 0.82 0.08 2.84 -0.92
-0.21 0.44 0.85 -2.36 5.23 -1.14
-0.22 0.43 0.84 0.16 -4.20 2.34
-0.19 0.46 0.79 1.05 7.22 1.55
-0.20 0.45 0.80 -0.34 6.17 2.62
-0.24 0.44 0.82 2.06 3.58 4.09
-0.23 0.46 0.81 -0.07 0.19 5.95
-0.17 0.45 0.82 -5.56 -4.88 3.62
-0.19 0.44 0.86 -5.74 8.90 0.31
-0.26 0.44 0.85 -4.54 6.51 2.89
-0.24 0.44 0.84 -4.59 -11.05 3.97
-0.18 0.46 0.82 -5.91 -8.91 12.88
-0.17 0.55 0.82 -7.04 -20.29 12.14
-0.13 0.46 0.85 -5.13 -14.17 18.58
-0.08 0.40 0.79 -5.36 -12.60 15.85
-0.14 0.40 0.91 -3.52 -25.76 12.31
-0.05 0.40 0.91 4.99 -51.72 6.63
0.05 0.41 0.82 15.02 -38.06 -3.50
-0.01 0.46 0.86 7.06 -11.47 -3.90
-0.02 0.46 0.88 5.48 -22.73 -6.20
0.05 0.45 0.84 7.45 -15.66 -9.06
0.02 0.49 0.86 6.71 -5.74 -4.39
0.00 0.47 0.87 5.65 -14.59 -4.17
0.04 0.47 0.85 7.48 -13.74 -3.43
-0.19 0.44 0.81 4.04 9.00 -1.01
-0.21 0.45 0.82 1.49 8.38 2.01
-0.22 0.45 0.86 -0.23 6.02 0.02
-0.20 0.44 0.84 1.28 -3.02 -3.14
-0.20 0.45 0.82 0.08 2.84 -0.92
-0.21 0.44 0.85 -2.36 5.23 -1.14
-0.22 0.43 0.84 0.16 -4.20 2.34
-0.19 0.46 0.79 1.05 7.22 1.55
-0.20 0.45 0.80 -0.34 6.17 2.62
-0.24 0.44 0.82 2.06 3.58 4.09
-0.23 0.46 0.81 -0.07 0.19 5.95
-0.17 0.45 0.82 -5.56 -4.88 3.62
-0.19 0.44 0.86 -5.74 8.90 0.31
-0.26 0.44 0.85 -4.54 6.51 2.89
-0.24 0.44 0.84 -4.59 -11.05 3.97
-0.18 0.46 0.82 -5.91 -8.91 12.88
0.04 0.48 0.87 -0.39 -4.78 -5.97
0.04 0.50 0.85 -1.61 4.63 -4.24
0.05 0.46 0.87 -2.37 0.95 -2.09
0.05 0.50 0.81 -1.17 7.48 0.34
0.03 0.49 0.83 -2.18 6.78 3.03
0.02 0.49 0.84 -3.23 8.13 6.29
0.01 0.45 0.88 -0.39 -1.59 5.92
0.03 0.46 0.84 -0.72 -2.82 3.23
0.02 0.49 0.88 -1.38 1.01 2.68
0.04 0.44 0.87 -2.27 -12.33 -1.45
0.04 0.45 0.85 -1.50 -5.21 -3.32
0.01 0.44 0.86 -1.63 3.98 -4.57
-0.19 0.44 0.81 4.04 9.00 -1.01
-0.21 0.45 0.82 1.49 8.38 2.01
-0.22 0.45 0.86 -0.23 6.02 0.02
-0.20 0.44 0.84 1.28 -3.02 -3.14
-0.20 0.45 0.82 0.08 2.84 -0.92
-0.21 0.44 0.85 -2.36 5.23 -1.14
-0.22 0.43 0.84 0.16 -4.20 2.34
-0.19 0.46 0.79 1.05 7.22 1.55
-0.20 0.45 0.80 -0.34 6.17 2.62
-0.24 0.44 0.82 2.06 3.58 4.09
-0.23 0.46 0.81 -0.07 0.19 5.95
-0.17 0.45 0.82 -5.56 -4.88 3.62
-0.19 0.44 0.86 -5.74 8.90 0.31
-0.26 0.44 0.85 -4.54 6.51 2.89
-0.24 0.44 0.84 -4.59 -11.05 3.97
-0.18 0.46 0.82 -5.91 -8.91 12.88
0.12 0.45 0.85 7.73 6.07 -11.37
-0.00 0.46 0.88 0.56 12.07 -9.86
0.03 0.47 0.85 1.58 1.44 -5.62
0.07 0.54 0.81 -4.01 12.44 4.43
0.01 0.50 0.86 -6.67 31.11 10.91
-0.03 0.48 0.86 -8.33 25.72 14.78
-0.06 0.44 0.89 -6.52 6.55 11.06
0.02 0.44 0.82 0.39 -6.81 5.88
0.04 0.48 0.79 -3.59 7.68 1.49
-0.04 0.44 0.89 -2.56 18.05 2.41
-0.05 0.45 0.88 -0.79 -3.74 -1.21
-0.02 0.44 0.86 -3.41 0.67 -4.91
-0.19 0.44 0.81 4.04 9.00 -1.01
-0.21 0.45 0.82 1.49 8.38 2.01
-0.22 0.45 0.86 -0.23 6.02 0.02
-0.20 0.44 0.84 1.28 -3.02 -3.14
-0.20 0.45 0.82 0.08 2.84 -0.92
-0.21 0.44 0.85 -2.36 5.23 -1.14
-0.22 0.43 0.84 0.16 -4.20 2.34
-0.19 0.46 0.79 1.05 7.22 1.55
-0.20 0.45 0.80 -0.34 6.17 2.62
-0.24 0.44 0.82 2.06 3.58 4.09
-0.23 0.46 0.81 -0.07 0.19 5.95
-0.17 0.45 0.82 -5.56 -4.88 3.62
-0.19 0.44 0.86 -5.74 8.90 0.31
-0.26 0.44 0.85 -4.54 6.51 2.89
-0.24 0.44 0.84 -4.59 -11.05 3.97
-0.18 0.46 0.82 -5.91 -8.91 12.88
-0.01 0.44 0.89 -0.49 4.06 -0.69
-0.02 0.41 0.89 2.64 5.47 -1.24
-0.03 0.44 0.86 2.93 4.33 -1.07
0.01 0.45 0.86 -0.04 0.79 0.49
-0.01 0.45 0.89 0.01 5.37 -0.89
-0.03 0.43 0.88 -4.01 3.19 -1.47
-0.03 0.46 0.87 -0.15 2.96 0.08
-0.00 0.44 0.82 1.46 10.48 1.59
-0.06 0.48 0.89 -2.82 3.40 3.23
-0.05 0.45 0.88 -4.15 5.74 6.06
-0.02 0.45 0.83 -6.23 5.96 4.96
-0.03 0.43 0.86 -3.11 9.30 0.80
-0.19 0.44 0.81 4.04 9.00 -1.01
-0.21 0.45 0.82 1.49 8.38 2.01
-0.22 0.45 0.86 -0.23 6.02 0.02
-0.20 0.44 0.84 1.28 -3.02 -3.14
-0.20 0.45 0.82 0.08 2.84 -0.92
-0.21 0.44 0.85 -2.36 5.23 -1.14
0.34 -0.19 0.87 13.67 -10.70 -4.60
0.27 -0.22 0.89 5.36 10.15 8.08
0.25 -0.23 0.87 1.37 4.91 9.65
0.26 -0.24 0.97 -2.93 -9.13 3.39
0.29 -0.16 0.85 -17.72 0.77 7.87
0.30 -0.34 0.93 -3.10 3.28 0.11
0.29 -0.24 0.79 12.69 14.67 3.56
0.27 -0.20 0.93 2.78 -4.46 -3.29
0.24 -0.21 0.94 -4.02 2.07 -2.85
0.31 -0.22 0.78 -21.00 -2.03 -4.80
0.29 -0.42 0.98 0.81 13.67 -1.32
0.28 -0.21 0.87 -3.04 11.73 -4.94
0.23 -0.25 0.82 22.96 10.89 -0.93
0.28 -0.32 1.01 3.02 2.45 -4.75
0.25 -0.18 0.80 18.28 10.46 -1.79
0.26 -0.34 1.06 -6.42 -1.02 -4.36
0.22 -0.20 0.84 -4.36 -13.36 -3.19
0.27 -0.19 0.81 11.72 -4.10 -10.54
0.31 -0.28 0.95 -2.07 9.80 -7.12
0.22 -0.18 0.68 -10.75 18.68 2.92
0.27 -0.31 0.95 9.03 1.78 -17.36
0.25 -0.25 0.88 7.92 2.02 -5.96
0.25 -0.13 0.84 -6.65 17.18 1.89
0.20 -0.24 0.85 -9.58 14.40 -3.13
0.19 -0.36 0.95 10.46 17.97 -0.77
0.20 -0.19 0.83 -9.67 10.49 6.39
0.26 -0.35 0.96 25.44 -9.99 -2.37
0.28 -0.27 0.99 9.28 -7.82 7.32
0.34 -0.19 0.87 13.67 -10.70 -4.60
0.27 -0.22 0.89 5.36 10.15 8.08
0.25 -0.23 0.87 1.37 4.91 9.65
0.26 -0.24 0.97 -2.93 -9.13 3.39
0.29 -0.16 0.85 -17.72 0.77 7.87
0.30 -0.34 0.93 -3.10 3.28 0.11
0.29 -0.24 0.79 12.69 14.67 3.56
0.27 -0.20 0.93 2.78 -4.46 -3.29
0.24 -0.21 0.94 -4.02 2.07 -2.85
0.31 -0.22 0.78 -21.00 -2.03 -4.80
0.29 -0.42 0.98 0.81 13.67 -1.32
0.28 -0.21 0.87 -3.04 11.73 -4.94
0.11 -0.38 0.92 46.58 -12.62 -7.56
0.32 -0.07 1.02 -24.16 -71.95 2.86
0.48 0.00 0.92 -0.59 -65.69 -4.35
0.48 -0.11 0.95 -11.09 -28.05 20.39
0.49 -0.09 0.69 -51.38 5.51 34.39
0.63 -0.14 0.62 -44.74 64.33 16.59
0.22 -0.30 0.88 -30.95 160.60 16.42
-0.13 -0.53 0.89 -11.84 109.09 8.76
-0.12 -0.33 0.90 -1.98 -14.85 -20.18
0.07 -0.31 0.93 11.31 -23.41 -4.27
0.10 -0.38 1.01 2.82 11.35 3.21
0.19 -0.36 0.95 10.46 17.97 -0.77
0.20 -0.19 0.83 -9.67 10.49 6.39
0.26 -0.35 0.96 25.44 -9.99 -2.37
0.28 -0.27 0.99 9.28 -7.82 7.32
0.34 -0.19 0.87 13.67 -10.70 -4.60
0.27 -0.22 0.89 5.36 10.15 8.08
0.25 -0.23 0.87 1.37 4.91 9.65
0.26 -0.24 0.97 -2.93 -9.13 3.39
0.29 -0.16 0.85 -17.72 0.77 7.87
0.30 -0.34 0.93 -3.10 3.28 0.11
0.29 -0.24 0.79 12.69 14.67 3.56
0.27 -0.20 0.93 2.78 -4.46 -3.29
0.24 -0.21 0.94 -4.02 2.07 -2.85
0.31 -0.22 0.78 -21.00 -2.03 -4.80
0.29 -0.42 0.98 0.81 13.67 -1.32
0.28 -0.21 0.87 -3.04 11.73 -4.94
0.25 -0.32 0.87 3.24 -16.79 -19.35
0.20 -0.33 0.81 -7.52 15.27 -21.76
0.11 -0.34 0.95 -11.12 3.46 -17.94
0.24 -0.28 0.92 -28.47 -24.63 -27.66
0.29 -0.43 0.94 -25.76 0.35 -34.77
0.22 -0.40 0.80 -4.04 24.80 -20.90
0.15 -0.26 0.86 -3.20 9.44 -23.70
0.24 -0.36 0.87 13.24 22.58 -18.27
0.12 -0.32 0.88 26.33 17.78 -19.68
0.13 -0.33 0.94 39.41 3.50 -13.40
0.19 -0.23 0.85 37.77 -1.59 -11.86
0.19 -0.18 0.86 18.95 -6.86 -11.75
0.19 -0.36 0.95 10.46 17.97 -0.77
0.20 -0.19 0.83 -9.67 10.49 6.39
0.26 -0.35 0.96 25.44 -9.99 -2.37
0.28 -0.27 0.99 9.28 -7.82 7.32
0.34 -0.19 0.87 13.67 -10.70 -4.60
0.27 -0.22 0.89 5.36 10.15 8.08
0.25 -0.23 0.87 1.37 4.91 9.65
0.26 -0.24 0.97 -2.93 -9.13 3.39
0.29 -0.16 0.85 -17.72 0.77 7.87
0.30 -0.34 0.93 -3.10 3.28 0.11
0.29 -0.24 0.79 12.69 14.67 3.56
0.27 -0.20 0.93 2.78 -4.46 -3.29
0.24 -0.21 0.94 -4.02 2.07 -2.85
0.31 -0.22 0.78 -21.00 -2.03 -4.80
0.29 -0.42 0.98 0.81 13.67 -1.32
0.28 -0.21 0.87 -3.04 11.73 -4.94
0.24 -0.18 0.93 -0.16 -21.78 -20.99
0.29 -0.25 0.94 4.48 -1.14 -21.97
0.23 -0.26 0.95 20.53 7.61 -10.20
0.18 -0.22 0.86 22.93 9.82 0.92
0.23 -0.20 0.88 27.05 5.13 -2.76
0.24 -0.14 0.93 28.61 -0.30 -15.70
0.24 -0.14 0.95 34.74 8.16 -7.95
0.23 -0.09 0.93 25.87 8.51 -6.19
0.21 -0.10 0.95 18.90 14.41 -5.34
0.21 -0.06 0.95 14.14 10.50 -8.50
0.19 -0.06 0.98 6.74 11.36 -4.78
0.19 -0.36 0.95 10.46 17.97 -0.77
0.20 -0.19 0.83 -9.67 10.49 6.39
0.26 -0.35 0.96 25.44 -9.99 -2.37
0.28 -0.27 0.99 9.28 -7.82 7.32
0.34 -0.19 0.87 13.67 -10.70 -4.60
0.27 -0.22 0.89 5.36 10.15 8.08
0.25 -0.23 0.87 1.37 4.91 9.65
0.26 -0.24 0.97 -2.93 -9.13 3.39
0.29 -0.16 0.85 -17.72 0.77 7.87
0.30 -0.34 0.93 -3.10 3.28 0.11
0.29 -0.24 0.79 12.69 14.67 3.56
0.27 -0.20 0.93 2.78 -4.46 -3.29
0.24 -0.21 0.94 -4.02 2.07 -2.85
0.31 -0.22 0.78 -21.00 -2.03 -4.80
0.29 -0.42 0.98 0.81 13.67 -1.32
0.28 -0.21 0.87 -3.04 11.73 -4.94
0.20 -0.07 0.97 1.94 -3.54 -0.29
0.20 -0.05 0.95 0.72 0.70 1.65
0.19 -0.07 0.94 1.00 8.80 -0.37
0.17 -0.10 0.94 4.33 6.03 1.70
0.18 -0.06 0.95 9.96 1.38 -0.14
0.21 -0.06 0.95 10.31 0.39 -0.07
0.17 -0.05 0.95 7.78 8.65 1.61
0.17 -0.05 0.95 0.95 -1.30 -2.78
0.20 -0.03 0.94 5.74 5.09 -1.01
0.17 -0.03 0.96 3.97 6.76 -2.43
0.18 -0.05 0.95 -0.39 8.13 -1.77
0.17 -0.03 0.95 0.21 3.84 -4.23
0.19 -0.36 0.95 10.46 17.97 -0.77
0.20 -0.19 0.83 -9.67 10.49 6.39
0.26 -0.35 0.96 25.44 -9.99 -2.37
0.28 -0.27 0.99 9.28 -7.82 7.32
0.34 -0.19 0.87 13.67 -10.70 -4.60
0.27 -0.22 0.89 5.36 10.15 8.08
0.25 -0.23 0.87 1.37 4.91 9.65
0.26 -0.24 0.97 -2.93 -9.13 3.39
0.26 0.61 0.78 0.68 1.63 0.63
0.27 0.61 0.77 0.37 0.86 0.73
0.26 0.61 0.76 -0.19 1.62 0.88
0.27 0.62 0.77 0.55 2.18 0.70
0.27 0.62 0.77 0.24 0.71 1.19
0.26 0.61 0.77 -0.42 2.74 1.19
0.25 0.62 0.77 1.04 1.58 0.99
0.26 0.61 0.77 0.64 1.67 0.42
0.26 0.61 0.76 0.31 1.23 0.21
0.26 0.61 0.77 0.68 -0.06 0.60
0.26 0.62 0.76 0.67 1.82 0.35
0.26 0.62 0.77 0.16 1.41 0.61
0.26 0.61 0.77 0.43 0.57 0.62
0.26 0.62 0.78 0.51 1.43 0.63
0.25 0.62 0.77 0.34 1.85 0.50
0.26 0.62 0.77 0.23 0.50 0.59
0.26 0.62 0.78 0.50 0.64 0.52
0.26 0.62 0.77 0.51 2.08 0.66
0.26 0.62 0.77 0.37 1.59 0.48
0.26 0.62 0.77 0.51 2.11 0.26
0.25 0.61 0.77 0.41 1.45 0.80
0.26 0.61 0.77 0.53 0.67 0.16
0.25 0.62 0.76 0.28 1.09 0.36
0.26 0.62 0.77 0.18 0.79 0.18
0.26 0.61 0.78 -0.43 -0.82 0.14
0.25 0.62 0.77 -0.01 0.24 -0.37
0.26 0.62 0.76 -0.52 0.74 -0.42
0.26 0.61 0.77 -0.18 0.11 -0.55
0.26 0.62 0.77 -0.65 1.40 0.60
0.25 0.62 0.77 -0.18 -0.40 -0.72
0.26 0.62 0.78 -0.48 0.30 -0.34
0.26 0.62 0.77 -0.30 2.33 -0.76
0.24 0.61 0.78 0.14 -0.42 -0.31
0.28 0.63 0.76 -0.72 -0.85 -0.76
0.23 0.62 0.77 -0.67 2.38 1.92
0.25 0.62 0.77 -0.14 -1.62 1.37
0.26 0.61 0.76 -0.55 3.11 0.21
0.25 0.62 0.77 -0.43 1.78 -1.05
0.25 0.62 0.77 -1.01 0.63 -0.08
0.25 0.61 0.77 0.52 0.34 -0.34
0.27 0.62 0.76 -0.76 1.14 -0.11
0.26 0.61 0.77 -0.63 2.24 0.27
0.25 0.62 0.78 0.37 2.11 0.03
0.25 0.62 0.77 0.34 1.85 0.50
0.26 0.62 0.77 0.23 0.50 0.59
0.26 0.62 0.78 0.50 0.64 0.52
0.26 0.62 0.77 0.51 2.08 0.66
0.26 0.62 0.77 0.37 1.59 0.48
0.26 0.62 0.77 0.51 2.11 0.26
0.25 0.61 0.77 0.41 1.45 0.80
0.26 0.61 0.77 0.53 0.67 0.16
0.25 0.62 0.76 0.28 1.09 0.36
0.26 0.62 0.77 0.18 0.79 0.18
0.26 0.61 0.78 -0.43 -0.82 0.14
0.25 0.62 0.77 -0.01 0.24 -0.37
0.26 0.62 0.76 -0.52 0.74 -0.42
0.26 0.61 0.77 -0.18 0.11 -0.55
0.26 0.62 0.77 -0.65 1.40 0.60
0.25 0.62 0.77 -0.18 -0.40 -0.72
0.25 0.62 0.77 -0.94 2.59 -0.70
0.25 0.61 0.77 -0.02 1.72 -0.56
0.25 0.62 0.78 -0.71 0.75 -0.34
0.25 0.61 0.77 -0.37 0.31 0.40
0.25 0.62 0.77 -0.46 1.07 0.54
0.25 0.61 0.77 -0.18 1.69 1.32
0.24 0.61 0.77 -0.11 2.49 1.41
0.25 0.61 0.78 -0.13 1.72 0.62
0.25 0.62 0.77 0.06 2.09 0.55
0.24 0.61 0.78 -0.76 1.03 0.16
0.25 0.61 0.78 0.14 1.56 -0.10
0.25 0.61 0.77 -0.72 1.33 0.48
0.24 0.61 0.78 -0.56 1.77 0.57
0.25 0.62 0.77 0.34 1.85 0.50
0.26 0.62 0.77 0.23 0.50 0.59
0.26 0.62 0.78 0.50 0.64 0.52
0.26 0.62 0.77 0.51 2.08 0.66
0.26 0.62 0.77 0.37 1.59 0.48
0.26 0.62 0.77 0.51 2.11 0.26
0.25 0.61 0.77 0.41 1.45 0.80
0.26 0.61 0.77 0.53 0.67 0.16
0.25 0.62 0.76 0.28 1.09 0.36
0.26 0.62 0.77 0.18 0.79 0.18
0.26 0.61 0.78 -0.43 -0.82 0.14
0.25 0.62 0.77 -0.01 0.24 -0.37
0.26 0.62 0.76 -0.52 0.74 -0.42
0.26 0.61 0.77 -0.18 0.11 -0.55
0.26 0.62 0.77 -0.65 1.40 0.60
0.25 0.62 0.77 -0.18 -0.40 -0.72
0.25 0.61 0.78 0.99 1.37 1.26
0.24 0.61 0.78 0.82 4.11 1.64
0.24 0.62 0.77 0.12 1.34 1.64
0.24 0.62 0.77 -0.02 0.40 0.67
0.25 0.61 0.77 0.37 -0.15 0.29
0.25 0.61 0.77 0.56 0.80 0.44
0.24 0.61 0.78 0.24 1.73 0.54
0.25 0.61 0.77 0.00 1.46 0.52
0.24 0.61 0.78 0.18 1.07 0.30
0.25 0.61 0.77 -0.02 0.66 0.21
0.24 0.61 0.77 -0.17 1.32 -0.17
0.24 0.61 0.77 0.66 1.75 0.15
0.25 0.62 0.77 0.34 1.85 0.50
0.26 0.62 0.77 0.23 0.50 0.59
0.26 0.62 0.78 0.50 0.64 0.52
0.26 0.62 0.77 0.51 2.08 0.66
0.26 0.62 0.77 0.37 1.59 0.48
0.26 0.62 0.77 0.51 2.11 0.26
0.25 0.61 0.77 0.41 1.45 0.80
0.26 0.61 0.77 0.53 0.67 0.16
0.25 0.62 0.76 0.28 1.09 0.36
0.26 0.62 0.77 0.18 0.79 0.18
0.26 0.61 0.78 -0.43 -0.82 0.14
0.25 0.62 0.77 -0.01 0.24 -0.37
0.26 0.62 0.76 -0.52 0.74 -0.42
0.26 0.61 0.77 -0.18 0.11 -0.55
0.26 0.62 0.77 -0.65 1.40 0.60
0.25 0.62 0.77 -0.18 -0.40 -0.72
0.25 0.61 0.78 -0.25 1.69 0.50
0.24 0.61 0.77 0.72 1.45 0.40
0.24 0.61 0.78 -0.25 0.58 0.34
0.24 0.62 0.78 1.16 1.92 0.27
0.24 0.61 0.78 0.03 1.21 0.39
0.24 0.61 0.77 0.61 1.53 0.10
0.24 0.61 0.78 0.60 1.42 0.05
0.23 0.62 0.76 0.05 2.50 1.17
0.24 0.62 0.77 0.19 1.81 1.26
0.23 0.61 0.78 0.95 1.89 1.11
0.24 0.61 0.78 0.90 2.11 1.09
0.24 0.61 0.77 0.57 1.94 0.55
0.23 0.61 0.77 0.34 1.30 0.44
0.24 0.62 0.77 0.99 0.98 0.39
0.25 0.62 0.77 0.34 1.85 0.50
0.26 0.62 0.77 0.23 0.50 0.59
0.26 0.62 0.78 0.50 0.64 0.52
0.26 0.62 0.77 0.51 2.08 0.66
0.26 0.62 0.77 0.37 1.59 0.48
0.26 0.62 0.77 0.51 2.11 0.26
0.25 0.61 0.77 0.41 1.45 0.80
0.26 0.61 0.77 0.53 0.67 0.16
0.25 0.62 0.76 0.28 1.09 0.36
0.26 0.62 0.77 0.18 0.79 0.18
0.26 0.61 0.78 -0.43 -0.82 0.14
0.25 0.62 0.77 -0.01 0.24 -0.37
0.26 0.62 0.76 -0.52 0.74 -0.42
0.26 0.61 0.77 -0.18 0.11 -0.55
0.26 0.62 0.77 -0.65 1.40 0.60
0.25 0.62 0.77 -0.18 -0.40 -0.72
0.24 0.61 0.79 1.09 1.95 0.54
0.24 0.61 0.77 0.89 1.67 0.25
0.23 0.62 0.78 1.11 1.06 0.62
0.24 0.62 0.77 0.66 2.35 0.18
0.24 0.61 0.78 0.50 0.60 0.50
0.24 0.62 0.77 0.21 1.54 0.30
0.24 0.62 0.78 0.71 2.31 0.36
0.23 0.62 0.77 0.51 1.68 0.73
0.23 0.61 0.78 0.91 1.46 0.26
0.23 0.62 0.78 0.59 0.85 0.41
0.23 0.62 0.78 0.00 1.43 0.27
0.24 0.62 0.77 -0.61 0.94 0.51
0.24 0.62 0.77 -0.51 0.13 00.39
0.25 0.62 0.77 0.34 1.85 0.50
0.26 0.62 0.77 0.23 0.50 0.59
0.26 0.62 0.78 0.50 0.64 0.52
0.26 0.62 0.77 0.51 2.08 0.66
0.26 0.62 0.77 0.37 1.59 0.48
0.26 0.62 0.77 0.51 2.11 0.26
0.25 0.61 0.77 0.41 1.45 0.80
0.26 0.61 0.77 0.53 0.67 0.16
0.25 0.62 0.76 0.28 1.09 0.36
0.26 0.62 0.77 0.18 0.79 0.18
0.26 0.61 0.78 -0.43 -0.82 0.14
0.25 0.62 0.77 -0.01 0.24 -0.37
0.26 0.62 0.76 -0.52 0.74 -0.42
0.26 0.61 0.77 -0.18 0.11 -0.55
0.26 0.62 0.77 -0.65 1.40 0.60
0.25 0.62 0.77 -0.18 -0.40 -0.72
0.23 0.62 0.78 -0.03 0.53 0.38
0.24 0.62 0.77 -0.03 0.79 0.56
0.23 0.61 0.77 0.56 1.39 0.26
0.23 0.62 0.77 -0.43 1.12 0.48
0.23 0.61 0.76 -0.24 0.26 0.48
0.23 0.61 0.78 0.76 0.66 0.56
0.24 0.62 0.78 -0.11 1.13 0.42
0.23 0.62 0.77 -0.30 0.78 0.81
0.24 0.62 0.77 0.13 0.61 0.91
0.24 0.62 0.78 0.10 1.65 0.70
0.23 0.61 0.78 -0.34 1.14 0.76
0.24 0.61 0.77 0.05 1.16 1.15
0.23 0.61 0.77 0.05 0.14 0.69
0.25 0.62 0.77 0.34 1.85 0.50
0.26 0.62 0.77 0.23 0.50 0.59
0.26 0.62 0.78 0.50 0.64 0.52
0.26 0.62 0.77 0.51 2.08 0.66
0.26 0.62 0.77 0.37 1.59 0.48
0.26 0.62 0.77 0.51 2.11 0.26
0.25 0.61 0.77 0.41 1.45 0.80
0.26 0.61 0.77 0.53 0.67 0.16
0.25 0.62 0.76 0.28 1.09 0.36
0.26 0.62 0.77 0.18 0.79 0.18
0.26 0.61 0.78 -0.43 -0.82 0.14
0.25 0.62 0.77 -0.01 0.24 -0.37
0.26 0.62 0.76 -0.52 0.74 -0.42
0.26 0.61 0.77 -0.18 0.11 -0.55
0.26 0.62 0.77 -0.65 1.40 0.60
0.25 0.62 0.77 -0.18 -0.40 -0.72
0.23 0.62 0.78 0.14 0.30 0.72
0.23 0.61 0.77 0.24 0.85 0.82
0.23 0.62 0.78 -0.05 1.56 0.87
0.24 0.61 0.77 -0.17 0.96 0.59
0.23 0.62 0.78 0.18 1.11 0.55
0.23 0.62 0.78 -0.42 0.72 0.89
0.23 0.62 0.77 0.16 1.54 0.60
0.23 0.61 0.77 0.26 0.88 0.75
0.23 0.61 0.78 -0.16 0.97 0.52
0.24 0.61 0.77 0.21 1.14 0.72
0.23 0.62 0.78 0.03 1.08 0.99
0.23 0.62 0.77 -0.09 0.80 0.89
0.24 0.62 0.78 -0.11 1.32 0.64
0.25 0.62 0.77 0.34 1.85 0.50
0.26 0.62 0.77 0.23 0.50 0.59
0.26 0.62 0.78 0.50 0.64 0.52
0.26 0.62 0.77 0.51 2.08 0.66
0.26 0.62 0.77 0.37 1.59 0.48
0.26 0.62 0.77 0.51 2.11 0.26
0.25 0.61 0.77 0.41 1.45 0.80
0.26 0.61 0.77 0.53 0.67 0.16
0.25 0.62 0.76 0.28 1.09 0.36
0.26 0.62 0.77 0.18 0.79 0.18
0.26 0.61 0.78 -0.43 -0.82 0.14
0.25 0.62 0.77 -0.01 0.24 -0.37
0.26 0.62 0.76 -0.52 0.74 -0.42
0.26 0.61 0.77 -0.18 0.11 -0.55
0.26 0.62 0.77 -0.65 1.40 0.60
0.25 0.62 0.77 -0.18 -0.40 -0.72
0.26 0.62 0.777 0.06 1.85 0.79
0.23 0.61 0.78 -0.06 0.67 0.60
0.24 0.62 0.77 0.11 1.24 0.65
0.24 0.62 0.78 0.05 0.41 1.11
0.23 0.62 0.77 0.34 1.79 0.92
0.23 0.62 0.78 -0.35 0.47 1.18
0.23 0.62 0.77 0.05 0.78 1.16
0.24 0.62 0.77 -0.05 0.51 0.83
0.24 0.61 0.78 0.04 1.11 0.53
0.24 0.61 0.78 -0.31 0.99 0.80
0.24 0.61 0.78 -0.58 1.25 0.76
0.23 0.61 0.77 -0.42 1.07 0.72
0.24 0.62 0.78 0.31 0.92 0.49
0.24 0.61 0.78 -0.60 1.24 1.18
0.25 0.62 0.77 0.34 1.85 0.50
0.26 0.62 0.77 0.23 0.50 0.59
0.26 0.62 0.78 0.50 0.64 0.52
0.26 0.62 0.77 0.51 2.08 0.66
0.26 0.62 0.77 0.37 1.59 0.48
0.26 0.62 0.77 0.51 2.11 0.26
0.25 0.61 0.77 0.41 1.45 0.80
0.26 0.61 0.77 0.53 0.67 0.16
0.25 0.62 0.76 0.28 1.09 0.36
0.26 0.62 0.77 0.18 0.79 0.18
0.26 0.61 0.78 -0.43 -0.82 0.14
0.25 0.62 0.77 -0.01 0.24 -0.37
0.26 0.62 0.76 -0.52 0.74 -0.42
0.26 0.61 0.77 -0.18 0.11 -0.55
0.26 0.62 0.77 -0.65 1.40 0.60
0.25 0.62 0.77 -0.18 -0.40 -0.72
0.23 0.61 0.78 0.24 1.61 0.95
0.23 0.61 0.77 -0.08 0.83 0.61
0.23 0.61 0.77 -0.09 0.34 0.82
0.23 0.61 0.78 0.08 1.90 0.38
0.23 0.62 0.78 0.02 1.55 0.76
0.23 0.61 0.77 0.78 1.58 0.85
0.23 0.62 0.77 0.01 1.80 -0.13
0.23 0.62 0.78 0.20 1.30 0.50
0.24 0.61 0.78 0.07 1.46 0.16
0.23 0.62 0.77 0.49 1.14 0.52
0.24 0.61 0.78 0.53 0.74 0.35
0.23 0.61 0.76 1.62 2.32 0.46
0.23 0.62 0.78 -0.05 1.52 1.0
0.25 0.62 0.77 0.34 1.85 0.50
0.26 0.62 0.77 0.23 0.50 0.59
0.26 0.62 0.78 0.50 0.64 0.52
0.26 0.62 0.77 0.51 2.08 0.66
0.26 0.62 0.77 0.37 1.59 0.48
0.26 0.62 0.77 0.51 2.11 0.26
0.25 0.61 0.77 0.41 1.45 0.80
0.26 0.61 0.77 0.53 0.67 0.16
0.25 0.62 0.76 0.28 1.09 0.36
0.26 0.62 0.77 0.18 0.79 0.18
0.26 0.61 0.78 -0.43 -0.82 0.14
0.25 0.62 0.77 -0.01 0.24 -0.37
0.26 0.62 0.76 -0.52 0.74 -0.42
0.26 0.61 0.77 -0.18 0.11 -0.55
0.26 0.62 0.77 -0.65 1.40 0.60
0.25 0.62 0.77 -0.18 -0.40 -0.72
0.23 0.61 0.78 0.34 0.97 0.50
0.23 0.61 0.78 0.11 0.74 0.89
0.23 0.61 0.78 -0.08 1.13 0.03
0.23 0.62 0.78 0.30 -0.10 0.32
0.24 0.61 0.77 0.56 1.66 0.56
0.23 0.62 0.78 -0.11 1.70 1.04
0.23 0.61 0.77 0.26 1.01 0.99
0.23 0.62 0.77 0.62 1.24 0.42
0.23 0.61 0.77 -0.63 1.10 1.05
0.23 0.61 0.77 0.66 1.72 1.08
0.23 0.62 0.78 0.61 1.02 0.49
0.23 0.61 0.77 0.72 1.08 0.13
0.23 0.62 0.78 0.02 0.74 0.56
0.25 0.62 0.77 0.34 1.85 0.50
0.26 0.62 0.77 0.23 0.50 0.59
0.26 0.62 0.78 0.50 0.64 0.52
0.26 0.62 0.77 0.51 2.08 0.66
0.26 0.62 0.77 0.37 1.59 0.48
0.26 0.62 0.77 0.51 2.11 0.26
0.25 0.61 0.77 0.41 1.45 0.80
0.26 0.61 0.77 0.53 0.67 0.16
0.25 0.62 0.76 0.28 1.09 0.36
0.26 0.62 0.77 0.18 0.79 0.18
0.26 0.61 0.78 -0.43 -0.82 0.14
0.25 0.62 0.77 -0.01 0.24 -0.37
0.26 0.62 0.76 -0.52 0.74 -0.42
0.26 0.61 0.77 -0.18 0.11 -0.55
0.26 0.62 0.77 -0.65 1.40 0.60
0.25 0.62 0.77 -0.18 -0.40 -0.72
0.23 0.62 0.77 0.76 1.48 0.91
0.23 0.61 0.78 0.44 1.69 0.97
0.23 0.62 0.78 0.59 0.82 0.45
0.23 0.61 0.77 0.38 1.27 0.48
0.23 0.62 0.77 0.65 1.05 0.53
0.23 0.62 0.78 -0.03 0.92 0.79
0.23 0.62 0.78 1.04 2.11 0.92
0.23 0.61 0.77 -0.14 1.05 0.72
0.22 0.62 0.78 0.12 1.33 0.52
0.22 0.62 0.77 0.55 1.27 0.64
0.23 0.62 0.77 0.37 0.69 0.44
0.23 0.62 0.78 0.73 1.16 0.24
0.23 0.62 0.78 0.18 1.63 0.71
0.23 0.62 0.79 0.43 0.82 0.43
0.25 0.62 0.77 0.34 1.85 0.50
0.26 0.62 0.77 0.23 0.50 0.59
0.26 0.62 0.78 0.50 0.64 0.52
0.26 0.62 0.77 0.51 2.08 0.66
0.26 0.62 0.77 0.37 1.59 0.48
0.26 0.62 0.77 0.51 2.11 0.26
0.25 0.61 0.77 0.41 1.45 0.80
0.26 0.61 0.77 0.53 0.67 0.16
0.25 0.62 0.76 0.28 1.09 0.36
0.26 0.62 0.77 0.18 0.79 0.18
0.26 0.61 0.78 -0.43 -0.82 0.14
0.25 0.62 0.77 -0.01 0.24 -0.37
0.26 0.62 0.76 -0.52 0.74 -0.42
0.26 0.61 0.77 -0.18 0.11 -0.55
0.26 0.62 0.77 -0.65 1.40 0.60
0.25 0.62 0.77 -0.18 -0.40 -0.72
0.23 0.62 0.78 0.04 1.38 0.87
0.23 0.62 0.78 0.28 1.58 0.79
0.23 0.62 0.78 0.05 0.77 0.41
0.22 0.62 0.78 0.14 1.40 0.67
0.22 0.61 0.78 -0.08 0.01 0.79
0.23 0.62 0.78 0.60 1.06 0.47
0.23 0.62 0.78 0.41 2.10 0.61
0.23 0.62 0.78 0.43 0.38 0.48
0.23 0.62 0.77 0.24 1.78 0.77
0.22 0.62 0.77 0.37 1.35 0.51
0.23 0.62 0.77 0.27 1.83 0.76
0.22 0.62 0.77 0.04 0.95 0.63
0.25 0.62 0.77 0.34 1.85 0.50
0.26 0.62 0.77 0.23 0.50 0.59
0.26 0.62 0.78 0.50 0.64 0.52
0.26 0.62 0.77 0.51 2.08 0.66
0.26 0.62 0.77 0.37 1.59 0.48
0.26 0.62 0.77 0.51 2.11 0.26
0.25 0.61 0.77 0.41 1.45 0.80
0.26 0.61 0.77 0.53 0.67 0.16
0.25 0.62 0.76 0.28 1.09 0.36
0.26 0.62 0.77 0.18 0.79 0.18
0.26 0.61 0.78 -0.43 -0.82 0.14
0.25 0.62 0.77 -0.01 0.24 -0.37
0.26 0.62 0.76 -0.52 0.74 -0.42
0.26 0.61 0.77 -0.18 0.11 -0.55
0.26 0.62 0.77 -0.65 1.40 0.60
0.25 0.62 0.77 -0.18 -0.40 -0.72
0.22 0.62 0.77 0.27 0.70 0.72
0.22 0.61 0.79 0.10 1.27 0.61
0.23 0.62 0.77 0.05 -0.45 0.51
0.23 0.62 0.78 0.37 0.30 1.01
0.22 0.62 0.78 0.20 1.15 0.43
0.23 0.61 0.77 -0.87 1.87 0.63
0.22 0.62 0.78 0.89 1.44 0.86
0.23 0.62 0.78 -0.42 0.37 0.84
0.23 0.61 0.77 0.15 0.69 0.61
0.23 0.62 0.77 0.24 0.53 0.47
0.23 0.62 0.78 0.13 0.65 0.79
0.23 0.62 0.77 -0.14 0.98 0.80
0.23 0.62 0.78 0.28 0.25 0.85
0.22 0.62 0.78 -0.06 1.31 0.86
0.22 0.62 0.77 0.19 0.75 0.66
0.26 0.62 0.77 0.23 0.50 0.59
0.26 0.62 0.78 0.50 0.64 0.52
0.26 0.62 0.77 0.51 2.08 0.66
0.26 0.62 0.77 0.37 1.59 0.48
0.26 0.62 0.77 0.51 2.11 0.26
0.25 0.61 0.77 0.41 1.45 0.80
0.26 0.61 0.77 0.53 0.67 0.16
0.25 0.62 0.76 0.28 1.09 0.36
0.26 0.62 0.77 0.18 0.79 0.18
0.26 0.61 0.78 -0.43 -0.82 0.14
0.25 0.62 0.77 -0.01 0.24 -0.37
0.26 0.62 0.76 -0.52 0.74 -0.42
0.26 0.61 0.77 -0.18 0.11 -0.55
0.26 0.62 0.77 -0.65 1.40 0.60
0.25 0.62 0.77 -0.18 -0.40 -0.72
0.23 0.62 0.77 0.31 1.11 0.65
0.22 0.62 0.78 0.31 0.99 0.58
0.23 0.62 0.77 0.47 0.77 0.62
0.23 0.62 0.77 0.27 0.93 0.73
0.23 0.62 0.77 0.08 1.30 0.63
0.23 0.62 0.77 0.19 1.35 0.99
0.22 0.62 0.78 0.34 0.23 0.68
0.23 0.61 0.77 -0.52 1.04 0.76
0.23 0.61 0.78 0.07 1.53 1.09
0.23 0.62 0.77 -0.05 0.66 0.69
0.22 0.61 0.77 0.10 1.19 0.81
0.23 0.61 0.78 0.03 0.44 0.57
0.23 0.62 0.77 -0.04 1.42 0.81
0.22 0.62 0.77 0.19 0.75 0.66
0.26 0.62 0.77 0.23 0.50 0.59
0.26 0.62 0.78 0.50 0.64 0.52
0.26 0.62 0.77 0.51 2.08 0.66
0.26 0.62 0.77 0.37 1.59 0.48
0.26 0.62 0.77 0.51 2.11 0.26
0.25 0.61 0.77 0.41 1.45 0.80
0.26 0.61 0.77 0.53 0.67 0.16
0.25 0.62 0.76 0.28 1.09 0.36
0.26 0.62 0.77 0.18 0.79 0.18
0.26 0.61 0.78 -0.43 -0.82 0.14
0.25 0.62 0.77 -0.01 0.24 -0.37
0.26 0.62 0.76 -0.52 0.74 -0.42
0.26 0.61 0.77 -0.18 0.11 -0.55
0.26 0.62 0.77 -0.65 1.40 0.60
0.25 0.62 0.77 -0.18 -0.40 -0.72
0.23 0.62 0.77 0.13 1.07 0.56
0.23 0.61 0.77 0.29 1.51 0.85
0.22 0.62 0.77 0.40 1.24 0.80
0.23 0.61 0.77 0.08 0.30 0.76
0.23 0.62 0.78 -0.03 1.48 0.96
0.23 0.62 0.77 -0.31 0.85 0.47
0.23 0.62 0.78 -0.29 1.34 1.32
0.22 0.61 0.78 0.39 0.64 0.53
0.23 0.61 0.76 -0.11 0.34 0.56
0.23 0.61 0.79 -1.10 1.82 0.89
0.22 0.61 0.78 0.52 1.11 0.75
0.22 0.61 0.77 -0.01 1.56 0.47
0.23 0.61 0.77 0.05 1.72 0.75
0.26 0.62 0.77 0.23 0.50 0.59
0.26 0.62 0.78 0.50 0.64 0.52
0.26 0.62 0.77 0.51 2.08 0.66
0.26 0.62 0.77 0.37 1.59 0.48
0.26 0.62 0.77 0.51 2.11 0.26
0.25 0.61 0.77 0.41 1.45 0.80
0.26 0.61 0.77 0.53 0.67 0.16
0.25 0.62 0.76 0.28 1.09 0.36
0.26 0.62 0.77 0.18 0.79 0.18
0.26 0.61 0.78 -0.43 -0.82 0.14
0.25 0.62 0.77 -0.01 0.24 -0.37
0.26 0.62 0.76 -0.52 0.74 -0.42
0.26 0.61 0.77 -0.18 0.11 -0.55
0.26 0.62 0.77 -0.65 1.40 0.60
0.25 0.62 0.77 -0.18 -0.40 -0.72
0.22 0.62 0.78 -0.14 1.37 1.14
0.22 0.62 0.78 0.29 0.57 0.68
0.23 0.61 0.78 0.15 0.42 0.49
0.22 0.61 0.78 0.43 1.30 0.27
0.23 0.62 0.78 -0.08 1.56 0.51
0.23 0.61 0.78 -0.20 0.79 1.04
0.23 0.61 0.78 0.23 0.25 0.65
0.23 0.61 0.78 0.14 1.52 0.66
0.23 0.61 0.78 0.27 1.48 0.62
0.23 0.61 0.77 -0.08 1.33 0.76
0.23 0.61 0.78 0.40 0.72 0.86
0.23 0.61 0.78 0.35 1.49 0.57
0.22 0.61 0.78 -0.02 0.74 0.55
0.26 0.62 0.77 0.23 0.50 0.59
0.26 0.62 0.78 0.50 0.64 0.52
0.26 0.62 0.77 0.51 2.08 0.66
0.26 0.62 0.77 0.37 1.59 0.48
0.26 0.62 0.77 0.51 2.11 0.26
0.25 0.61 0.77 0.41 1.45 0.80
0.26 0.61 0.77 0.53 0.67 0.16
0.25 0.62 0.76 0.28 1.09 0.36
0.26 0.62 0.77 0.18 0.79 0.18
0.26 0.61 0.78 -0.43 -0.82 0.14
0.25 0.62 0.77 -0.01 0.24 -0.37
0.26 0.62 0.76 -0.52 0.74 -0.42
0.26 0.61 0.77 -0.18 0.11 -0.55
0.26 0.62 0.77 -0.65 1.40 0.60
0.25 0.62 0.77 -0.18 -0.40 -0.72
0.23 0.62 0.77 0.67 2.00 0.53
0.22 0.61 0.78 0.28 1.19 0.36
0.22 0.62 0.77 0.44 1.53 0.42
0.23 0.62 0.78 0.18 0.08 0.78
0.23 0.61 0.78 0.01 2.00 0.63
0.23 0.62 0.77 0.31 1.40 0.54
0.23 0.61 0.78 -0.06 1.20 1.11
0.22 0.62 0.78 0.53 1.68 0.69
0.22 0.61 0.78 0.27 1.31 0.48
0.23 0.61 0.78 0.20 0.79 0.44
0.22 0.62 0.77 0.54 1.68 0.58
0.22 0.62 0.78 0.21 1.84 0.75
0.22 0.61 0.78 0.27 1.13 0.85
0.26 0.62 0.77 0.23 0.50 0.59
0.26 0.62 0.78 0.50 0.64 0.52
0.26 0.62 0.77 0.51 2.08 0.66
0.26 0.62 0.77 0.37 1.59 0.48
0.26 0.62 0.77 0.51 2.11 0.26
0.25 0.61 0.77 0.41 1.45 0.80
0.26 0.61 0.77 0.53 0.67 0.16
0.25 0.62 0.76 0.28 1.09 0.36
0.26 0.62 0.77 0.18 0.79 0.18
0.26 0.61 0.78 -0.43 -0.82 0.14
0.25 0.62 0.77 -0.01 0.24 -0.37
0.26 0.62 0.76 -0.52 0.74 -0.42
0.26 0.61 0.77 -0.18 0.11 -0.55
0.26 0.62 0.77 -0.65 1.40 0.60
0.25 0.62 0.77 -0.18 -0.40 -0.72
0.22 0.61 0.78 0.45 2.20 0.76
0.22 0.62 0.78 0.20 1.13 0.65
0.22 0.62 0.77 0.17 1.14 0.56
0.23 0.61 0.76 0.61 1.21 0.67
0.22 0.62 0.78 0.19 0.61 0.93
0.22 0.62 0.77 -0.12 1.04 0.32
0.22 0.62 0.77 0.60 1.88 0.69
0.22 0.62 0.77 0.23 1.91 0.30
0.22 0.62 0.78 0.25 1.67 0.92
0.22 0.62 0.77 0.06 1.31 0.59
0.22 0.62 0.78 -0.24 2.04 0.47
0.22 0.62 0.78 0.39 0.89 0.40
0.26 0.62 0.77 0.23 0.50 0.59
0.26 0.62 0.78 0.50 0.64 0.52
0.26 0.62 0.77 0.51 2.08 0.66
0.26 0.62 0.77 0.37 1.59 0.48
0.26 0.62 0.77 0.51 2.11 0.26
0.25 0.61 0.77 0.41 1.45 0.80
0.26 0.61 0.77 0.53 0.67 0.16
0.25 0.62 0.76 0.28 1.09 0.36
0.26 0.62 0.77 0.18 0.79 0.18
0.26 0.61 0.78 -0.43 -0.82 0.14
0.25 0.62 0.77 -0.01 0.24 -0.37
0.26 0.62 0.76 -0.52 0.74 -0.42
0.26 0.61 0.77 -0.18 0.11 -0.55
0.26 0.62 0.77 -0.65 1.40 0.60
0.25 0.62 0.77 -0.18 -0.40 -0.72
0.26 0.62 0.77 0.33 0.70 0.64
0.22 0.62 0.78 0.03 1.02 0.43
0.22 0.62 0.78 0.28 1.62 0.31
0.22 0.62 0.78 0.14 0.60 0.79
0.22 0.62 0.78 0.34 1.12 0.76
0.22 0.62 0.78 0.31 0.95 0.56
0.22 0.62 0.78 0.68 1.52 0.56
0.22 0.62 0.78 1.09 1.79 0.36
0.22 0.62 0.77 1.02 1.56 1.18
0.22 0.62 0.77 0.10 0.97 0.85
0.22 0.62 0.77 0.44 1.17 0.78
0.22 0.62 0.77 -0.20 0.95 0.29
0.22 0.62 0.79 0.38 0.79 0.41
0.22 0.62 0.78 -0.06 0.83 0.82
0.21 0.61 0.77 -0.11 1.15 0.22
0.26 0.62 0.77 0.23 0.50 0.59
0.26 0.62 0.78 0.50 0.64 0.52