2, 0.88, 9.76, 6.36, 9.11, 0, 10.0016, 11.1104, 0.421333, 0.515667, -nan(ind)
-0.17, 0.03, 0.85, 4.76, 13.67, 5.12, 0.867352, 15.3539, 0.456333, 1.30067, 31.7883
-0.21, 0.06, 0.93, 11.27, 11.61, 9.23, 0.955301, 18.6279, 0.496333, 2.371, 21.5652
-0.18, 0.05, 0.01, 1.22, 0.54, 5.11, 0.187083, 5.2813, 0.504333, 2.6, 89.427
-0.19, 0.05, 0.93, 6.1, 0.55, 2.71, 0.950526, 6.69751, 0.543333, 2.912, 21.5652
-0.23, 0.05, 0.9, 5.32, 2.57, 3.13, 0.930269, 6.68612, 0.582667, 3.27933, 25.8419
-0.28, 0.02, 0.99, 4.39, 0.52, 2.77, 1.02903, 5.21684, 0.625667, 3.53533, 8.10961
-0.25, 0.01, 0.01, 2.94, 11.82, 5.72, 0.2504, 13.4564, 0.634667, 4.218, 89.427
-0.14, 0.03, 0.97, 0.2, 12.56, 0.28, 0.98051, 12.5647, 0.672667, 4.65267, 14.0699
-0.22, 0.03, 0.97, 0.43, 1.7, 1.35, 0.995088, 2.21301, 0.713333, 4.76867, 14.0699
-0.32, 0.02, 0.9, 0.36, 0.22, 9.67, 0.955406, 9.6792, 0.754667, 5.11033, 25.8419
-0.29, 0.03, 0.05, 0.78, 7.59, 5.17, 0.295804, 9.21658, 0.767, 5.56167, 87.134
-0.2, 0.01, 0.02, 0.19, 9.67, 0.99, 0.201246, 9.7224, 0.774667, 5.92333, 88.854
-0.21, 0.09, 0.88, 6.05, 5.92, 0.01, 0.909175, 8.46457, 0.814, 6.32267, 28.3576
-0.16, 0.1, 0.9, 0.91, 2.5, 24.39, 0.919565, 24.5347, 0.852667, 7.24933, 25.8419
-0.22, 0.02, 0.93, 0.95, 23.14, 39.51, 0.955877, 45.7974, 0.891667, 9.36933, 21.5652
-0.2, 0, 0.94, 0.03, 32.26, 32.07, 0.961041, 45.4884, 0.929667, 11.5147, 19.9484
-0.25, 0.06, 0.05, 2.03, 17.38, 34.65, 0.261916, 38.8176, 0.941667, 13.3167, 87.134
-0.14, 0.04, 0.95, 2.67, 37.81, 52.91, 0.961093, 65.086, 0.979333, 16.4297, 18.1949
-0.08, 0.02, 0.98, 0.92, 99.76, 35.16, 0.983463, 105.779, 1.01533, 20.9577, 11.4783
0.02, 0.07, 0.08, 3.7, 97.66, 17.37, 0.108167, 99.2617, 1.021, 24.9153, 85.4114
0.12, 0.02, 0.05, 4.5, 59.17, 21.06, 0.131529, 62.9672, 1.02733, 27.7397, 87.134
0.53, 0.01, 0.55, 3.37, 39.7, 57.45, 0.763872, 69.9139, 1.06367, 31.0903, 56.633
0.52, 0.09, 0.73, 23.31, 16.46, 112.01, 0.900777, 115.588, 1.10833, 36.1497, 43.1136
-0.15, 0.03, 0.94, 2.01, 29.69, 128.55, 0.952365, 131.949, 1.14567, 41.4913, 19.9484
-0.93, 0.14, 0.66, 14.62, 49.99, 23.84, 1.14896, 57.2808, 1.20333, 44.4397, 48.7001
-0.87, 0.41, 0.14, 17.91, 3.23, 22.4, 0.971905, 28.8611, 1.25067, 45.891, 81.9522
-0.68, 0.06, 0.8, 1.45, 9.46, 8.98, 1.05167, 13.1238, 1.302, 46.554, 36.8699
-0.5, 0.03, 0.67, 17.08, 33.87, 1.69, 0.83654, 37.9705, 1.342, 48.3087, 47.9329
-0.6, 0.03, 0.7, 0, 0, 0, 0.922442, 0, 1.38633, 48.3087, 45.573
-0.54, 0.11, 0.78, 17.32, 57.07, 7.49, 0.955039, 60.1088, 1.01267, 50.5223, 38.7394
-0.53, 0.06, 0.83, 3.43, 44.87, 0.6, 0.98661, 45.0049, 1.025, 51.3673, 33.9013
-0.34, 0.03, 0.88, 19.85, 64.2, 4.98, 0.943875, 67.383, 1.02667, 53.2647, 28.3576
-0.36, 0.13, 0.87, 0.36, 23.09, 4.29, 0.950474, 23.4879, 1.064, 53.9603, 29.5414
-0.29, 0.09, 0.86, 3.56, 42.24, 7.08, 0.912031, 42.9769, 1.06633, 55.411, 30.6834
-0.26, 0.13, 0.02, 23.99, 7.4, 7.02, 0.291376, 26.0684, 1.04067, 56.324, 88.854
-0.37, 0.12, 0.86, 21.69, 51.12, 6.67, 0.943875, 55.9303, 1.04267, 58.7173, 30.6834
-0.18, 0.05, 0.73, 9.46, 56.01, 8.74, 0.753525, 57.4717, 1.06567, 60.5083, 43.1136
-0.11, 0.13, 0.87, 24.19, 8.54, 8.99, 0.88651, 27.1829, 1.06467, 61.4643, 29.5414
-0.53, 0.2, 0.9, 51.61, 7.46, 0.35, 1.06344, 52.1475, 1.07833, 63.329, 25.8419
-0.67, 0.08, 0.91, 43.69, 3.64, 7.12, 1.13287, 44.4158, 1.09233, 64.8023, 24.4946
-0.52, 0.03, 0.94, 11.54, 43.15, 3.87, 1.07466, 44.8338, 1.12967, 66.303, 19.9484
-0.38, 0.05, 0.03, 0.21, 83.06, 6.3, 0.384448, 83.2988, 1.13733, 68.927, 88.2809
-0.19, 0.04, 0.91, 0.77, 82.97, 2.57, 0.930484, 83.0134, 1.136, 71.4047, 24.4946
-0.06, 0.03, 0.78, 3.14, 57.33, 0.14, 0.782879, 57.4161, 1.12633, 72.4983, 38.7394
0.06, 0.04, 0.95, 0.04, 39.14, 5.41, 0.952733, 39.5121, 1.12233, 71.8647, 18.1949
0, 0.01, 0.01, 8.54, 5.27, 4.3, 0.0141421, 10.9176, 1.085, 70.323, 89.427
-0.05, 0.01, 0.97, 0.99, 2.43, 25.18, 0.971339, 25.3163, 1.10733, 69.4743, 14.0699
-0.12, 0.1, 0.89, 0.69, 4.52, 28.65, 0.903604, 29.0126, 1.10667, 67.49, 27.1268
-0.11, 0.01, 0.92, 8.32, 3.51, 22.15, 0.926607, 23.92, 1.10533, 64.0947, 23.0739
-0.39, 0.04, 0.98, 4.06, 1.47, 20.69, 1.05551, 21.1358, 1.14667, 61.011, 11.4783
-0.27, 0.05, 0.92, 5.68, 11.56, 13.73, 0.960104, 18.8258, 1.18167, 59.219, 23.0739
-0.21, 0.05, 0.94, 3.24, 0.55, 6, 0.964469, 6.84106, 1.18533, 56.1947, 19.9484
-0.24, 0.03, 0.94, 3.4, 6.2, 0.5, 0.970618, 7.08872, 1.181, 51.472, 19.9484
-0.3, 0.06, 0.9, 0.19, 0.93, 2.57, 0.950579, 2.73969, 1.18567, 46.2533, 25.8419
-0.22, 0.1, 0.96, 9.57, 2.31, 0.35, 0.989949, 9.85107, 1.17067, 43.7127, 16.2602
-0.25, 0.08, 0.93, 0.01, 10.22, 0.59, 0.966333, 10.237, 1.16533, 42.622, 21.5652
-0.2, 0, 0.96, 0.51, 0.52, 0.75, 0.980612, 1.04547, 1.15267, 42.0183, 16.2602
-0.29, 0.08, 0.9, 3.23, 0.9, 0, 0.948947, 3.35304, 1.155, 40.4013, 25.8419
-0.28, 0.1, 0.98, 0.44, 5.19, 0.61, 1.02411, 5.24422, 1.156, 40.6093, 11.4783
-0.24, 0, 0.89, 0.14, 0.92, 0.39, 0.921792, 1.00901, 1.146, 37.9283, 27.1268
-0.25, 0.14, 0.89, 3.17, 0.42, 0.2, 0.934987, 3.20395, 1.14133, 36.4247, 27.1268
-0.24, 0.04, 0.94, 7.61, 0.06, 0.43, 0.970979, 7.62237, 1.14033, 33.727, 19.9484
-0.27, 0.11, 0.94, 3.52, 0.49, 0.79, 0.984175, 3.64069, 1.139, 32.9623, 19.9484
-0.25, 0.06, 0.91, 2.18, 0.11, 0.4, 0.945621, 2.21912, 1.13833, 31.2893, 24.4946
-0.27, 0.06, 0.93, 2.59, 0.33, 0.12, 0.970258, 2.61369, 1.16667, 30.1103, 21.5652
-0.25, 0.08, 0.9, 3.56, 4.17, 1.04, 0.937497, 5.58069, 1.16267, 27.7533, 25.8419
-0.24, 0.05, 0.93, 0.51, 0.81, 0.2, 0.961769, 0.977855, 1.17133, 25.3303, 21.5652
-0.26, 0.07, 0.93, 0.04, 0.1, 0.88, 0.968194, 0.886566, 1.17633, 23.9737, 21.5652
-0.25, 0.06, 0.93, 1.45, 0.43, 2.12, 0.964883, 2.60419, 1.16333, 22.1263, 21.5652
-0.26, 0.05, 0.96, 0.08, 0.55, 2.23, 0.995841, 2.29822, 1.15033, 20.4067, 16.2602
-0.27, 0.07, 0.92, 0.46, 0.62, 2.38, 0.961353, 2.50208, 1.14267, 18.57, 23.0739
-0.25, 0.06, 0.91, 0.89, 0.54, 1.49, 0.945621, 1.81764, 1.168, 15.6817, 24.4946
-0.25, 0.05, 0.92, 1.46, 0.06, 0.58, 0.954673, 1.57213, 1.17067, 12.8747, 23.0739
-0.28, 0.06, 0.91, 0.8, 0.73, 0.98, 0.953992, 1.46058, 1.18333, 10.938, 24.4946
-0.26, 0.06, 0.92, 1.29, 1.39, 1.4, 0.957914, 2.35716, 1.18967, 9.58767, 23.0739
-0.25, 0.03, 0.93, 0.41, 0.4, 0.4, 0.963483, 0.698642, 1.22933, 9.02433, 21.5652
-0.27, 0.06, 0.91, 0.01, 0.22, 0.54, 0.951105, 0.583181, 1.23633, 8.09667, 24.4946
-0.28, 0.06, 0.91, 1.2, 2.23, 0.47, 0.953992, 2.57562, 1.241, 7.098, 24.4946
-0.26, 0.05, 0.94, 0.08, 0.69, 0.62, 0.976576, 0.931075, 1.248, 6.01167, 19.9484
-0.27, 0.07, 0.93, 0.85, 0.25, 0.42, 0.970927, 0.98051, 1.24333, 5.18833, 21.5652
-0.25, 0.04, 0.91, 0.97, 0.24, 1.02, 0.944563, 1.4279, 1.242, 4.23033, 24.4946
-0.28, 0.07, 0.93, 0.02, 0.66, 0.56, 0.973756, 0.865794, 1.24467, 3.94533, 21.5652
-0.26, 0.05, 0.93, 0.09, 0.14, 1.83, 0.966954, 1.83755, 1.24567, 3.67733, 21.5652
-0.27, 0.05, 0.92, 0.73, 0.65, 1.58, 0.960104, 1.8579, 1.245, 3.653, 23.0739
-0.27, 0.06, 0.91, 0.64, 0.48, 2.43, 0.951105, 2.5583, 1.24367, 3.36367, 24.4946
-0.26, 0.04, 0.9, 0.95, 0.3, 2.2, 0.937657, 2.41506, 1.24167, 3.118, 25.8419
-0.26, 0.06, 0.9, 0.49, 0, 4.56, 0.938723, 4.58625, 1.24367, 3.227, 25.8419
-0.3, 0.06, 0.94, 0.37, 0.14, 0.6, 0.988534, 0.718679, 1.24467, 3.12633, 19.9484
-0.28, 0.06, 0.93, 0.15, 0.27, 1.26, 0.973088, 1.2973, 1.24167, 2.97433, 21.5652
-0.27, 0.07, 0.9, 0.9, 0, 0, 0.942231, 0.9, 1.24533, 2.956, 25.8419
-0.27, 0.05, 0.91, 0.31, 0.18, 1.53, 0.950526, 1.57143, 1.24367, 2.897, 24.4946
-0.28, 0.05, 0.91, 0.5, 0.68, 0.73, 0.953415, 1.11593, 1.24433, 2.69067, 24.4946
-0.28, 0.07, 0.91, 0.34, 0.68, 1.65, 0.954673, 1.81673, 1.24233, 2.61967, 24.4946
-0.29, 0.04, 0.93, 0.84, 0.92, 0.37, 0.974987, 1.29958, 1.24367, 2.601, 21.5652
-0.28, 0.08, 0.91, 0.34, 1.01, 0.04, 0.955458, 1.06644, 1.244, 2.546, 24.4946
-0.27, 0.04, 0.92, 0.04, 0.32, 0.03, 0.959635, 0.323883, 1.244, 2.26667, 23.0739
-0.28, 0.06, 0.9, 0.86, 0.67, 0.56, 0.944458, 1.2256, 1.24467, 2.28567, 25.8419
-0.28, 0.06, 0.94, 3.07, 3.3, 0.21, 0.982649, 4.51209, 1.24533, 2.471, 19.9484
-0.33, 0.06, 0.99, 2.12, 6.1, 0.79, 1.04528, 6.50604, 1.25, 2.638, 8.10961
-0.21, 0.24, 0.28, 24.95, 149.86, 1.56, 0.424382, 151.931, 1.232, 8.42167, 73.7398
0.21, 0.1, 0.18, 47.36, 0.44, 8.42, 0.294109, 48.1047, 1.20633, 10.1803, 79.6302
-0.9, 0.12, 0.95, 50.32, 35.77, 1.34, 1.31412, 61.7527, 1.23133, 12.9973, 18.1949
-0.18, 0.43, 0.08, 9.61, 161.73, 1.07, 0.472969, 162.019, 1.21367, 18.6743, 85.4114
0.13, 0.05, 0.59, 1.5, 0.36, 9.33, 0.606218, 9.45666, 1.19767, 18.9637, 53.843
-0.06, 0.1, 0.91, 2.86, 5.07, 6.11, 0.917442, 8.43899, 1.192, 19.2957, 24.4946
-0.2, 0.05, 0.01, 0.5, 8.29, 18.16, 0.206398, 19.969, 1.16033, 20.1537, 89.427
-0.19, 0.11, 0.91, 0.31, 7.54, 17.36, 0.936109, 18.9293, 1.15933, 20.9683, 24.4946
-0.18, 0.13, 0.94, 0.61, 9.22, 26.66, 0.965867, 28.2159, 1.15933, 22.0547, 19.9484
-0.35, 0.13, 0.96, 0, 0.58, 30.09, 1.03005, 30.0956, 1.16567, 23.0307, 16.2602
-0.24, 0.03, 0.92, 0.63, 3.3, 25.91, 0.951262, 26.1269, 1.163, 23.9747, 23.0739
-0.28, 0.1, 0.9, 0.56, 8.25, 5.7, 0.94784, 10.0432, 1.16567, 24.384, 25.8419
-0.28, 0.04, 0.98, 0.5, 0.6, 19.75, 1.02, 19.7654, 1.16633, 25.0377, 11.4783
-0.27, 0.02, 0.91, 1.87, 0.5, 21.1, 0.949421, 21.1886, 1.165, 25.7513, 24.4946
0.05, 0.93, 0.09, 0.14, 1.83, 0, 0.935682, 1.83535, 1.15933, 25.7183, 84.8364
-0.27, 0.05, 0.92, 0.73, 0.65, 1.58, 0.960104, 1.8579, 1.15933, 25.6987, 23.0739
-0.27, 0.06, 0.91, 0.64, 0.48, 2.43, 0.951105, 2.5583, 1.16067, 25.702, 24.4946
-0.26, 0.04, 0.9, 0.95, 0.3, 2.2, 0.937657, 2.41506, 1.16, 25.6487, 25.8419
-0.26, 0.06, 0.9, 0.49, 0, 4.56, 0.938723, 4.58625, 1.15733, 25.78, 25.8419
-0.3, 0.06, 0.94, 0.37, 0.14, 0.6, 0.988534, 0.718679, 1.15833, 25.761, 19.9484
-0.28, 0.06, 0.93, 0.15, 0.27, 1.26, 0.973088, 1.2973, 1.15933, 25.787, 21.5652
-0.27, 0.07, 0.9, 0.9, 0, 0, 0.942231, 0.9, 1.15967, 25.7497, 25.8419
-0.22, 0.09, 0.97, 0.22, 0.3, 0.2, 0.998699, 0.422374, 1.161, 25.71, 14.0699
-0.3, 0.05, 0.88, 0.08, 0.84, 9.61, 0.931075, 9.64697, 1.16, 25.972, 28.3576
-0.39, 0.01, 0.93, 0.71, 7.88, 1.69, 1.00851, 8.0904, 1.16233, 26.2437, 21.5652
-0.34, 0.05, 0.91, 0.2, 4.4, 34.28, 0.972728, 34.5618, 1.16333, 27.4933, 24.4946
-0.26, 0.21, 0.88, 0.92, 24.34, 62.14, 0.941329, 66.7433, 1.16733, 30.3937, 28.3576
-0.16, 0.06, 0.85, 5.1, 3.41, 27.6, 0.867006, 28.2736, 1.16167, 31.5277, 31.7883
-0.43, 0.15, 0.89, 0.52, 3.98, 7.58, 0.99975, 8.57713, 1.168, 31.711, 27.1268
-0.28, 0.04, 0.98, 2.08, 0.35, 14.62, 1.02, 14.7714, 1.16533, 31.979, 11.4783
-0.49, 0.09, 0.88, 0.14, 0.08, 10.66, 1.01124, 10.6612, 1.18967, 26.4627, 28.3576
-0.46, 0.14, 0.95, 0.53, 23.4, 0.93, 1.06475, 23.4245, 1.225, 25.4173, 18.1949
-0.28, 0.14, 0, 29.77, 97.25, 1.67, 0.31305, 101.718, 1.17333, 26.7927, 90
0.05, 0.24, 0.23, 8, 9.61, 161.73, 0.336155, 162.213, 1.16767, 27.0237, 76.7029
0.13, 0.05, 0.59, 1.5, 0.36, 9.33, 0.606218, 9.45666, 1.16767, 27.0237, 53.843
-0.06, 0.1, 0.91, 2.86, 5.07, 6.11, 0.917442, 8.43899, 1.16767, 27.0237, 24.4946
-0.2, 0.05, 0.01, 0.5, 8.29, 18.16, 0.206398, 19.969, 1.16767, 27.0237, 89.427
-0.19, 0.11, 0.91, 0.31, 7.54, 17.36, 0.936109, 18.9293, 1.16767, 27.0237, 24.4946
-0.18, 0.13, 0.94, 0.61, 9.22, 26.66, 0.965867, 28.2159, 1.16767, 27.0237, 19.9484
-0.35, 0.13, 0.96, 0, 0.58, 30.09, 1.03005, 30.0956, 1.16767, 27.0237, 16.2602
-0.24, 0.03, 0.92, 0.63, 3.3, 25.91, 0.951262, 26.1269, 1.16767, 27.0237, 23.0739
-0.28, 0.1, 0.9, 0.56, 8.25, 5.7, 0.94784, 10.0432, 1.16767, 27.0237, 25.8419
-0.28, 0.04, 0.98, 0.5, 0.6, 19.75, 1.02, 19.7654, 1.16767, 27.0237, 11.4783
-0.27, 0.02, 0.91, 1.87, 0.5, 21.1, 0.949421, 21.1886, 1.16767, 27.0237, 24.4946
0.05, 0.93, 0.09, 0.14, 1.83, 0, 0.935682, 1.83535, 1.16767, 27.0237, 84.8364
-0.27, 0.05, 0.92, 0.73, 0.65, 1.58, 0.960104, 1.8579, 1.16767, 27.0237, 23.0739
-0.27, 0.06, 0.91, 0.64, 0.48, 2.43, 0.951105, 2.5583, 1.16767, 27.0237, 24.4946
-0.26, 0.04, 0.9, 0.95, 0.3, 2.2, 0.937657, 2.41506, 1.16767, 27.0237, 25.8419
-0.26, 0.06, 0.9, 0.49, 0, 4.56, 0.938723, 4.58625, 1.16767, 27.0237, 25.8419
-0.3, 0.06, 0.94, 0.37, 0.14, 0.6, 0.988534, 0.718679, 1.16767, 27.0237, 19.9484
-0.28, 0.06, 0.93, 0.15, 0.27, 1.26, 0.973088, 1.2973, 1.16767, 27.0237, 21.5652
-0.27, 0.07, 0.9, 0.9, 0, 0, 0.942231, 0.9, 1.16767, 27.0237, 25.8419
-0.15, 0.41, 0.33, 144.51, 37.35, 2.63, 0.547266, 149.282, 1.15467, 33.1493, 70.7312
-0.52, 0.29, 0.1, 40.54, 6, 48, 0.603738, 63.1149, 1.144, 35.9497, 84.2608
-0.86, 0.41, 0.82, 54.04, 5.29, 3.21, 1.25702, 54.3931, 1.16933, 37.6917, 34.9152
-0.77, 0.07, 0.55, 22.31, 170.25, 87.07, 0.948841, 192.52, 1.17233, 45.7167, 56.633
0.4, 0.59, 0.4, 46.48, 241.36, 4.54, 0.817374, 245.837, 1.17367, 52.5493, 66.4218
-0.13, 0.83, 0.97, 109.03, 7.77, 13.38, 1.28324, 110.122, 1.20233, 55.685, 14.0699
-0.25, 0.03, 0.27, 90.25, 5.84, 66.44, 0.369188, 112.221, 1.17167, 60.7, 74.3357
-0.59, 0.06, 0.35, 82.18, 24.34, 20.65, 0.688622, 88.1613, 1.16167, 64.3707, 69.5127
-0.49, 0.16, 0.61, 54.81, 6.59, 72.28, 0.798624, 90.9503, 1.155, 68.464, 52.4105
-0.22, 0.06, 0.49, 20.39, 50.81, 0.64, 0.540463, 54.7523, 1.129, 70.03, 60.6594
-0.73, 0.32, 0.45, 58.77, 193.55, 9, 0.915314, 202.476, 1.165, 74.451, 63.2563
-1, 161.73, 1.07, 0, 0, 0, 161.737, 0, 6.60767, 68.473, -nan(ind)
0.13, 0.05, 0.59, 1.5, 0.36, 9.33, 0.606218, 9.45666, 6.60767, 68.473, 53.843
-0.06, 0.1, 0.91, 2.86, 5.07, 6.11, 0.917442, 8.43899, 6.60767, 68.473, 24.4946
-0.2, 0.05, 0.01, 0.5, 8.29, 18.16, 0.206398, 19.969, 6.60767, 68.473, 89.427
-0.19, 0.11, 0.91, 0.31, 7.54, 17.36, 0.936109, 18.9293, 6.60767, 68.473, 24.4946
-0.18, 0.13, 0.94, 0.61, 9.22, 26.66, 0.965867, 28.2159, 6.60767, 68.473, 19.9484
-0.35, 0.13, 0.96, 0, 0.58, 30.09, 1.03005, 30.0956, 6.60767, 68.473, 16.2602
-0.24, 0.03, 0.92, 0.63, 3.3, 25.91, 0.951262, 26.1269, 6.60767, 68.473, 23.0739
-0.28, 0.1, 0.9, 0.56, 8.25, 5.7, 0.94784, 10.0432, 6.60767, 68.473, 25.8419
-0.28, 0.04, 0.98, 0.5, 0.6, 19.75, 1.02, 19.7654, 6.60767, 68.473, 11.4783
-0.27, 0.02, 0.91, 1.87, 0.5, 21.1, 0.949421, 21.1886, 6.60767, 68.473, 24.4946
0.05, 0.93, 0.09, 0.14, 1.83, 0, 0.935682, 1.83535, 6.60767, 68.473, 84.8364
-0.27, 0.05, 0.92, 0.73, 0.65, 1.58, 0.960104, 1.8579, 6.60767, 68.473, 23.0739
-0.27, 0.06, 0.91, 0.64, 0.48, 2.43, 0.951105, 2.5583, 6.60767, 68.473, 24.4946
-0.26, 0.04, 0.9, 0.95, 0.3, 2.2, 0.937657, 2.41506, 6.60767, 68.473, 25.8419
-0.26, 0.06, 0.9, 0.49, 0, 4.56, 0.938723, 4.58625, 6.60767, 68.473, 25.8419
-0.3, 0.06, 0.94, 0.37, 0.14, 0.6, 0.988534, 0.718679, 6.60767, 68.473, 19.9484
-0.28, 0.06, 0.93, 0.15, 0.27, 1.26, 0.973088, 1.2973, 6.60767, 68.473, 21.5652
-0.27, 0.07, 0.9, 0.9, 0, 0, 0.942231, 0.9, 6.60767, 68.473, 25.8419
-0.7, 0.52, 0.72, 101.97, 47.13, 8.88, 1.13084, 112.685, 6.64267, 67.5893, 43.9455
-0.21, 0.44, 0.42, 40.09, 72.56, 0.93, 0.643506, 82.9037, 6.648, 68.224, 65.1654
0.12, 0.17, 0.23, 0.24, 76.29, 39.22, 0.310161, 85.7813, 6.59567, 69.9977, 76.7029
0.37, 0.23, 0.9, 15.24, 198.07, 16.96, 0.9999, 199.378, 6.59933, 68.3523, 25.8419
0.89, 0.24, 0.04, 17.67, 49.99, 16.05, 0.922659, 55.397, 6.592, 61.3967, 87.7076
-0.92, 0.51, 0.55, 55.89, 49.99, 71.25, 1.18701, 103.437, 6.59367, 62.9617, 56.633
-1.1, 0.18, 0.86, 88.71, 6.85, 4.92, 1.40784, 89.11, 6.64667, 60.8933, 30.6834
-1.6, 0.51, 0.98, 118.09, 250, 7.23, 1.94435, 276.582, 6.71633, 69.165, 11.4783
-0.62, 0.05, 0.05, 44.45, 91.59, 8.79, 0.624019, 102.185, 6.69833, 69.5367, 87.134
0, 0.15, 0.13, 87.3, 114.91, 8.19, 0.198494, 144.543, 6.682, 74.1553, 82.5304
0.36, 0.56, 0.75, 9.66, 2, 161.73, 1.00285, 162.031, 6.68767, 71.2243, 41.4096
0.13, 0.05, 0.59, 1.5, 0.36, 9.33, 0.606218, 9.45666, 1.25333, 71.5973, 53.843
-0.06, 0.1, 0.91, 2.86, 5.07, 6.11, 0.917442, 8.43899, 1.26333, 71.6923, 24.4946
-0.2, 0.05, 0.01, 0.5, 8.29, 18.16, 0.206398, 19.969, 1.23633, 72.1227, 89.427
-0.19, 0.11, 0.91, 0.31, 7.54, 17.36, 0.936109, 18.9293, 1.268, 72.0647, 24.4946
-0.18, 0.13, 0.94, 0.61, 9.22, 26.66, 0.965867, 28.2159, 1.26933, 72.4407, 19.9484
-0.35, 0.13, 0.96, 0, 0.58, 30.09, 1.03005, 30.0956, 1.27567, 72.2467, 16.2602
-0.24, 0.03, 0.92, 0.63, 3.3, 25.91, 0.951262, 26.1269, 1.26733, 72.219, 23.0739
-0.28, 0.1, 0.9, 0.56, 8.25, 5.7, 0.94784, 10.0432, 1.27033, 71.708, 25.8419
-0.28, 0.04, 0.98, 0.5, 0.6, 19.75, 1.02, 19.7654, 1.271, 71.9193, 11.4783
-0.27, 0.02, 0.91, 1.87, 0.5, 21.1, 0.949421, 21.1886, 1.26767, 72.0067, 24.4946
0.05, 0.93, 0.09, 0.14, 1.83, 0, 0.935682, 1.83535, 1.26333, 71.29, 84.8364
-0.27, 0.05, 0.92, 0.73, 0.65, 1.58, 0.960104, 1.8579, 1.269, 71.323, 23.0739
-0.27, 0.06, 0.91, 0.64, 0.48, 2.43, 0.951105, 2.5583, 1.269, 71.3427, 24.4946
-0.26, 0.04, 0.9, 0.95, 0.3, 2.2, 0.937657, 2.41506, 1.26767, 71.3393, 25.8419
-0.26, 0.06, 0.9, 0.49, 0, 4.56, 0.938723, 4.58625, 1.26833, 71.3927, 25.8419
-0.3, 0.06, 0.94, 0.37, 0.14, 0.6, 0.988534, 0.718679, 1.271, 71.2613, 19.9484
-0.28, 0.06, 0.93, 0.15, 0.27, 1.26, 0.973088, 1.2973, 1.27, 71.2803, 21.5652
-0.27, 0.07, 0.9, 0.9, 0, 0, 0.942231, 0.9, 1.269, 71.2543, 25.8419
0.41, 0.22, 0.81, 78.22, 250, 8.08, 0.934131, 262.076, 1.27567, 82.4343, 35.9041
0.03, 0.52, 0.63, 110.29, 49.99, 50.67, 0.817435, 131.264, 1.25033, 84.2, 50.9499
-0.52, 0.09, 0.77, 145.78, 49.99, 2.2, 0.933488, 154.129, 1.26067, 87.013, 39.6461
-1.37, 0.58, 0, 20.14, 89.58, 3.9, 1.48772, 91.8989, 1.30833, 86.942, 90
-0.64, 0.06, 0.92, 53.18, 120.42, 8.91, 1.12232, 131.941, 1.31233, 85.35, 23.0739
-0.02, 0.28, 0.24, 62.13, 208.85, 3.7, 0.369324, 217.927, 1.29133, 91.7157, 76.1135
0.72, 0.19, 0, 0.48, 250, 3.69, 0.744648, 250.028, 1.25567, 94.2837, 90
0.34, 0.31, 0.57, 9.38, 1.16, 65.76, 0.73253, 66.4357, 1.225, 93.4777, 55.2498
0.33, 0.04, 0.08, 16.89, 49.99, 29.02, 0.341906, 60.2199, 1.137, 84.1637, 85.4114
-0.21, 0.01, 0.17, 48, 49.99, 0.47, 0.27037, 69.3053, 1.126, 82.618, 80.2122
-1.51, 0.29, 0.98, 6.98, 3.82, 7.37, 1.82335, 10.8457, 1.20933, 76.2103, 11.4783
-0.42, 0.32, 0.42, 3, 161.73, 1.07, 0.674685, 161.761, 1.19233, 75.9573, 65.1654
0.13, 0.05, 0.59, 1.5, 0.36, 9.33, 0.606218, 9.45666, 1.19233, 75.9573, 53.843
-0.06, 0.1, 0.91, 2.86, 5.07, 6.11, 0.917442, 8.43899, 1.19233, 75.9573, 24.4946
-0.2, 0.05, 0.01, 0.5, 8.29, 18.16, 0.206398, 19.969, 1.19233, 75.9573, 89.427
-0.19, 0.11, 0.91, 0.31, 7.54, 17.36, 0.936109, 18.9293, 1.19233, 75.9573, 24.4946
-0.18, 0.13, 0.94, 0.61, 9.22, 26.66, 0.965867, 28.2159, 1.19233, 75.9573, 19.9484
-0.35, 0.13, 0.96, 0, 0.58, 30.09, 1.03005, 30.0956, 1.19233, 75.9573, 16.2602
-0.24, 0.03, 0.92, 0.63, 3.3, 25.91, 0.951262, 26.1269, 1.19233, 75.9573, 23.0739
-0.28, 0.1, 0.9, 0.56, 8.25, 5.7, 0.94784, 10.0432, 1.19233, 75.9573, 25.8419
-0.28, 0.04, 0.98, 0.5, 0.6, 19.75, 1.02, 19.7654, 1.19233, 75.9573, 11.4783
-0.27, 0.02, 0.91, 1.87, 0.5, 21.1, 0.949421, 21.1886, 1.19233, 75.9573, 24.4946
0.05, 0.93, 0.09, 0.14, 1.83, 0, 0.935682, 1.83535, 1.19233, 75.9573, 84.8364
-0.27, 0.05, 0.92, 0.73, 0.65, 1.58, 0.960104, 1.8579, 1.19233, 75.9573, 23.0739
-0.27, 0.06, 0.91, 0.64, 0.48, 2.43, 0.951105, 2.5583, 1.19233, 75.9573, 24.4946
-0.26, 0.04, 0.9, 0.95, 0.3, 2.2, 0.937657, 2.41506, 1.19233, 75.9573, 25.8419
-0.26, 0.06, 0.9, 0.49, 0, 4.56, 0.938723, 4.58625, 1.19233, 75.9573, 25.8419
-0.3, 0.06, 0.94, 0.37, 0.14, 0.6, 0.988534, 0.718679, 1.19233, 75.9573, 19.9484
-0.28, 0.06, 0.93, 0.15, 0.27, 1.26, 0.973088, 1.2973, 1.19233, 75.9573, 21.5652
-0.27, 0.07, 0.9, 0.9, 0, 0, 0.942231, 0.9, 1.19233, 75.9573, 25.8419
0.11, 0.29, 0.63, 52.49, 250, 31.33, 0.702211, 257.365, 1.17867, 75.8747, 50.9499
0.61, 0.22, 0.11, 10.65, 110.82, 7.36, 0.657723, 111.574, 1.17067, 73.1373, 83.6847
0.65, 0.07, 0.56, 5.99, 2.01, 3.73, 0.860814, 7.3371, 1.16733, 66.9293, 55.9442
-0.29, 0.32, 0.03, 2.93, 49.99, 34.23, 0.432897, 60.6571, 1.12367, 66.047, 88.2809
-0.77, 0.31, 0.49, 89.25, 49.99, 2.5, 0.963898, 102.327, 1.122, 64.688, 60.6594
-0.56, 0.04, 0.26, 127.3, 1.82, 7.08, 0.618708, 127.51, 1.13267, 60.072, 74.9299
-0.63, 1.19, 0, 78.54, 250, 46.42, 1.34648, 266.127, 1.163, 64.0983, 90
0.17, 0.36, 0.11, 0, 250, 32.19, 0.413038, 252.064, 1.14367, 70.9613, 83.6847
0.55, 0.4, 0.1, 0.85, 0.89, 5.25, 0.687386, 5.39232, 1.16367, 67.9977, 84.2608
0.35, 0, 0.6, 8.8, 9.41, 3.65, 0.694622, 13.3907, 1.18233, 65.4443, 53.1301
0.62, 0.18, 0.4, 38.86, 78.29, 27.09, 0.759474, 91.5057, 1.12967, 69.6467, 66.4218
-0.35, 0.37, 0.69, 38.161, 73, 1.07, 0.857613, 82.3797, 1.138, 67.861, 46.3699
0.13, 0.05, 0.59, 1.5, 0.36, 9.33, 0.606218, 9.45666, 1.138, 67.861, 53.843
-0.06, 0.1, 0.91, 2.86, 5.07, 6.11, 0.917442, 8.43899, 1.138, 67.861, 24.4946
-0.2, 0.05, 0.01, 0.5, 8.29, 18.16, 0.206398, 19.969, 1.138, 67.861, 89.427
-0.19, 0.11, 0.91, 0.31, 7.54, 17.36, 0.936109, 18.9293, 1.138, 67.861, 24.4946
-0.18, 0.13, 0.94, 0.61, 9.22, 26.66, 0.965867, 28.2159, 1.138, 67.861, 19.9484
-0.35, 0.13, 0.96, 0, 0.58, 30.09, 1.03005, 30.0956, 1.138, 67.861, 16.2602
-0.24, 0.03, 0.92, 0.63, 3.3, 25.91, 0.951262, 26.1269, 1.138, 67.861, 23.0739
-0.28, 0.1, 0.9, 0.56, 8.25, 5.7, 0.94784, 10.0432, 1.138, 67.861, 25.8419
-0.28, 0.04, 0.98, 0.5, 0.6, 19.75, 1.02, 19.7654, 1.138, 67.861, 11.4783
-0.27, 0.02, 0.91, 1.87, 0.5, 21.1, 0.949421, 21.1886, 1.138, 67.861, 24.4946
0.05, 0.93, 0.09, 0.14, 1.83, 0, 0.935682, 1.83535, 1.138, 67.861, 84.8364
-0.27, 0.05, 0.92, 0.73, 0.65, 1.58, 0.960104, 1.8579, 1.138, 67.861, 23.0739
-0.27, 0.06, 0.91, 0.64, 0.48, 2.43, 0.951105, 2.5583, 1.138, 67.861, 24.4946
-0.26, 0.04, 0.9, 0.95, 0.3, 2.2, 0.937657, 2.41506, 1.138, 67.861, 25.8419
-0.26, 0.06, 0.9, 0.49, 0, 4.56, 0.938723, 4.58625, 1.138, 67.861, 25.8419
-0.3, 0.06, 0.94, 0.37, 0.14, 0.6, 0.988534, 0.718679, 1.138, 67.861, 19.9484
-0.28, 0.06, 0.93, 0.15, 0.27, 1.26, 0.973088, 1.2973, 1.138, 67.861, 21.5652
-0.27, 0.07, 0.9, 0.9, 0, 0, 0.942231, 0.9, 1.138, 67.861, 25.8419
-0.24, 0.1, 0.18, 57.17, 94.27, 0.85, 0.316228, 110.254, 1.121, 61.81, 79.6302
-0.85, 0.11, 0, 7.51, 14.35, 0.68, 0.857088, 16.2106, 1.12167, 58.267, 90
-0.74, 0.6, 0.04, 26.89, 5, 5.74, 0.95352, 27.9467, 1.125, 59.1304, 87.7076
-0.28, 0.02, 0.94, 66.99, 204.45, 9.61, 0.98102, 215.36, 1.145, 65.5937, 19.9484
0.28, 0.04, 0.49, 46.08, 217.42, 2.33, 0.565774, 222.262, 1.11967, 69.73, 60.6594
0.78, 0.54, 0.4, 49.45, 4.27, 45.81, 1.02956, 67.5433, 1.14833, 68.5077, 66.4218
-0.03, 0.52, 0.17, 7.36, 5.81, 9.08, 0.547905, 13.0527, 1.11167, 56.7507, 80.2122
-0.11, 0.04, 0.42, 5.54, 25, 9.73, 0.436005, 27.3928, 1.10933, 48.6867, 65.1654
-0.09, 0.2, 0.46, 2.95, 77.71, 6.3, 0.509608, 78.0207, 1.09933, 51.3524, 62.6129
-0.6, 0.02, 0.62, 14.07, 16.51, 2.81, 0.863018, 21.8733, 1.109, 51.7367, 51.6839
-0.65, 0.14, 0.26, 32.49, 4.72, 0.79, 0.713933, 32.8406, 1.104, 48.1954, 74.9299
-0, 0.35, 0.37, 0.69, 38.161, 73, 0.509313, 82.3756, 1.081, 48.1827, 68.2844
0.13, 0.05, 0.59, 1.5, 0.36, 9.33, 0.606218, 9.45666, 1.081, 48.1827, 53.843
-0.06, 0.1, 0.91, 2.86, 5.07, 6.11, 0.917442, 8.43899, 1.081, 48.1827, 24.4946
-0.2, 0.05, 0.01, 0.5, 8.29, 18.16, 0.206398, 19.969, 1.081, 48.1827, 89.427
-0.19, 0.11, 0.91, 0.31, 7.54, 17.36, 0.936109, 18.9293, 1.081, 48.1827, 24.4946
-0.18, 0.13, 0.94, 0.61, 9.22, 26.66, 0.965867, 28.2159, 1.081, 48.1827, 19.9484
-0.35, 0.13, 0.96, 0, 0.58, 30.09, 1.03005, 30.0956, 1.081, 48.1827, 16.2602
-0.24, 0.03, 0.92, 0.63, 3.3, 25.91, 0.951262, 26.1269, 1.081, 48.1827, 23.0739
-0.28, 0.1, 0.9, 0.56, 8.25, 5.7, 0.94784, 10.0432, 1.081, 48.1827, 25.8419
-0.28, 0.04, 0.98, 0.5, 0.6, 19.75, 1.02, 19.7654, 1.081, 48.1827, 11.4783
-0.27, 0.02, 0.91, 1.87, 0.5, 21.1, 0.949421, 21.1886, 1.081, 48.1827, 24.4946
0.05, 0.93, 0.09, 0.14, 1.83, 0, 0.935682, 1.83535, 1.081, 48.1827, 84.8364
-0.27, 0.05, 0.92, 0.73, 0.65, 1.58, 0.960104, 1.8579, 1.081, 48.1827, 23.0739
-0.27, 0.06, 0.91, 0.64, 0.48, 2.43, 0.951105, 2.5583, 1.081, 48.1827, 24.4946
-0.26, 0.04, 0.9, 0.95, 0.3, 2.2, 0.937657, 2.41506, 1.081, 48.1827, 25.8419
-0.26, 0.06, 0.9, 0.49, 0, 4.56, 0.938723, 4.58625, 1.081, 48.1827, 25.8419
-0.3, 0.06, 0.94, 0.37, 0.14, 0.6, 0.988534, 0.718679, 1.081, 48.1827, 19.9484
-0.28, 0.06, 0.93, 0.15, 0.27, 1.26, 0.973088, 1.2973, 1.081, 48.1827, 21.5652
-0.27, 0.07, 0.9, 0.9, 0, 0, 0.942231, 0.9, 1.081, 48.1827, 25.8419
-0.4, 0.17, 0.93, 36.79, 69.62, 2.86, 1.02655, 78.7948, 1.11367, 46.7487, 21.5652
-0.29, 0.08, 0.88, 62.44, 64.46, 7.12, 0.93, 90.0252, 1.12333, 50.4647, 28.3576
0.47, 0.18, 0.84, 7.47, 119.48, 7.48, 0.979234, 119.947, 1.127, 53.6914, 32.8599
0.04, 0.12, 0.55, 4.12, 71.84, 4.57, 0.564358, 72.103, 1.10933, 47.0074, 56.633
-0.63, 0.04, 0.24, 14.66, 2.87, 16.05, 0.675352, 21.9261, 1.11267, 39.2657, 76.1135
-0.02, 0.05, 0.84, 42.56, 17.94, 73.3, 0.841724, 86.6377, 1.08567, 40.408, 32.8599
-0.11, 0.12, 0.78, 25.89, 2.75, 107.34, 0.796806, 110.452, 1.09533, 44.199, 38.7394
0, 0, 0, 0, 0, 0, 0, 0, 1.07633, 42.8567, 90
