-0.18 -0.39 0.56 -32.68 249.99 10.05
-1.95 0.35 2.00 -24.91 60.99 -104.84
-0.11 0.16 -0.09 -2.85 -240.26 23.54
0.58 -0.06 0.44 55.36 -250.00 7.08
0.54 0.40 1.39 -116.66 59.55 -3.72
0.14 0.05 -0.21 -54.88 215.39 29.16
-0.07 -0.35 0.20 -54.31 249.99 1.77
-2.00 0.18 2.00 -31.62 185.35 -123.90
-0.21 0.20 -0.07 -17.40 -240.84 16.81
0.54 0.06 -0.23 17.80 -250.00 1.68
0.83 0.42 1.48 -114.88 22.87 -9.22
0.25 0.04 -0.17 -35.10 209.18 14.52
-0.07 -0.29 -0.12 -53.79 249.99 8.37
-2.00 0.26 2.00 -53.58 198.74 -130.38
-0.25 0.15 -0.03 -12.36 -210.69 45.19
0.54 -0.12 0.29 22.36 -250.00 3.70
0.92 0.45 1.07 -120.96 19.92 -0.21
0.24 0.08 -0.22 -53.57 232.74 19.24
-0.08 -0.36 0.00 -70.96 249.99 10.60
-2.00 0.04 2.00 -30.79 249.99 -123.72
-0.27 0.22 0.06 -26.35 -224.28 28.09
0.69 -0.16 0.64 51.70 -250.00 1.80
0.03 0.11 -0.15 -56.88 219.00 37.96
-0.20 -0.22 -0.09 -57.95 249.99 48.64
-1.84 0.22 2.00 -86.37 57.16 -76.48
-0.19 0.18 -0.09 -17.69 -203.74 14.27
0.48 -0.06 0.08 18.14 -247.65 -8.45
1.24 0.41 1.25 -129.01 -27.43 -46.94
0.18 0.11 -0.23 -17.71 246.80 23.16
-0.07 -0.33 0.09 -36.61 249.99 20.02
-2.00 0.42 2.00 -50.54 101.38 -134.13
-0.15 0.16 -0.09 -22.70 -178.70 25.87
0.62 -0.26 1.93 85.88 -250.00 13.08
0.74 0.27 1.00 -121.99 135.38 42.80
0.01 0.08 -0.21 -62.71 249.99 53.03
-0.27 -0.32 1.38 -20.58 249.99 12.90
-1.62 0.41 1.48 -68.98 17.60 -115.62
0.01 0.07 -0.14 -28.97 -190.99 -5.70
0.56 -0.46 2.00 238.14 -250.00 22.18
0.53 0.15 0.60 -124.69 181.92 31.68
-0.03 -0.07 -0.26 -55.95 249.99 54.34
-1.40 -0.48 2.00 197.51 -19.00 14.27
-1.03 0.36 0.67 -58.54 -124.16 -38.97
0.28 0.00 -0.09 -9.00 -222.58 4.61
0.66 -1.00 2.00 249.99 -250.00 -2.18
0.50 0.18 0.08 -74.36 202.32 50.15
0.02 -0.18 -0.23 -59.94 249.99 52.77
-1.27 -1.08 0.98 207.33 164.70 -57.56
-0.83 0.38 0.32 -38.15 -204.08 8.61
0.41 -0.07 -0.05 5.08 -250.00 18.26
1.07 1.20 -0.15 -1.30 -227.17 -44.08
0.74 0.27 1.00 -121.99 135.38 42.80
0.01 0.08 -0.21 -62.71 249.99 53.03
-0.27 -0.32 1.38 -20.58 249.99 12.90
-1.62 0.41 1.48 -68.98 17.60 -115.62
0.01 0.07 -0.14 -28.97 -190.99 -5.70
0.56 -0.46 2.00 238.14 -250.00 22.18
-0.10 -0.30 -0.09 -76.60 249.99 11.17
-1.97 0.10 2.00 -21.52 198.49 -135.98
-0.19 0.20 -0.05 -36.25 -236.24 13.28
0.61 0.09 0.78 43.30 -250.00 28.23
0.93 0.29 0.83 -160.90 108.73 12.73
0.18 -0.05 -0.31 -41.51 249.99 54.99
-0.34 -0.74 2.00 67.65 212.49 -7.46
-1.75 0.72 1.16 -68.00 -18.94 -101.21
0.07 0.04 -0.10 -25.06 -217.96 27.58
0.38 -0.94 2.00 249.99 -250.00 18.38
0.54 0.16 0.21 -91.49 184.56 260.26 
0.74 0.27 1.00 -121.99 135.38 42.80
0.01 0.08 -0.21 -62.71 249.99 53.03
-0.27 -0.32 1.38 -20.58 249.99 12.90
-1.62 0.41 1.48 -68.98 17.60 -115.62
0.01 0.07 -0.14 -28.97 -190.99 -5.70
0.56 -0.46 2.00 238.14 -250.00 22.18
-0.02 -0.13 -0.24 -54.93 249.99 31.95
-1.36 -0.97 1.66 213.33 44.90 -67.62
-0.70 0.32 0.14 -41.88 -175.91 -39.62
0.38 0.00 -0.16 -14.18 -230.73 15.50
0.75 1.41 -0.46 57.52 -250.00 -6.77
0.33 0.11 -0.31 -61.54 241.36 44.53
-0.01 -0.35 -0.09 -69.33 249.99 30.40
-1.82 0.12 2.00 -84.21 249.99 -156.05
-0.33 0.21 -0.08 -21.84 -179.67 4.13
0.58 0.08 0.66 24.57 -250.00 38.30
0.94 0.37 0.81 -161.24 97.26 18.34
0.10 0.01 -0.25 -58.72 249.99 8
0.74 0.27 1.00 -121.99 135.38 42.80
0.01 0.08 -0.21 -62.71 249.99 53.03
-0.27 -0.32 1.38 -20.58 249.99 12.90
-1.62 0.41 1.48 -68.98 17.60 -115.62
0.01 0.07 -0.14 -28.97 -190.99 -5.70
0.56 -0.46 2.00 238.14 -250.00 22.18
-0.24 -0.52 2.00 27.20 248.48 6.88
-1.52 0.45 1.50 -64.86 7.22 -154.03
-0.07 0.06 -0.13 -28.08 -216.91 4.33
0.61 -0.10 2.00 98.71 -250.00 56.62
0.75 0.30 0.50 -187.93 128.36 15.39
0.10 -0.11 -0.30 -82.30 249.99 60.59
-1.25 -0.78 2.00 249.99 72.40 22.06
-1.38 0.67 0.54 -71.59 -97.72 -81.12
0.15 0.03 0.00 -28.69 -250.00 31.20
0.67 -0.68 0.03 249.99 -250.00 -45.91
0.39 0.12 -0.21 -91.58 238.91 52.12
-0.01 -0.29 -0.08 -74.13 249.999 8
0.74 0.27 1.00 -121.99 135.38 42.80
0.01 0.08 -0.21 -62.71 249.99 53.03
-0.27 -0.32 1.38 -20.58 249.99 12.90
-1.62 0.41 1.48 -68.98 17.60 -115.62
0.01 0.07 -0.14 -28.97 -190.99 -5.70
0.56 -0.46 2.00 238.14 -250.00 22.18
-2.00 0.28 1.78 -37.21 249.99 -156.60
-0.35 0.27 -0.12 -54.91 -214.13 -22.83
0.49 0.28 -0.11 -9.07 -250.00 47.23
1.26 0.31 0.74 -204.69 14.53 25.22
0.22 -0.08 -0.32 -78.03 249.99 46.69
-1.00 -0.88 2.00 248.79 249.99 31.84
-1.30 0.75 0.40 -79.99 -65.25 -96.23
0.13 0.22 -0.01 -27.34 -250.00 15.16
0.99 -0.33 -0.21 249.99 -250.00 -31.18
0.57 0.01 -0.23 -57.53 246.19 43.89
0.05 -0.37 -0.09 -62.36 249.99 17.20
0.74 0.27 1.00 -121.99 135.38 42.80
0.01 0.08 -0.21 -62.71 249.99 53.03
-0.27 -0.32 1.38 -20.58 249.99 12.90
-1.62 0.41 1.48 -68.98 17.60 -115.62
0.01 0.07 -0.14 -28.97 -190.99 -5.70
0.56 -0.46 2.00 238.14 -250.00 22.18
-0.41 0.36 -0.11 -59.05 -224.74 -8.75
0.47 0.24 -0.05 -2.30 -250.00 43.78
1.38 0.18 0.77 -171.58 -10.69 29.33
0.36 -0.09 -0.30 -58.78 249.99 18.39
-0.64 -0.94 2.00 200.00 249.99 -6.13
-1.57 0.67 0.50 -98.37 -33.13 -121.01
0.02 0.10 -0.04 -56.29 -229.16 39.19
0.48 -1.09 1.67 249.99 -250.00 6.71
0.99 -0.12 -0.17 -108.67 179.99 32.01
0.07 -0.22 -0.12 -65.13 249.99 18.31
-1.62 -0.48 1.75 113.39 249.99 -96.53
0.74 0.27 1.00 -121.99 135.38 42.80
0.01 0.08 -0.21 -62.71 249.99 53.03
-0.27 -0.32 1.38 -20.58 249.99 12.90
-1.62 0.41 1.48 -68.98 17.60 -115.62
0.01 0.07 -0.14 -28.97 -190.99 -5.70
0.56 -0.46 2.00 238.14 -250.00 22.18
0.39 -0.01 0.67 -29.52 -250.00 41.53
1.48 0.98 0.59 -99.85 -43.03 0.01
0.22 0.13 -0.16 -66.41 249.99 52.70
-0.01 -0.55 1.66 15.98 249.99 34.72
-1.83 0.66 1.94 -61.40 53.12 -164.22
-0.11 0.12 -0.13 -35.25 -221.66 26.70
-0.92 0.29 1.25 -50.10 -79.60 -50.61
-0.02 0.12 0.08 -24.88 -250.00 -18.35
0.88 -0.42 1.46 187.32 -250.00 -89.07
0.98 -0.23 0.55 -19.26 74.38 48.75
0.09 0.07 -0.16 -27.99 249.99 16.29
-0.71 -0.18 1.50 26.09 249.99 33.16
-1.58 -0.06 2.00 -6.65 55.53 -85.32
-0.31 0.19 0.20 -31.06 -250.00 -34.72
0.33 -0.08 0.07 -14.53 -250.00 -17.25
1.18 0.35 1.93 -32.27 79.40 11.43
0.42 0.13 0.42 -59.94 202.11 24.80
-0.05 -0.07 -0.13 -63.79 249.99 28.62
-1.25 0.51 1.12 -46.61 -236.08 -59.72
0.10 0.14 -0.10 -26.07 -250.00 -7.03
1.11 -0.29 2.00 119.96 -216.75 -49.87
0.66 -0.20 1.28 -27.29 53.93 49.03
0.13 0.06 -0.17 -35.35 211.98 28.88
-0.16 -0.21 -0.13 -65.25 249.99 14.72
-1.32 -0.42 1.14 83.14 146.29 -34.76
-0.39 0.20 0.44 -29.46 -250.00 -50.03
0.21 0.03 -0.08 -17.93 -250.00 -16.98
1.05 -0.23 0.42 249.99 -250.00 -94.91
0.90 0.13 0.38 -57.74 122.79 10.42
0.06 0.03 -0.22 -25.73 249.99 12.99
-0.32 -0.31 0.61 -34.30 249.99 16.20
-1.16 0.24 2.00 -19.73 49.03 -61.10
-0.09 0.19 0.13 -33.44 -250.00 -7.80
0.40 -0.05 -0.06 -31.39 -221.20 -24.15
1.07 0.20 1.76 -43.62 16.09 21.85
0.36 0.06 0.23 -21.37 198.62 12.06
-0.08 -0.12 -0.14 -36.75 249.99 13.79
-1.22 -0.59 1.49 144.13 188.80 24.79
-0.80 0.30 0.91 -46.23 -250.00 -36.98
0.07 0.02 -0.13 1.04 -199.13 -8.18
0.72 -0.55 2.00 249.99 -250.00 -25.92
0.85 0.19 0.27 -15.24 130.03 1.36
-0.01 0.03 -0.13 -27.18 249.99 -9.16
-0.56 -0.49 2.00 22.88 236.13 23.33
-1.27 0.36 1.94 -14.66 -63.34 -62.62
0.57 -0.05 -0.15 1.88 -233.56 -16.94
1.38 0.36 0.90 -115.55 41.06 3.96
0.26 0.11 -0.02 -58.06 249.99 25.93
-0.10 -0.19 -0.08 -98.15 249.99 -2.33
-1.55 -0.61 1.00 126.04 141.48 86.26
-0.65 0.21 0.30 -30.02 -243.79 0.45
0.32 -0.07 0.04 -21.56 -250.00 1.69
0.94 0.02 0.68 249.99 -250.00 -106.48
0.47 0.24 0.40 -40.74 162.28 48.34
0.08 -0.17 -0.21 -56.01 249.99 32.97
-1.10 -0.69 2.00 132.72 125.01 24.19
-1.32 0.45 1.16 -52.07 -56.69 -32.10
-0.02 0.07 -0.08 -24.21 -213.36 49.92
0.66 -0.57 2.00 152.33 -250.00 -77.64
0.97 0.02 1.53 -28.66 141.45 48.62
0.09 0.10 -0.28 -31.72 249.99 30.17
-0.19 -0.23 0.05 -60.21 249.99 11.31
-1.56 -0.01 1.24 -52.41 249.99 -25.72
-0.28 0.15 0.07 -25.45 -206.99 25.41
0.41 -0.18 0.33 -3.28 -239.94 5.17
1.15 0.48 1.12 -110.18 -4.10 30.62
0.07 0.02 -0.13 1.04 -199.13 -8.18
0.72 -0.55 2.00 249.99 -250.00 -25.92
0.85 0.19 0.27 -15.24 130.03 1.36
-0.01 0.03 -0.13 -27.18 249.99 -9.16
-0.56 -0.49 2.00 22.88 236.13 23.33
-1.27 0.36 1.94 -14.66 -63.34 -62.62
-0.08 -0.20 -0.16 -52.00 249.99 -13.24
-1.20 -0.83 0.88 193.85 224.45 59.10
-1.26 0.57 0.60 -47.69 -239.91 30.99
0.09 -0.06 -0.21 -0.11 -250.00 55.30
0.48 -0.59 2.00 249.99 -250.00 -95.33
0.81 0.21 0.67 -49.26 103.42 6.91
0.18 -0.08 -0.29 -40.08 249.99 -22.13
-0.38 -0.52 1.78 7.13 238.41 -32.15
-1.24 -0.03 2.00 -6.03 107.03 -49.95
-0.23 0.23 -0.01 0.94 -250.00 31.15
-1.32 0.45 1.16 -52.07 -56.69 -32.10
-0.02 0.07 -0.08 -24.21 -213.36 49.92
0.66 -0.57 2.00 152.33 -250.00 -77.64
0.97 0.02 1.53 -28.66 141.45 48.62
0.09 0.10 -0.28 -31.72 249.99 30.17
-0.19 -0.23 0.05 -60.21 249.99 11.31
-1.56 -0.01 1.24 -52.41 249.99 -25.72
-0.28 0.15 0.07 -25.45 -206.99 25.41
0.41 -0.18 0.33 -3.28 -239.94 5.17
1.15 0.48 1.12 -110.18 -4.10 30.62
0.07 0.02 -0.13 1.04 -199.13 -8.18
0.72 -0.55 2.00 249.99 -250.00 -25.92
0.85 0.19 0.27 -15.24 130.03 1.36
-0.01 0.03 -0.13 -27.18 249.99 -9.16
-0.56 -0.49 2.00 22.88 236.13 23.33
-1.27 0.36 1.94 -14.66 -63.34 -62.62
1.23 0.12 1.18 -84.53 -38.91 36.58
0.43 0.03 0.07 -44.81 242.14 -4.01
-0.07 -0.16 -0.21 -54.05 249.99 -7.15
-1.68 -0.48 2.00 249.99 76.72 85.27
-1.22 0.55 0.81 -37.45 -179.42 -12.05
0.11 -0.06 -0.13 -7.45 -250.00 43.00
0.97 -0.62 2.00 249.99 -250.00 -99.76
0.38 0.23 0.60 -47.51 249.99 41.56
-0.06 -0.18 -0.26 -54.77 249.99 59.09
-1.12 -0.52 2.00 104.55 101.37 43.73
-1.56 0.65 1.38 -35.06 -54.12 -33.61
0.01 0.45 1.16 -52.07 -56.69 -32.10
-0.02 0.07 -0.08 -24.21 -213.36 49.92
0.66 -0.57 2.00 152.33 -250.00 -77.64
0.97 0.02 1.53 -28.66 141.45 48.62
0.09 0.10 -0.28 -31.72 249.99 30.17
-0.19 -0.23 0.05 -60.21 249.99 11.31
-1.56 -0.01 1.24 -52.41 249.99 -25.72
-0.28 0.15 0.07 -25.45 -206.99 25.41
0.41 -0.18 0.33 -3.28 -239.94 5.17
1.15 0.48 1.12 -110.18 -4.10 30.62
0.07 0.02 -0.13 1.04 -199.13 -8.18
0.72 -0.55 2.00 249.99 -250.00 -25.92
0.85 0.19 0.27 -15.24 130.03 1.36
-0.01 0.03 -0.13 -27.18 249.99 -9.16
-0.56 -0.49 2.00 22.88 236.13 23.33
-1.27 0.36 1.94 -14.66 -63.34 -62.62
0.79 -0.36 2.00 88.60 -250.00 -46.97
0.56 0.44 0.48 -65.68 249.99 -20.77
-0.02 -0.11 -0.14 -15.14 249.99 18.49
-1.17 -0.52 2.00 78.70 27.63 30.90
-1.40 0.22 1.69 -18.01 -113.61 -30.82
0.04 0.11 -0.16 27.90 -203.58 35.84
0.96 -0.11 0.38 30.71 -250.00 -40.76
0.88 0.24 0.89 -92.61 249.99 -25.45
-0.16 0.17 -0.04 -68.03 249.99 21.17
-0.12 -0.24 0.23 -66.07 249.99 24.60
-0.02 0.07 -0.08 -24.21 -213.36 49.92
0.66 -0.57 2.00 152.33 -250.00 -77.64
0.97 0.02 1.53 -28.66 141.45 48.62
0.09 0.10 -0.28 -31.72 249.99 30.17
-0.19 -0.23 0.05 -60.21 249.99 11.31
-1.56 -0.01 1.24 -52.41 249.99 -25.72

-0.28 0.15 0.07 -25.45 -206.99 25.41
0.41 -0.18 0.33 -3.28 -239.94 5.17
1.15 0.48 1.12 -110.18 -4.10 30.62
0.07 0.02 -0.13 1.04 -199.13 -8.18
0.72 -0.55 2.00 249.99 -250.00 -25.92
0.85 0.19 0.27 -15.24 130.03 1.36
-0.01 0.03 -0.13 -27.18 249.99 -9.16
-0.56 -0.49 2.00 22.88 236.13 23.33
-1.27 0.36 1.94 -14.66 -63.34 -62.62
0.02 0.14 0.03 26.91 -123.92 10.51
0.58 -0.09 -0.18 25.78 -111.66 -21.58
0.72 0.40 2.00 27.68 -233.03 -17.20
-0.03 0.27 0.40 -54.86 197.82 17.46
-0.03 -0.15 -0.22 -63.03 249.99 25.18
-1.31 -0.68 2.00 218.40 -66.65 38.31
-1.21 0.36 1.14 -42.72 -95.65 19.74
-0.11 0.12 -0.13 -35.25 -221.66 26.70
0.56 -0.07 1.50 45.86 -250.00 35.07
0.93 0.22 0.62 -168.18 42.81 17.15
0.22 -0.07 -0.26 -53.00 249.99 35.69
-0.85 -0.79 2.00 230.13 213.34 0.40
-1.46 0.64 0.71 -81.82 -128 5.53
0.74 0.27 1.00 -121.99 135.38 42.80
0.01 0.08 -0.21 -62.71 249.99 53.03
-0.27 -0.32 1.38 -20.58 249.99 12.90
-1.62 0.41 1.48 -68.98 17.60 -115.62
0.01 0.07 -0.14 -28.97 -190.99 -5.70
0.56 -0.46 2.00 238.14 -250.00 22.18
0.13 0.03 -0.09 -41.73 -247.32 42.67
0.70 -1.10 1.70 249.99 -250.00 -34.23
0.68 0.11 -0.02 -104.11 217.25 34.63
-0.04 -0.21 -0.06 -60.82 249.99 51.07
-2.00 0.09 2.00 -20.72 249.99 -163.71
-0.41 0.25 -0.03 -46.65 -220.47 -10.21
0.60 -0.06 1.32 50.45 -250.00 15.11
1.24 0.50 0.67 -136.76 6.48 16.71
0.19 0.12 -0.21 -61.78 249.99 55.62
-0.06 -0.42 1.07 -22.57 249.99 35.25
-1.68 0.58 1.83 -76.45 36.32 -154.81
0.01 0.08 -0.21 -62.71 249.99 53.03
-0.27 -0.32 1.38 -20.58 249.99 12.90
-1.62 0.41 1.48 -68.98 17.60 -115.62
0.01 0.07 -0.14 -28.97 -190.99 -5.70
0.56 -0.46 2.00 238.14 -250.00 22.18
0.57 -0.16 2.00 77.78 -250.00 20.36
0.99 0.39 0.53 -189.67 77.91 27.24
0.11 -0.02 -0.24 -80.80 249.99 53.80
-1.08 -0.62 2.00 223.01 180.05 26.83
-1.16 0.46 0.63 -87.97 -134.97 -89.70
0.15 0.04 -0.05 -36.80 -246.82 34.63
0.81 -0.85 1.47 249.99 -250.00 -37.46
0.59 0.18 0.04 -94.25 190.02 38.02
0.03 -0.18 -0.16 -59.91 249.99 44.65
-1.61 -0.29 1.14 40.35 249.99 -123.15
-0.47 0.35 0.07 -58.36 -184.73 -21.21
0.01 0.08 -0.21 -62.71 249.99 53.03
-0.27 -0.32 1.38 -20.58 249.99 12.90
-1.62 0.41 1.48 -68.98 17.60 -115.62
0.01 0.07 -0.14 -28.97 -190.99 -5.70
0.56 -0.46 2.00 238.14 -250.00 22.18
0.53 0.10 0.03 -5.01 -250.00 20.92
1.08 0.94 0.92 -69.57 -132.06 30.06
0.40 0.09 -0.17 -59.52 245.45 45.81
0.00 -0.39 0.41 -36.50 249.99 28.31
-1.95 0.28 2.00 -37.14 180.98 -150.14
-0.21 0.21 0.02 -44.12 -202.76 33.85
0.53 0.03 0.06 8.40 -250.00 35.16
0.79 0.48 1.44 -152.36 -14.00 -3.80
0.30 -0.02 -0.27 -38.39 223.58 39.15
-0.02 -0.55 0.82 -33.84 249.99 0.76
-2.00 0.49 2.00 -9.07 156.14 -159.29
-0.16 0.23 -0.10 -28.98 -250.00 63.39
0.01 0.08 -0.21 -62.71 249.99 53.03
-0.27 -0.32 1.38 -20.58 249.99 12.90
-1.62 0.41 1.48 -68.98 17.60 -115.62
0.01 0.07 -0.14 -28.97 -190.99 -5.70
0.56 -0.46 2.00 238.14 -250.00 22.18
0.53 0.11 0.08 26.66 -250.00 54.95
0.81 0.15 1.01 -133.30 95.12 25.24
0.19 -0.00 -0.24 -52.61 240.78 11.04
-0.20 -0.59 1.74 11.19 249.99 -4.94
-1.78 0.53 1.46 -62.29 -7.27 -125.82
-0.06 0.13 -0.04 -32.01 -250.00 54.45
0.87 -0.58 2.00 185.70 -250.00 12.90
0.85 0.11 0.66 -128.78 147.44 31.75
0.16 -0.04 -0.25 -58.54 249.99 49.52
-0.92 -0.73 2.00 204.65 229.97 19.60
-1.45 0.60 0.84 -85.30 -113.69 -74.40
0.01 0.08 -0.21 -62.71 249.99 53.03
-0.27 -0.32 1.38 -20.58 249.99 12.90
-1.62 0.41 1.48 -68.98 17.60 -115.62
0.01 0.07 -0.14 -28.97 -190.99 -5.70
0.56 -0.46 2.00 238.14 -250.00 22.18
0.65 -0.86 2.00 249.99 -250.00 15.04
0.79 0.13 0.36 -118.24 187.61 16.99
0.03 -0.13 -0.15 -55.31 249.99 46.65
-1.26 -0.78 1.89 197.14 209.53 -27.69
-0.79 0.36 0.46 -72.67 -227.78 -12.99
0.37 -0.00 -0.19 -33.17 -228.15 16.73
0.84 -0.15 0.63 249.99 -250.00 -56.65
0.50 0.10 -0.22 -76.03 249.69 26.89
0.05 -0.47 0.82 -18.09 249.99 19.13
-2.00 0.20 2.00 -39.65 173.68 -158.16
-0.30 0.18 0.03 -43.84 -250.00 86.97
0.01 0.08 -0.21 -62.71 249.99 53.03
-0.27 -0.32 1.38 -20.58 249.99 12.90
-1.62 0.41 1.48 -68.98 17.60 -115.62
0.01 0.07 -0.14 -28.97 -190.99 -5.70
0.56 -0.46 2.00 238.14 -250.00 22.18
0.68 0.07 1.44 -111.22 80.70 77.74
0.24 0.04 -0.26 -96.72 249.99 32.46
-0.44 -0.63 1.99 -6.70 249.99 18.44
-1.77 -0.00 2.00 -55.56 134.38 -104.23
-0.40 0.06 0.04 -99.75 -217.96 78.30
0.39 -0.54 2.00 107.46 -250.00 33.45
1.16 0.44 1.09 -148.20 -169.65 99.72
0.53 -0.11 -0.35 -54.11 194.89 24.13
-0.36 -0.57 1.09 233.23 249.99 -10.12
-1.39 0.39 0.75 -88.34 -33.47 -91.91
-0.08 0.12 0.07 -66.07 -250.00 54.28
0.01 0.08 -0.21 -62.71 249.99 53.03
-0.27 -0.32 1.38 -20.58 249.99 12.90
-1.62 0.41 1.48 -68.98 17.60 -115.62
0.01 0.07 -0.14 -28.97 -190.99 -5.70
0.56 -0.46 2.00 238.14 -250.00 22.18
0.53 0.1 0.87 249.99 -250.00 -16.28
0.67 0.36 0.71 -119.06 -6.58 78.11
0.29 0.03 -0.23 -58.11 220.49 43.43
-0.36 -0.66 0.74 249.99 249.99 -35.31
-1.37 0.61 0.68 -80.70 -173.25 -101.10
-0.02 0.05 0.19 -72.44 -250.00 35.95
0.77 -0.64 0.61 249.99 -250.00 -41.79
1.19 0.01 0.37 -146.93 59.07 40.44
0.30 -0.19 0.21 -70.95 249.99 -13.49
-0.81 -0.43 1.47 210.61 249.99 -92.19
-0.97 0.61 0.87 -81.99 -225.04 -97.21
0.25 0.08 -0.19 -42.53 -250.00 66.82
-0.74 0.27 1.00 -121.99 135.38 42.80
0.01 0.08 -0.21 -62.71 249.99 53.03
-0.27 -0.32 1.38 -20.58 249.99 12.90
-1.62 0.41 1.48 -68.98 17.60 -115.62
0.01 0.07 -0.14 -28.97 -190.99 -5.70
0.56 -0.46 2.00 238.14 -250.00 22.18
0.94 0.05 0.36 -86.75 0.24 44.34
0.30 -0.09 -0.20 -61.12 194.27 18.69
-0.38 -0.59 0.05 249.99 249.99 -61.86
-1.37 0.54 0.50 -92.08 -123.24 -93.99
-0.05 0.12 0.10 -73.47 -219.10 88.82
0.69 -1.09 1.12 249.99 -250.00 1.26
1.06 0.05 0.58 -113.17 24.91 75.38
0.28 0.01 -0.22 -23.32 218.90 36.26
-0.17 -0.62 2.00 200.23 214.17 -49.67
-1.44 0.65 0.86 -29.65 -60.33 -112.97
0.01 0.08 -0.21 -62.71 249.99 53.03
-0.27 -0.32 1.38 -20.58 249.99 12.90
-1.62 0.41 1.48 -68.98 17.60 -115.62
0.01 0.07 -0.14 -28.97 -190.99 -5.70
0.56 -0.46 2.00 238.14 -250.00 22.18
0.73 -0.59 2.00 153.43 -250.00 55.13
0.69 0.33 0.93 -126.74 -102.14 80.64
0.37 -0.06 -0.25 -51.03 127.69 36.25
-0.08 -0.62 0.69 249.99 249.99 -74.74
-1.34 0.51 0.78 -16.20 -101.17 -154.82
-0.05 0.12 -0.04 -59.37 -233.57 88.57
1.20 -0.84 2.00 249.99 -250.00 6.69
0.96 0.01 0.59 -124.33 30.80 76.90
0.27 -0.15 -0.21 -86.63 208.01 52.25
0.05 0.05 -0.17 14.06 -166.53 62.95
0.62 -0.03 0.23 19.84 -250.00 -19.87
1.06 0.27 0.41 -91.23 74.58 15.98
0.40 0.11 -0.11 -24.99 219.06 9.40
-0.02 0.07 -0.08 -24.21 -213.36 49.92
0.66 -0.57 2.00 152.33 -250.00 -77.64
0.97 0.02 1.53 -28.66 141.45 48.62
0.09 0.10 -0.28 -31.72 249.99 30.17
-0.19 -0.23 0.05 -60.21 249.99 11.31
-1.56 -0.01 1.24 -52.41 249.99 -25.72
-0.28 0.15 0.07 -25.45 -206.99 25.41
0.41 -0.18 0.33 -3.28 -239.94 5.17
1.15 0.48 1.12 -110.18 -4.10 30.62
0.07 0.02 -0.13 1.04 -199.13 -8.18
0.72 -0.55 2.00 249.99 -250.00 -25.92
0.85 0.19 0.27 -15.24 130.03 1.36
-0.01 0.03 -0.13 -27.18 249.99 -9.16
-0.56 -0.49 2.00 22.88 236.13 23.33
-1.27 0.36 1.94 -14.66 -63.34 -62.62
-1.04 -0.94 0.98 145.74 21.56 -7.16
-0.66 0.49 0.70 -46.76 -250.00 -13.63
0.24 0.09 -0.10 -35.80 -229.72 19.86
0.95 -0.59 2.00 239.27 -250.00 -69.37
0.84 -0.17 0.58 -37.93 106.94 33.67
0.03 0.01 -0.26 -36.82 249.99 16.58
-0.78 -0.46 2.00 61.33 246.50 6.33
-1.33 0.34 2.00 -51.32 -30.11 -76.06
-0.07 0.07 -0.17 -21.58 -221.96 4.36
0.59 -0.00 -0.09 -28.47 -221.41 -34.93
-0.02 0.07 -0.08 -24.21 -213.36 49.92
0.66 -0.57 2.00 152.33 -250.00 -77.64
0.97 0.02 1.53 -28.66 141.45 48.62
0.09 0.10 -0.28 -31.72 249.99 30.17
-0.19 -0.23 0.05 -60.21 249.99 11.31
-1.56 -0.01 1.24 -52.41 249.99 -25.72
-0.28 0.15 0.07 -25.45 -206.99 25.41
0.41 -0.18 0.33 -3.28 -239.94 5.17
1.15 0.48 1.12 -110.18 -4.10 30.62
0.07 0.02 -0.13 1.04 -199.13 -8.18
0.72 -0.55 2.00 249.99 -250.00 -25.92
0.85 0.19 0.27 -15.24 130.03 1.36
-0.01 0.03 -0.13 -27.18 249.99 -9.16
-0.56 -0.49 2.00 22.88 236.13 23.33
-1.27 0.36 1.94 -14.66 -63.34 -62.62
0.33 0.07 -0.30 -23.64 249.99 28.28
-0.12 -0.29 0.18 -28.88 249.99 2.09
-1.60 -0.20 2.00 -65.58 245.78 -92.41
-0.36 0.23 0.13 -60.58 -225.04 21.66
0.35 -0.20 0.57 -13.47 -241.95 11.86
1.15 0.28 -0.04 117.19 -129.75 -94.54
0.70 0.09 0.10 -74.84 207.27 28.75
-0.02 -0.05 -0.23 -73.65 249.99 24.15
-1.52 -0.58 2.00 93.11 194.14 60.19
-1.56 0.14 2.00 -22.96 79.93 -80.97
-0.24 0.16 -0.04 -36.44 -250.00 53.36
-0.02 0.07 -0.08 -24.21 -213.36 49.92
0.66 -0.57 2.00 152.33 -250.00 -77.64
0.97 0.02 1.53 -28.66 141.45 48.62
0.09 0.10 -0.28 -31.72 249.99 30.17
-0.19 -0.23 0.05 -60.21 249.99 11.31
-1.56 -0.01 1.24 -52.41 249.99 -25.72
-0.28 0.15 0.07 -25.45 -206.99 25.41
0.41 -0.18 0.33 -3.28 -239.94 5.17
1.15 0.48 1.12 -110.18 -4.10 30.62
0.07 0.02 -0.13 1.04 -199.13 -8.18
0.72 -0.55 2.00 249.99 -250.00 -25.92
0.85 0.19 0.27 -15.24 130.03 1.36
-0.01 0.03 -0.13 -27.18 249.99 -9.16
-0.56 -0.49 2.00 22.88 236.13 23.33
-1.27 0.36 1.94 -14.66 -63.34 -62.62
1.22 0.25 0.76 -105.96 106.58 19.52
0.28 0.06 -0.12 -39.57 240.64 5.59
-0.09 -0.22 -0.12 -62.26 249.99 -12.86
-1.22 -1.09 1.08 249.99 145.54 105.45
-1.03 0.51 0.66 -68.59 -250.00 46.65
0.21 0.16 0.01 -69.63 -250.00 96.02
1.11 -0.74 1.53 223.05 -250.00 -78.88
0.46 -0.14 1.17 -55.85 127.02 38.48
-0.06 0.20 -0.16 -55.67 233.51 15.80
-0.33 -0.20 -0.15 -78.75 249.99 38.78
-1.58 -0.22 0.63 27.98 249.99 -15.028
-0.02 0.07 -0.08 -24.21 -213.36 49.92
0.66 -0.57 2.00 152.33 -250.00 -77.64
0.97 0.02 1.53 -28.66 141.45 48.62
0.09 0.10 -0.28 -31.72 249.99 30.17
-0.19 -0.23 0.05 -60.21 249.99 11.31
-1.56 -0.01 1.24 -52.41 249.99 -25.72
-0.28 0.15 0.07 -25.45 -206.99 25.41
0.41 -0.18 0.33 -3.28 -239.94 5.17
1.15 0.48 1.12 -110.18 -4.10 30.62
0.07 0.02 -0.13 1.04 -199.13 -8.18
0.72 -0.55 2.00 249.99 -250.00 -25.92
0.85 0.19 0.27 -15.24 130.03 1.36
-0.01 0.03 -0.13 -27.18 249.99 -9.16
-0.56 -0.49 2.00 22.88 236.13 23.33
-1.27 0.36 1.94 -14.66 -63.34 -62.62
-0.62 0.30 0.97 -57.79 -250.00 64.24
0.23 0.05 -0.15 -34.42 -250.00 54.20
0.93 -0.55 2.00 217.86 -237.05 -65.33
0.34 0.06 1.26 -63.77 98.86 56.76
-0.01 -0.00 -0.08 -66.83 212.51 72.97
-0.23 -0.34 0.09 -87.39 249.99 36.48
-1.03 -0.80 0.04 238.50 114.68 64.18
-0.91 0.34 1.05 -69.73 -250.00 38.39
0.13 0.05 0.02 -60.27 -250.00 45.50
0.75 -0.69 2.00 144.94 -250.00 -85.08
0.46 0.13 1.94 -11.83 115.07 51.37
-0.02 0.07 -0.08 -24.21 -213.36 49.92
0.66 -0.57 2.00 152.33 -250.00 -77.64
0.97 0.02 1.53 -28.66 141.45 48.62
0.09 0.10 -0.28 -31.72 249.99 30.17
-0.19 -0.23 0.05 -60.21 249.99 11.31
-1.56 -0.01 1.24 -52.41 249.99 -25.72
-0.28 0.15 0.07 -25.45 -206.99 25.41
0.41 -0.18 0.33 -3.28 -239.94 5.17
1.15 0.48 1.12 -110.18 -4.10 30.62
0.07 0.02 -0.13 1.04 -199.13 -8.18
0.72 -0.55 2.00 249.99 -250.00 -25.92
0.85 0.19 0.27 -15.24 130.03 1.36
-0.01 0.03 -0.13 -27.18 249.99 -9.16
-0.56 -0.49 2.00 22.88 236.13 23.33
-1.27 0.36 1.94 -14.66 -63.34 -62.62
0.05 -0.19 -0.17 -92.12 216.92 31.68
-1.23 -0.57 1.83 204.27 249.99 106.46
-1.42 -0.09 0.89 -25.81 -103.75 21.00
-0.14 -0.03 0.11 -30.99 -250.00 75.90
0.47 -0.41 0.79 70.76 -250.00 -23.30
0.82 0.39 1.35 2.46 156.93 100.94
0.07 -0.03 0.77 -102.06 125.04 84.66
-0.08 -0.28 0.32 -66.80 231.83 48.58
-1.04 -0.64 1.14 115.67 249.99 146.10
-1.58 -0.52 1.23 22.45 -25.81 47.87
-0.56 0.19 0.62 -66.51 -250.00 97.76
-0.02 0.07 -0.08 -24.21 -213.36 49.92
0.66 -0.57 2.00 152.33 -250.00 -77.64
0.97 0.02 1.53 -28.66 141.45 48.62
0.09 0.10 -0.28 -31.72 249.99 30.17
-0.19 -0.23 0.05 -60.21 249.99 11.31
-1.56 -0.01 1.24 -52.41 249.99 -25.72
-0.28 0.15 0.07 -25.45 -206.99 25.41
0.41 -0.18 0.33 -3.28 -239.94 5.17
1.15 0.48 1.12 -110.18 -4.10 30.62
0.07 0.02 -0.13 1.04 -199.13 -8.18
0.72 -0.55 2.00 249.99 -250.00 -25.92
0.85 0.19 0.27 -15.24 130.03 1.36
-0.01 0.03 -0.13 -27.18 249.99 -9.16
-0.56 -0.49 2.00 22.88 236.13 23.33
-1.27 0.36 1.94 -14.66 -63.34 -62.62
1.10 -0.39 0.94 223.63 -164.12 -33.44
0.12 -0.13 1.90 46.82 208.62 93.35
-0.36 0.26 0.92 -113.77 6.69 104.59
1.15 0.48 1.12 -110.18 -4.10 30.62
0.07 0.02 -0.13 1.04 -199.13 -8.18
0.72 -0.55 2.00 249.99 -250.00 -25.92
0.85 0.19 0.27 -15.24 130.03 1.36
-0.01 0.03 -0.13 -27.18 249.99 -9.16
-0.56 -0.49 2.00 22.88 236.13 23.33
-1.27 0.36 1.94 -14.66 -63.34 -62.62
0.42 0.43 0.93 4.04 -76.43 -86.03
0.54 -0.03 0.47 -26.47 73.13 -136.68
-0.22 -0.39 1.23 12.65 221.92 -96.81
-0.49 -0.40 1.63 10.25 18.37 -46.11
0.03 0.19 1.20 30.03 -62.19 -108.70
0.05 0.31 0.43 -13.57 -26.27 -16.80
0.24 0.03 -0.00 21.67 -44.27 -4.37
0.28 -0.08 2.00 128.78 -76.84 13.47
-0.02 0.09 2.00 30.70 5.22 -52.60
0.07 0.55 0.88 -78.03 -3.11 6.59
0.09 0.08 -0.00 -85.29 117.01 -31.81
-0.02 0.07 -0.08 -24.21 -213.36 49.92
0.66 -0.57 2.00 152.33 -250.00 -77.64
0.97 0.02 1.53 -28.66 141.45 48.62
0.09 0.10 -0.28 -31.72 249.99 30.17
-0.19 -0.23 0.05 -60.21 249.99 11.31
-1.56 -0.01 1.24 -52.41 249.99 -25.72
-0.28 0.15 0.07 -25.45 -206.99 25.41
0.41 -0.18 0.33 -3.28 -239.94 5.17
1.15 0.48 1.12 -110.18 -4.10 30.62
0.07 0.02 -0.13 1.04 -199.13 -8.18
0.72 -0.55 2.00 249.99 -250.00 -25.92
0.85 0.19 0.27 -15.24 130.03 1.36
-0.01 0.03 -0.13 -27.18 249.99 -9.16
-0.56 -0.49 2.00 22.88 236.13 23.33
-1.27 0.36 1.94 -14.66 -63.34 -62.62
-0.47 -0.37 1.93 52.66 -2.72 -51.90
-0.35 0.17 1.00 27.08 -105.93 -71.00
0.09 0.26 0.01 2.60 -144.75 44.67
0.68 0.06 0.57 24.93 -148.70 41.58
0.52 0.02 2.00 -14.95 213.64 -23.48
-0.25 0.49 0.97 -99.24 60.49 -9.00
0.11 0.06 -0.10 -63.37 139.76 56.51
-0.02 -0.32 0.89 -21.13 89.89 -2.78
-0.68 -0.23 2.00 -0.96 249.99 -77.47
-0.79 0.58 0.85 -45.75 -165.74 34.93
0.12 0.09 -0.04 -20.44 -130.37 59.20
-0.02 0.07 -0.08 -24.21 -213.36 49.92
0.66 -0.57 2.00 152.33 -250.00 -77.64
0.97 0.02 1.53 -28.66 141.45 48.62
0.09 0.10 -0.28 -31.72 249.99 30.17
-0.19 -0.23 0.05 -60.21 249.99 11.31
-1.56 -0.01 1.24 -52.41 249.99 -25.72
-0.28 0.15 0.07 -25.45 -206.99 25.41
0.41 -0.18 0.33 -3.28 -239.94 5.17
1.15 0.48 1.12 -110.18 -4.10 30.62
0.07 0.02 -0.13 1.04 -199.13 -8.18
0.72 -0.55 2.00 249.99 -250.00 -25.92
0.85 0.19 0.27 -15.24 130.03 1.36
-0.01 0.03 -0.13 -27.18 249.99 -9.16
-0.56 -0.49 2.00 22.88 236.13 23.33
-1.27 0.36 1.94 -14.66 -63.34 -62.62
0.46 0.17 1.91 -24.63 74.90 54.21
0.10 0.30 0.28 -82.82 133.97 34.84
0.02 -0.20 0.02 -71.11 215.09 38.23
-0.72 -0.65 1.20 210.24 179.24 56.11
-0.95 0.23 1.14 -36.98 -175.42 -37.28
0.03 0.15 -0.07 -31.49 -226.77 17.34
0.95 -0.05 0.83 -18.42 -250.00 -56.87
0.92 0.17 0.35 -2.40 239.81 25.90
0.11 -0.79 0.39 -164.45 121.38 164.21
-0.06 -0.59 0.87 -49.22 83.85 134.99
-0.56 -0.67 0.52 -20.74 80.15 87.35
-0.02 0.07 -0.08 -24.21 -213.36 49.92
0.66 -0.57 2.00 152.33 -250.00 -77.64
0.97 0.02 1.53 -28.66 141.45 48.62
0.09 0.10 -0.28 -31.72 249.99 30.17
-0.19 -0.23 0.05 -60.21 249.99 11.31
-1.56 -0.01 1.24 -52.41 249.99 -25.72
-0.28 0.15 0.07 -25.45 -206.99 25.41
0.41 -0.18 0.33 -3.28 -239.94 5.17
1.15 0.48 1.12 -110.18 -4.10 30.62
0.07 0.02 -0.13 1.04 -199.13 -8.18
0.72 -0.55 2.00 249.99 -250.00 -25.92
0.85 0.19 0.27 -15.24 130.03 1.36
-0.01 0.03 -0.13 -27.18 249.99 -9.16
-0.56 -0.49 2.00 22.88 236.13 23.33
-1.27 0.36 1.94 -14.66 -63.34 -62.62
0.47 -0.45 0.97 163.11 -250.00 50.26
-0.31 -0.38 1.46 -113.97 75.67 157.69
-0.32 -0.37 0.92 -30.88 -64.33 140.97
0.31 -0.35 0.86 18.33 -173.03 100.39
0.58 -0.29 0.73 -50.80 -115.08 128.59
0.75 -0.38 0.60 -24.64 -52.57 143.51
0.46 -0.59 0.78 18.42 -0.43 135.07
0.38 -0.67 0.67 107.14 -5.94 109.62
0.25 -0.41 0.98 107.73 -39.15 112.71
0.48 -0.02 0.99 -17.99 32.95 98.57
-0.02 0.07 -0.08 -24.21 -213.36 49.92
0.66 -0.57 2.00 152.33 -250.00 -77.64
0.97 0.02 1.53 -28.66 141.45 48.62
0.09 0.10 -0.28 -31.72 249.99 30.17
-0.19 -0.23 0.05 -60.21 249.99 11.31
-1.56 -0.01 1.24 -52.41 249.99 -25.72
-0.28 0.15 0.07 -25.45 -206.99 25.41
0.41 -0.18 0.33 -3.28 -239.94 5.17
1.15 0.48 1.12 -110.18 -4.10 30.62
0.07 0.02 -0.13 1.04 -199.13 -8.18
0.72 -0.55 2.00 249.99 -250.00 -25.92
0.85 0.19 0.27 -15.24 130.03 1.36
-0.01 0.03 -0.13 -27.18 249.99 -9.16
-0.56 -0.49 2.00 22.88 236.13 23.33
-1.27 0.36 1.94 -14.66 -63.34 -62.62
-0.04 -0.37 0.93 12.44 -5.15 60.87
0.13 -0.40 0.84 25.49 -35.49 44.71
0.11 -0.24 0.83 -1.01 -38.06 50.99
0.26 -0.26 0.95 -15.23 -9.89 29.65
0.06 -0.35 1.05 7.32 -7.86 36.61
-0.10 -0.25 0.98 -28.48 -45.12 68.79
-0.18 -0.41 0.83 32.49 -65.73 71.85
0.28 -0.43 0.84 34.80 -87.72 40.98
0.34 -0.24 0.76 20.80 -33.24 70.63
0.35 -0.25 0.97 2.46 -9.19 81.54
0.32 -0.34 0.91 -20.09 -20.82 60.86
0.29 -0.36 1.01 68.50 -33.94 42.56
0.33 -0.202 1.16 -52.07 -56.69 -32.10
-0.02 0.07 -0.08 -24.21 -213.36 49.92
0.66 -0.57 2.00 152.33 -250.00 -77.64
0.97 0.02 1.53 -28.66 141.45 48.62
0.09 0.10 -0.28 -31.72 249.99 30.17
-0.19 -0.23 0.05 -60.21 249.99 11.31
-1.56 -0.01 1.24 -52.41 249.99 -25.72
-0.28 0.15 0.07 -25.45 -206.99 25.41
0.41 -0.18 0.33 -3.28 -239.94 5.17
1.15 0.48 1.12 -110.18 -4.10 30.62
0.07 0.02 -0.13 1.04 -199.13 -8.18
0.72 -0.55 2.00 249.99 -250.00 -25.92
0.85 0.19 0.27 -15.24 130.03 1.36
-0.01 0.03 -0.13 -27.18 249.99 -9.16
-0.56 -0.49 2.00 22.88 236.13 23.33
-1.27 0.36 1.94 -14.66 -63.34 -62.62
0.41 -0.05 0.45 34.84 22.16 81.89
0.15 -0.28 1.00 19.18 15.59 89.39
0.27 -0.19 0.86 -8.84 -27.74 60.45
0.24 -0.31 0.91 2.72 -16.96 63.18
0.27 -0.36 1.00 9.31 -23.41 55.13
0.25 -0.24 0.90 23.95 29.76 43.10
0.10 -0.21 0.99 22.13 32.52 33.63
0.15 -0.19 0.94 2.62 -15.53 21.82
0.15 -0.25 0.89 4.60 12.37 8.09
0.05 -0.23 0.94 -24.11 -26.42 11.08
0.24 -0.33 0.86 -1.13 -3.68 -10.01
0.33 -0.202 1.16 -52.07 -56.69 -32.10
-0.38 -0.19 0.83 21.37 18.39 -52.81
-0.44 -0.40 1.66 157.01 -158.50 -54.08
-0.35 -0.09 1.24 89.52 -133.13 -108.02
0.52 0.24 0.85 61.45 -183.66 -150.54
0.56 0.39 0.84 7.20 -41.34 -103.70
0.56 0.29 0.78 -39.50 0.15 -94.41
0.38 0.27 0.94 -58.58 16.33 -67.42
0.51 0.07 0.86 -40.11 0.15 -96.70
0.40 0.04 0.91 -52.91 35.98 -86.65
0.38 0.06 0.82 -48.15 48.41 -95.34
0.53 0.04 0.85 -42.10 14.87 -102.91
0.34 -0.14 1.02 -53.39 20.11 -124.22
0.39 -0.05 1.05 -35.88 -31.69 -101.33
0.50 -0.05 0.73 -2.89 -51.92 22.95
-0.46 -0.18 0.98 -38.18 54.94 -39.73
-0.32 -0.36 0.74 97.82 -44.73 -6.02
-0.10 -0.10 1.36 -12.08 -87.39 -37.57
0.06 0.40 1.08 12.88 -102.49 -29.67
0.06 0.39 0.74 -50.75 -25.75 16.62
0.48 0.02 0.66 -57.20 -37.10 0.77
0.73 -0.21 0.58 83.47 39.38 -64.05
-0.14 -0.11 1.15 12.65 171.70 8.81
-0.20 0.21 1.28 -18.00 -25.83 50.65
0.07 0.00 0.82 -37.59 2.50 -0.08
-0.07 -0.07 0.46 -57.70 72.55 -40.18
-0.38 -0.19 0.83 21.37 18.39 -52.81
-0.44 -0.40 1.66 157.01 -158.50 -54.08
0.53 0.08 0.88 -62.61 104.55 -84.02
0.00 -0.11 0.66 -30.14 222.07 -74.23
-0.69 -0.01 0.94 31.78 105.06 -78.41
-0.60 0.04 0.96 94.35 -133.42 -134.74
0.07 0.06 1.54 63.10 -250.00 -219.10
0.80 0.45 1.27 54.34 -109.35 -194.47
0.68 0.51 0.81 -29.79 -22.87 -116.55
0.31 0.29 1.00 -75.03 -13.15 -89.74
0.70 0.03 0.80 -54.58 -25.30 -113.53
0.80 -0.02 0.70 -73.51 64.04 -88.90
0.73 -0.08 0.78 -24.24 84.53 23.64
0.50 -0.05 0.73 -2.89 -51.92 22.95
-0.46 -0.18 0.98 -38.18 54.94 -39.73
-0.32 -0.36 0.74 97.82 -44.73 -6.02
-0.10 -0.10 1.36 -12.08 -87.39 -37.57
0.06 0.40 1.08 12.88 -102.49 -29.67
0.06 0.39 0.74 -50.75 -25.75 16.62
0.48 0.02 0.66 -57.20 -37.10 0.77
0.73 -0.21 0.58 83.47 39.38 -64.05
-0.14 -0.11 1.15 12.65 171.70 8.81
-0.20 0.21 1.28 -18.00 -25.83 50.65
0.07 0.00 0.82 -37.59 2.50 -0.08
-0.07 -0.07 0.46 -57.70 72.55 -40.18
-0.38 -0.19 0.83 21.37 18.39 -52.81
-0.44 -0.40 1.66 157.01 -158.50 -54.08
0.26 -0.10 0.95 -31.62 86.35 -40.85
0.12 0.06 1.02 -32.74 34.84 -2.87
0.30 0.07 0.84 -53.18 71.56 -49.33
-0.17 -0.05 0.84 -24.91 107.64 -58.87
-0.46 -0.18 0.92 11.44 29.62 -43.37
-0.30 -0.04 0.81 85.06 -102.49 -47.83
0.47 0.09 0.96 48.28 -199.47 -108.70
0.56 0.45 0.95 -6.03 -25.54 -42.73
0.29 0.22 1.05 -76.51 23.09 -10.41
0.53 0.02 1.15 -47.20 -8.57 -29.08
0.50 -0.05 0.73 -2.89 -51.92 22.95
-0.46 -0.18 0.98 -38.18 54.94 -39.73
-0.32 -0.36 0.74 97.82 -44.73 -6.02
-0.10 -0.10 1.36 -12.08 -87.39 -37.57
0.06 0.40 1.08 12.88 -102.49 -29.67
0.06 0.39 0.74 -50.75 -25.75 16.62
0.48 0.02 0.66 -57.20 -37.10 0.77
0.73 -0.21 0.58 83.47 39.38 -64.05
-0.14 -0.11 1.15 12.65 171.70 8.81
-0.20 0.21 1.28 -18.00 -25.83 50.65
0.07 0.00 0.82 -37.59 2.50 -0.08
-0.07 -0.07 0.46 -57.70 72.55 -40.18
-0.38 -0.19 0.83 21.37 18.39 -52.81
-0.44 -0.40 1.66 157.01 -158.50 -54.08
0.56 -0.02 0.60 -18.95 146.13 -41.68
0.25 0.08 0.94 21.72 70.65 -34.37
-0.18 -0.13 1.21 -14.80 98.55 4.53
0.06 0.04 1.06 -21.32 -54.63 -24.37
0.08 0.08 0.96 -29.79 32.09 -21.84
-0.30 -0.14 0.91 -32.16 67.22 6.43
-0.33 -0.09 0.98 -8.16 -25.99 -8.29
-0.13 -0.10 0.62 42.27 -74.50 -67.44
0.14 -0.04 1.02 23.07 -173.17 -79.81
0.41 0.16 0.88 -39.86 8.42 -0.42
0.54 -0.10 1.25 -14.33 -2.06 -3.28
0.61 -0.11 0.80 -11.20 28.24 -64.82
0.38 0.03 0.67 1.37 104.39 49.05
0.50 -0.05 0.73 -2.89 -51.92 22.95
-0.46 -0.18 0.98 -38.18 54.94 -39.73
-0.32 -0.36 0.74 97.82 -44.73 -6.02
-0.10 -0.10 1.36 -12.08 -87.39 -37.57
0.06 0.40 1.08 12.88 -102.49 -29.67
0.06 0.39 0.74 -50.75 -25.75 16.62
0.48 0.02 0.66 -57.20 -37.10 0.77
0.73 -0.21 0.58 83.47 39.38 -64.05
-0.14 -0.11 1.15 12.65 171.70 8.81
-0.20 0.21 1.28 -18.00 -25.83 50.65
0.07 0.00 0.82 -37.59 2.50 -0.08
-0.07 -0.07 0.46 -57.70 72.55 -40.18
-0.38 -0.19 0.83 21.37 18.39 -52.81
-0.44 -0.40 1.66 157.01 -158.50 -54.08
0.30 0.02 0.73 46.16 120.50 3.91
0.03 -0.18 0.98 26.35 85.76 26.53
-0.28 0.11 1.18 -34.95 -40.69 -3.62
0.05 0.07 1.03 -47.77 -11.08 -1.46
-0.34 -0.24 0.90 -26.66 74.81 34.19
-0.40 -0.20 1.03 -23.32 -26.37 30.46
-0.12 -0.05 0.75 23.07 -110.27 -36.58
-0.10 -0.04 1.18 35.66 -131.36 -101.56
0.54 0.15 0.68 -15.37 -96.50 -14.71
0.53 -0.11 1.27 -6.19 32.97 42.85
0.56 -0.07 0.79 6.51 1.04 -25.13
0.50 -0.05 0.73 -2.89 -51.92 22.95
-0.46 -0.18 0.98 -38.18 54.94 -39.73
-0.32 -0.36 0.74 97.82 -44.73 -6.02
-0.10 -0.10 1.36 -12.08 -87.39 -37.57
0.06 0.40 1.08 12.88 -102.49 -29.67
0.06 0.39 0.74 -50.75 -25.75 16.62
0.48 0.02 0.66 -57.20 -37.10 0.77
0.73 -0.21 0.58 83.47 39.38 -64.05
-0.14 -0.11 1.15 12.65 171.70 8.81
-0.20 0.21 1.28 -18.00 -25.83 50.65
0.07 0.00 0.82 -37.59 2.50 -0.08
-0.07 -0.07 0.46 -57.70 72.55 -40.18
-0.38 -0.19 0.83 21.37 18.39 -52.81
-0.44 -0.40 1.66 157.01 -158.50 -54.08
0.34 0.00 0.79 35.18 120.32 8.87
0.15 -0.01 1.00 56.18 81.38 41.79
-0.11 -0.12 1.25 -16.94 72.01 5.19
0.01 0.06 1.13 -44.78 -42.15 -19.09
-0.22 -0.16 1.04 -12.95 47.16 16.63
-0.26 -0.26 0.98 -15.15 23.64 28.39
-0.22 -0.01 0.90 -6.65 -54.59 2.75
-0.20 -0.06 0.81 28.08 -44.20 -32.08
0.06 -0.04 1.08 2.90 -138.45 -30.67
0.38 -0.14 1.06 -4.83 -25.44 12.75
0.50 -0.05 0.73 -2.89 -51.92 22.95
-0.46 -0.18 0.98 -38.18 54.94 -39.73
-0.32 -0.36 0.74 97.82 -44.73 -6.02
-0.10 -0.10 1.36 -12.08 -87.39 -37.57
0.06 0.40 1.08 12.88 -102.49 -29.67
0.06 0.39 0.74 -50.75 -25.75 16.62
0.48 0.02 0.66 -57.20 -37.10 0.77
0.73 -0.21 0.58 83.47 39.38 -64.05
-0.14 -0.11 1.15 12.65 171.70 8.81
-0.20 0.21 1.28 -18.00 -25.83 50.65
0.07 0.00 0.82 -37.59 2.50 -0.08
-0.07 -0.07 0.46 -57.70 72.55 -40.18
-0.38 -0.19 0.83 21.37 18.39 -52.81
-0.44 -0.40 1.66 157.01 -158.50 -54.08
-0.56 -0.49 2.00 22.88 236.13 23.33
-1.27 0.36 1.94 -14.66 -63.34 -62.62
-0.96 -0.30 0.70 -64.38 249.99 109.54
-0.96 -0.93 1.04 34.91 69.47 146.40
-0.94 -0.35 1.35 102.78 -233.06 69.15
-0.10 0.31 1.10 -119.46 -129.55 102.66
-0.26 0.13 0.57 -64.31 -122.25 110.38
0.30 -0.35 0.65 -38.41 -250.00 106.72
0.70 -0.35 0.35 157.42 224.11 94.89
-0.07 -0.53 1.54 27.33 58.65 235.25
-0.05 0.38 1.00 -15.85 59.75 190.28
-0.12 0.12 0.81 -60.55 4.65 95.38
-0.05 -0.20 0.86 -28.92 -22.93 48.79
-0.02 0.07 -0.08 -24.21 -213.36 49.92
0.66 -0.57 2.00 152.33 -250.00 -77.64
0.97 0.02 1.53 -28.66 141.45 48.62
0.09 0.10 -0.28 -31.72 249.99 30.17
-0.19 -0.23 0.05 -60.21 249.99 11.31
-1.56 -0.01 1.24 -52.41 249.99 -25.72
-0.28 0.15 0.07 -25.45 -206.99 25.41
0.41 -0.18 0.33 -3.28 -239.94 5.17
1.15 0.48 1.12 -110.18 -4.10 30.62
0.07 0.02 -0.13 1.04 -199.13 -8.18
0.72 -0.55 2.00 249.99 -250.00 -25.92
0.85 0.19 0.27 -15.24 130.03 1.36
-0.01 0.03 -0.13 -27.18 249.99 -9.16
-0.56 -0.49 2.00 22.88 236.13 23.33
-1.27 0.36 1.94 -14.66 -63.34 -62.62
-0.19 -0.12 0.99 8.73 -48.64 51.44
-0.29 -0.19 0.99 23.54 -52.51 37.86
0.03 -0.36 0.84 8.35 -33.34 78.45
0.07 -0.22 0.91 12.80 53.41 85.65
-0.32 -0.01 0.96 -33.17 40.66 95.54
-0.36 -0.08 1.07 -30.53 -50.67 114.08
0.28 -0.21 0.66 -7.71 -99.72 126.28
0.56 -0.25 0.73 14.90 -73.36 113.61
0.48 -0.08 0.82 43.27 59.57 136.95
0.08 -0.09 1.29 43.16 61.72 120.91
-0.05 0.02 0.83 1.02 58.46 36.03
-0.02 0.07 -0.08 -24.21 -213.36 49.92
0.66 -0.57 2.00 152.33 -250.00 -77.64
0.97 0.02 1.53 -28.66 141.45 48.62
0.09 0.10 -0.28 -31.72 249.99 30.17
-0.19 -0.23 0.05 -60.21 249.99 11.31
-1.56 -0.01 1.24 -52.41 249.99 -25.72
-0.28 0.15 0.07 -25.45 -206.99 25.41
0.41 -0.18 0.33 -3.28 -239.94 5.17
1.15 0.48 1.12 -110.18 -4.10 30.62
0.07 0.02 -0.13 1.04 -199.13 -8.18
0.72 -0.55 2.00 249.99 -250.00 -25.92
0.85 0.19 0.27 -15.24 130.03 1.36
-0.01 0.03 -0.13 -27.18 249.99 -9.16
-0.56 -0.49 2.00 22.88 236.13 23.33
-1.27 0.36 1.94 -14.66 -63.34 -62.62
0.06 -0.10 0.84 -7.88 -25.02 42.59
0.01 0.02 0.99 -23.27 -20.56 23.32
0.07 -0.10 0.98 -8.16 -14.14 26.31
0.03 -0.18 0.92 -1.88 8.61 30.41
0.08 -0.20 0.95 6.68 8.51 21.42
0.04 -0.04 0.80 -11.55 31.93 11.49
-0.04 -0.18 0.96 -0.82 17.81 5.55
-0.04 -0.17 0.96 1.05 16.49 14.56
-0.08 -0.08 0.91 -9.25 20.38 1.45
-0.11 -0.10 0.97 -11.22 0.57 -7.26
-0.06 -0.14 0.90 -5.55 -2.49 0.39
-0.02 0.07 -0.08 -24.21 -213.36 49.92
0.66 -0.57 2.00 152.33 -250.00 -77.64
0.97 0.02 1.53 -28.66 141.45 48.62
0.09 0.10 -0.28 -31.72 249.99 30.17
-0.19 -0.23 0.05 -60.21 249.99 11.31
-1.56 -0.01 1.24 -52.41 249.99 -25.72
-0.28 0.15 0.07 -25.45 -206.99 25.41
0.41 -0.18 0.33 -3.28 -239.94 5.17
1.15 0.48 1.12 -110.18 -4.10 30.62
0.07 0.02 -0.13 1.04 -199.13 -8.18
0.72 -0.55 2.00 249.99 -250.00 -25.92
0.85 0.19 0.27 -15.24 130.03 1.36
-0.01 0.03 -0.13 -27.18 249.99 -9.16
-0.56 -0.49 2.00 22.88 236.13 23.33
-1.27 0.36 1.94 -14.66 -63.34 -62.62
-0.05 -0.06 0.96 -4.90 1.48 -9.16
-0.03 -0.03 0.91 -9.19 -26.02 -10.96
-0.02 -0.14 0.99 5.10 -24.77 -19.55
0.18 -0.11 0.96 3.34 -19.39 -13.98
0.09 -0.09 0.96 -12.31 5.83 -15.64
0.02 -0.15 1.03 0.97 -1.53 -13.63
0.04 -0.13 1.00 0.99 -21.37 2.56
0.13 -0.08 0.83 -13.49 -9.51 -0.14
0.15 -0.24 1.03 13.99 5.33 -6.28
0.11 -0.10 0.95 6.44 9.20 -3.27
0.08 -0.04 0.86 15.95 15.07 7.81
-0.02 0.07 -0.08 -24.21 -213.36 49.92
0.66 -0.57 2.00 152.33 -250.00 -77.64
0.97 0.02 1.53 -28.66 141.45 48.62
0.09 0.10 -0.28 -31.72 249.99 30.17
-0.19 -0.23 0.05 -60.21 249.99 11.31
-1.56 -0.01 1.24 -52.41 249.99 -25.72
-0.28 0.15 0.07 -25.45 -206.99 25.41
0.41 -0.18 0.33 -3.28 -239.94 5.17
1.15 0.48 1.12 -110.18 -4.10 30.62
0.07 0.02 -0.13 1.04 -199.13 -8.18
0.72 -0.55 2.00 249.99 -250.00 -25.92
0.85 0.19 0.27 -15.24 130.03 1.36
-0.01 0.03 -0.13 -27.18 249.99 -9.16
-0.56 -0.49 2.00 22.88 236.13 23.33
-1.27 0.36 1.94 -14.66 -63.34 -62.62
0.13 -0.17 0.91 10.34 -7.69 1.88
0.13 -0.07 0.86 10.30 18.26 7.18
0.01 -0.06 0.98 -0.22 12.84 8.93
0.03 -0.12 1.03 -5.68 -29.30 6.73
0.16 -0.17 0.96 8.08 -16.75 2.46
0.18 -0.24 0.85 15.60 -15.14 -3.56
0.10 -0.11 0.98 2.46 16.54 -12.06
0.11 -0.17 1.03 -4.30 4.79 -28.81
0.03 -0.07 0.81 -12.78 -12.98 -51.54
0.11 0.01 1.15 -24.38 -41.01 -33.09
0.16 -0.09 1.06 -5.50 -19.36 -48.87
-0.02 0.07 -0.08 -24.21 -213.36 49.92
0.66 -0.57 2.00 152.33 -250.00 -77.64
0.97 0.02 1.53 -28.66 141.45 48.62
0.09 0.10 -0.28 -31.72 249.99 30.17
-0.19 -0.23 0.05 -60.21 249.99 11.31
-1.56 -0.01 1.24 -52.41 249.99 -25.72
-0.28 0.15 0.07 -25.45 -206.99 25.41
0.41 -0.18 0.33 -3.28 -239.94 5.17
1.15 0.48 1.12 -110.18 -4.10 30.62
0.07 0.02 -0.13 1.04 -199.13 -8.18
0.72 -0.55 2.00 249.99 -250.00 -25.92
0.85 0.19 0.27 -15.24 130.03 1.36
-0.01 0.03 -0.13 -27.18 249.99 -9.16
-0.56 -0.49 2.00 22.88 236.13 23.33
-1.27 0.36 1.94 -14.66 -63.34 -62.62
0.54 0.12 0.92 -44.44 -84.27 -128.20
0.71 0.09 0.75 -47.28 -10.73 -188.10
0.59 0.06 0.56 -6.65 92.55 -189.96
0.12 -0.09 0.79 -31.33 170.02 -118.42
-0.28 -0.16 1.20 35.05 140.03 -57.02
0.11 0.07 1.57 41.60 -37.73 -58.20
0.20 0.17 1.11 31.43 25.19 -119.48
0.33 0.23 0.80 -18.13 -31.34 -95.54
0.14 0.14 0.15 -58.13 40.18 -64.38
0.19 -0.13 0.63 -11.76 12.03 -32.70
0.27 -0.41 0.98 151.88 56.17 -45.23
-0.02 0.07 -0.08 -24.21 -213.36 49.92
0.66 -0.57 2.00 152.33 -250.00 -77.64
0.97 0.02 1.53 -28.66 141.45 48.62
0.09 0.10 -0.28 -31.72 249.99 30.17
-0.19 -0.23 0.05 -60.21 249.99 11.31
-1.56 -0.01 1.24 -52.41 249.99 -25.72
-0.28 0.15 0.07 -25.45 -206.99 25.41
0.41 -0.18 0.33 -3.28 -239.94 5.17