0.47 0.62 0.70 -0.71 0.90 0.04
0.47 0.62 0.69 0.50 1.93 0.34
0.47 0.61 0.69 0.35 1.87 0.39
0.47 0.62 0.69 0.50 0.50 0.76
0.47 0.61 0.69 1.94 0.99 0.55
0.47 0.61 0.69 4.52 0.11 -0.12
0.45 0.61 0.70 5.49 -2.47 -1.02
0.46 0.60 0.69 11.91 -6.25 2.01
0.49 0.61 0.69 16.95 -6.36 -0.35
0.50 0.60 0.68 26.25 -4.60 -3.42
0.49 0.69 0.63 24.51 -8.71 -4.78
0.49 0.68 0.61 17.82 -1.17 3.91
0.48 0.66 0.66 21.10 -8.77 9.05
0.52 0.71 0.57 30.04 -9.26 14.00
0.49 0.71 0.61 25.22 -6.57 17.74
0.52 0.67 0.58 19.81 -15.73 16.70
0.57 0.68 0.58 20.81 -7.21 13.08
0.53 0.71 0.56 20.39 -7.51 10.12
0.59 0.75 0.45 8.22 -4.68 6.07
0.53 0.74 0.52 3.71 -12.34 7.66
0.59 0.73 0.53 6.08 -8.30 7.55
0.55 0.69 0.53 9.04 -0.92 7.71
0.58 0.70 0.51 5.52 -10.38 3.69
0.57 0.75 0.48 -1.10 -9.92 3.50
0.60 0.69 0.54 -0.78 -11.01 5.20
0.60 0.70 0.54 4.18 -3.52 2.55
0.60 0.71 0.49 5.06 -6.47 3.11
0.59 0.71 0.49 -2.11 -9.61 4.10
0.63 0.72 0.49 -6.45 -0.43 -0.50
0.59 0.66 0.56 -3.72 7.77 -0.73
0.54 0.69 0.51 -0.27 1.75 -1.17
0.57 0.69 0.51 0.72 -1.10 1.46
0.59 0.72 0.51 -0.05 -2.21 0.45
0.59 0.71 0.53 2.27 -2.18 3.74
0.62 0.69 0.48 2.59 1.00 4.23
0.60 0.71 0.50 1.82 0.63 4.90
0.63 0.68 0.51 0.63 -1.46 3.63
0.60 0.70 0.51 0.05 -2.14 1.34
0.61 0.69 0.50 -0.53 -2.64 2.10
0.61 0.69 0.50 -0.70 -2.34 1.37
0.61 0.70 0.50 -1.64 -2.68 2.32
0.63 0.69 0.49 -1.21 -2.66 0.73
0.61 0.69 0.50 -2.36 -1.59 0.43
0.61 0.70 0.50 -5.65 4.43 -1.91
0.59 0.68 0.54 -3.98 3.72 -1.36
0.59 0.68 0.51 -1.19 4.30 -0.44
0.58 0.69 0.52 0.49 2.21 0.97
0.62 0.70 0.49 0.27 2.09 2.47
0.61 0.69 0.49 0.41 1.75 2.49
0.60 0.72 0.50 -0.12 1.01 2.83
0.60 0.68 0.51 -0.73 0.34 2.14
0.61 0.70 0.51 -2.78 1.66 1.13
0.61 0.68 0.52 -2.04 -0.50 0.41
0.61 0.68 0.50 -0.25 1.70 0.30
0.62 0.70 0.51 -0.76 -0.08 1.66
0.60 0.68 0.52 -1.08 1.08 1.30
0.61 0.69 0.51 -2.24 2.16 0.95
0.60 0.69 0.53 -3.76 5.25 0.88
0.61 0.68 0.53 -2.29 4.29 0.48
0.60 0.69 0.54 -2.94 3.94 -0.52
0.60 0.70 0.53 -2.75 5.52 0.51
0.59 0.70 0.55 -1.75 9.80 2.55
0.63 0.71 0.53 9.24 9.72 11.25
0.62 0.68 0.51 -5.77 24.63 -3.11
0.60 0.67 0.58 -13.26 38.46 -10.75
0.49 0.64 0.61 -2.97 40.21 -11.25
0.46 0.64 0.58 -13.82 31.34 -12.28
0.48 0.66 0.60 -24.15 15.30 -13.18
0.56 0.64 0.60 -29.14 22.12 -16.39
0.49 0.62 0.68 -20.09 31.17 -21.67
0.44 0.66 0.65 -17.27 13.62 -10.80
0.44 0.67 0.66 -15.09 7.71 -6.26
0.45 0.74 0.61 -61.35 17.64 6.44
0.50 0.61 0.76 -60.17 -16.93 22.23
0.53 0.50 0.70 -36.36 -0.54 9.67
0.58 0.69 0.52 0.49 2.21 0.97
0.62 0.70 0.49 0.27 2.09 2.47
0.61 0.69 0.49 0.41 1.75 2.49
0.60 0.72 0.50 -0.12 1.01 2.83
0.60 0.68 0.51 -0.73 0.34 2.14
0.61 0.70 0.51 -2.78 1.66 1.13
0.61 0.68 0.52 -2.04 -0.50 0.41
0.61 0.68 0.50 -0.25 1.70 0.30
0.62 0.70 0.51 -0.76 -0.08 1.66
0.60 0.68 0.52 -1.08 1.08 1.30
0.61 0.69 0.51 -2.24 2.16 0.95
0.60 0.69 0.53 -3.76 5.25 0.88
0.61 0.68 0.53 -2.29 4.29 0.48
0.60 0.69 0.54 -2.94 3.94 -0.52
0.60 0.70 0.53 -2.75 5.52 0.51
0.59 0.70 0.55 -1.75 9.80 2.55
0.63 0.71 0.53 9.24 9.72 11.25
0.67 0.71 0.47 7.37 16.29 8.57
0.69 0.52 0.75 -14.04 20.87 -1.43
0.42 0.43 0.71 54.80 6.30 -21.22
0.33 0.69 0.74 69.60 -41.61 -57.10
0.46 0.81 0.48 33.62 -19.88 -38.89
0.54 0.70 0.69 -16.01 2.59 0.89
0.55 0.65 0.66 2.49 7.84 -10.98
0.51 0.66 0.62 -5.01 15.39 -15.02
0.42 0.67 0.64 -1.56 11.83 0.02
0.46 0.66 0.65 -0.47 8.85 7.62
0.44 0.69 0.68 -2.54 19.97 8.43
0.43 0.69 0.64 -12.46 32.65 -3.65
0.35 0.65 0.70 -24.94 25.62 -14.60
0.31 0.63 0.77 -13.21 14.31 -14.43
0.58 0.69 0.52 0.49 2.21 0.97
0.62 0.70 0.49 0.27 2.09 2.47
0.61 0.69 0.49 0.41 1.75 2.49
0.60 0.72 0.50 -0.12 1.01 2.83
0.60 0.68 0.51 -0.73 0.34 2.14
0.61 0.70 0.51 -2.78 1.66 1.13
0.61 0.68 0.52 -2.04 -0.50 0.41
0.61 0.68 0.50 -0.25 1.70 0.30
0.62 0.70 0.51 -0.76 -0.08 1.66
0.60 0.68 0.52 -1.08 1.08 1.30
0.61 0.69 0.51 -2.24 2.16 0.95
0.60 0.69 0.53 -3.76 5.25 0.88
0.61 0.68 0.53 -2.29 4.29 0.48
0.60 0.69 0.54 -2.94 3.94 -0.52
0.60 0.70 0.53 -2.75 5.52 0.51
0.59 0.70 0.55 -1.75 9.80 2.55
0.63 0.71 0.53 9.24 9.72 11.25
0.67 0.71 0.47 7.37 16.29 8.57
0.30 0.64 0.73 -7.13 5.87 -16.09
0.32 0.62 0.73 -8.93 5.13 -13.61
0.35 0.61 0.73 -5.73 0.47 -9.45
0.34 0.61 0.76 -0.83 0.82 -6.19
0.32 0.63 0.72 1.24 5.78 -1.17
0.29 0.63 0.73 0.14 8.49 4.37
0.28 0.65 0.75 0.20 -1.61 4.99
0.31 0.64 0.74 -0.05 -1.45 3.68
0.33 0.65 0.76 4.78 -7.90 5.71
0.40 0.64 0.70 5.04 1.17 3.29
0.32 0.61 0.78 8.17 7.64 3.18
0.31 0.66 0.76 12.79 -6.07 6.94
0.35 0.64 0.74 10.15 0.73 9.16
0.58 0.69 0.52 0.49 2.21 0.97
0.62 0.70 0.49 0.27 2.09 2.47
0.61 0.69 0.49 0.41 1.75 2.49
0.60 0.72 0.50 -0.12 1.01 2.83
0.60 0.68 0.51 -0.73 0.34 2.14
0.61 0.70 0.51 -2.78 1.66 1.13
0.61 0.68 0.52 -2.04 -0.50 0.41
0.61 0.68 0.50 -0.25 1.70 0.30
0.62 0.70 0.51 -0.76 -0.08 1.66
0.60 0.68 0.52 -1.08 1.08 1.30
0.61 0.69 0.51 -2.24 2.16 0.95
0.60 0.69 0.53 -3.76 5.25 0.88
0.61 0.68 0.53 -2.29 4.29 0.48
0.60 0.69 0.54 -2.94 3.94 -0.52
0.60 0.70 0.53 -2.75 5.52 0.51
0.59 0.70 0.55 -1.75 9.80 2.55
0.63 0.71 0.53 9.24 9.72 11.25
0.28 0.64 0.72 14.89 -6.02 25.43
0.36 0.62 0.71 10.18 -9.35 27.31
0.44 0.66 0.70 23.32 8.12 39.76
0.40 0.66 0.69 16.21 18.32 35.47
0.40 0.69 0.61 9.35 9.31 32.45
0.41 0.68 0.67 7.10 3.34 26.18
0.40 0.66 0.71 20.43 -17.78 33.00
0.48 0.64 0.58 37.79 3.78 57.02
0.50 0.70 0.51 16.14 3.97 58.90
0.53 0.64 0.65 -1.27 6.38 53.81
0.53 0.58 0.72 11.60 18.75 38.73
0.52 0.60 0.66 6.71 23.38 27.77
0.51 0.58 0.69 0.43 4.30 -0.44
0.58 0.69 0.52 0.49 2.21 0.97
0.62 0.70 0.49 0.27 2.09 2.47
0.61 0.69 0.49 0.41 1.75 2.49
0.60 0.72 0.50 -0.12 1.01 2.83
0.60 0.68 0.51 -0.73 0.34 2.14
0.61 0.70 0.51 -2.78 1.66 1.13
0.61 0.68 0.52 -2.04 -0.50 0.41
0.61 0.68 0.50 -0.25 1.70 0.30
0.62 0.70 0.51 -0.76 -0.08 1.66
0.60 0.68 0.52 -1.08 1.08 1.30
0.61 0.69 0.51 -2.24 2.16 0.95
0.60 0.69 0.53 -3.76 5.25 0.88
0.61 0.68 0.53 -2.29 4.29 0.48
0.60 0.69 0.54 -2.94 3.94 -0.52
0.60 0.70 0.53 -2.75 5.52 0.51
0.59 0.70 0.55 -1.75 9.80 2.55
0.63 0.71 0.53 9.24 9.72 11.25
0.67 0.71 0.47 7.37 16.29 8.57
0.69 0.51 0.72 -1.10 1.46 21.71
0.51 0.59 0.74 9.44 10.41 18.32
0.52 0.60 0.70 26.66 5.91 24.68
0.54 0.64 0.60 31.64 5.75 26.57
0.63 0.64 0.52 15.62 -3.04 21.58
0.60 0.57 0.61 4.59 0.54 5.46
0.60 0.64 0.61 7.22 4.43 -6.82
0.56 0.65 0.63 -6.79 -3.40 -12.99
0.56 0.64 0.62 0.27 -6.32 -10.47
0.50 0.64 0.62 0.79 -7.94 -6.54
0.54 0.65 0.61 3.66 -3.42 -2.27
0.54 0.65 0.61 -0.40 -2.72 0.43
0.52 0.62 0.63 2.66 -0.53 -1.25
0.58 0.69 0.52 0.49 2.21 0.97
0.62 0.70 0.49 0.27 2.09 2.47
0.61 0.69 0.49 0.41 1.75 2.49
0.60 0.72 0.50 -0.12 1.01 2.83
0.60 0.68 0.51 -0.73 0.34 2.14
0.61 0.70 0.51 -2.78 1.66 1.13
0.61 0.68 0.52 -2.04 -0.50 0.41
0.61 0.68 0.50 -0.25 1.70 0.30
0.62 0.70 0.51 -0.76 -0.08 1.66
0.60 0.68 0.52 -1.08 1.08 1.30
0.61 0.69 0.51 -2.24 2.16 0.95
0.60 0.69 0.53 -3.76 5.25 0.88
0.61 0.68 0.53 -2.29 4.29 0.48
0.60 0.69 0.54 -2.94 3.94 -0.52
0.60 0.70 0.53 -2.75 5.52 0.51
0.59 0.70 0.55 -1.75 9.80 2.55
0.63 0.71 0.53 9.24 9.72 11.25
0.53 0.63 0.62 4.04 -4.07 4.26
0.49 0.62 0.61 1.83 -7.96 0.15
0.55 0.65 0.64 -1.13 5.81 1.74
0.44 0.59 0.69 22.57 -47.59 1.72
0.54 0.64 0.58 9.84 -62.97 7.01
0.58 0.68 0.54 11.32 -13.84 11.41
0.60 0.72 0.42 10.91 8.74 18.98
0.71 0.72 0.47 5.51 33.32 26.70
0.64 0.66 0.56 4.84 46.46 18.00
0.68 0.62 0.60 2.91 38.19 10.67
0.62 0.58 0.65 1.75 18.36 4.27
0.60 0.56 0.62 14.76 -48.27 1.01
0.70 0.67 0.55 -7.51 -95.25 3.51
0.58 0.69 0.52 0.49 2.21 0.97
0.62 0.70 0.49 0.27 2.09 2.47
0.61 0.69 0.49 0.41 1.75 2.49
0.60 0.72 0.50 -0.12 1.01 2.83
0.60 0.68 0.51 -0.73 0.34 2.14
0.61 0.70 0.51 -2.78 1.66 1.13
0.61 0.68 0.52 -2.04 -0.50 0.41
0.61 0.68 0.50 -0.25 1.70 0.30
0.62 0.70 0.51 -0.76 -0.08 1.66
0.60 0.68 0.52 -1.08 1.08 1.30
0.61 0.69 0.51 -2.24 2.16 0.95
0.60 0.69 0.53 -3.76 5.25 0.88
0.61 0.68 0.53 -2.29 4.29 0.48
0.60 0.69 0.54 -2.94 3.94 -0.52
0.60 0.70 0.53 -2.75 5.52 0.51
0.59 0.70 0.55 -1.75 9.80 2.55
0.63 0.71 0.53 9.24 9.72 11.25
0.61 0.70 0.46 16.39 -19.74 6.47
0.63 0.70 0.35 1.21 9.84 -3.21
0.69 0.70 0.40 -10.30 18.81 0.04
0.69 0.67 0.55 -6.89 -5.74 -2.04
0.62 0.66 0.60 0.69 -14.44 -3.68
0.70 0.61 0.46 3.07 -32.41 10.53
0.73 0.62 0.46 4.47 -24.22 3.27
0.72 0.66 0.44 1.30 -20.75 -1.52
0.73 0.70 0.44 -2.70 -14.68 1.20
0.72 0.67 0.43 0.31 -1.02 12.60
0.75 0.67 0.43 -3.98 -10.76 14.31
0.77 0.67 0.39 -4.14 6.07 13.25
0.58 0.69 0.52 0.49 2.21 0.97
0.62 0.70 0.49 0.27 2.09 2.47
0.61 0.69 0.49 0.41 1.75 2.49
0.60 0.72 0.50 -0.12 1.01 2.83
0.60 0.68 0.51 -0.73 0.34 2.14
0.61 0.70 0.51 -2.78 1.66 1.13
0.61 0.68 0.52 -2.04 -0.50 0.41
0.61 0.68 0.50 -0.25 1.70 0.30
0.62 0.70 0.51 -0.76 -0.08 1.66
0.60 0.68 0.52 -1.08 1.08 1.30
0.61 0.69 0.51 -2.24 2.16 0.95
0.60 0.69 0.53 -3.76 5.25 0.88
0.61 0.68 0.53 -2.29 4.29 0.48
0.60 0.69 0.54 -2.94 3.94 -0.52
0.60 0.70 0.53 -2.75 5.52 0.51
0.59 0.70 0.55 -1.75 9.80 2.55
0.63 0.71 0.53 9.24 9.72 11.25
0.74 0.64 0.43 -11.99 8.41 18.99
0.77 0.63 0.45 -7.42 1.95 20.80
0.74 0.56 0.47 -8.32 5.33 18.61
0.74 0.58 0.50 -11.04 -8.26 14.34
0.75 0.55 0.51 -3.63 0.53 5.23
0.76 0.58 0.44 -2.74 -5.35 2.81
0.75 0.58 0.46 -10.41 -6.45 -2.88
0.79 0.56 0.48 -2.80 -4.39 -8.61
0.76 0.59 0.45 -7.26 -5.55 -5.97
0.76 0.58 0.45 -5.00 -5.04 -7.10
0.77 0.60 0.42 -3.25 -4.58 -3.18
0.74 0.59 0.44 -0.79 1.72 4.40
0.58 0.69 0.52 0.49 2.21 0.97
0.62 0.70 0.49 0.27 2.09 2.47
0.61 0.69 0.49 0.41 1.75 2.49
0.60 0.72 0.50 -0.12 1.01 2.83
0.60 0.68 0.51 -0.73 0.34 2.14
0.61 0.70 0.51 -2.78 1.66 1.13
0.61 0.68 0.52 -2.04 -0.50 0.41
0.61 0.68 0.50 -0.25 1.70 0.30
0.62 0.70 0.51 -0.76 -0.08 1.66
0.60 0.68 0.52 -1.08 1.08 1.30
0.61 0.69 0.51 -2.24 2.16 0.95
0.60 0.69 0.53 -3.76 5.25 0.88
0.61 0.68 0.53 -2.29 4.29 0.48
0.60 0.69 0.54 -2.94 3.94 -0.52
0.60 0.70 0.53 -2.75 5.52 0.51
0.59 0.70 0.55 -1.75 9.80 2.55
0.63 0.71 0.53 9.24 9.72 11.25
0.79 0.59 0.46 0.08 -0.55 5.16
0.78 0.56 0.42 -5.21 -1.81 3.15
0.76 0.58 0.42 -10.67 -0.75 1.37
0.78 0.56 0.39 -22.42 -1.68 1.80
0.81 0.58 0.45 -20.77 5.78 0.18
0.78 0.53 0.53 -10.80 9.48 6.22
0.75 0.52 0.49 -0.67 1.23 3.85
0.75 0.53 0.50 -2.37 -0.77 -0.04
0.77 0.55 0.48 -3.92 1.63 -3.98
0.76 0.57 0.47 0.15 1.27 -0.88
0.77 0.58 0.47 1.10 -0.40 1.81
0.76 0.55 0.47 4.80 1.60 6.29
0.77 0.55 0.49 4.11 2.30 6.90
0.58 0.69 0.52 0.49 2.21 0.97
0.62 0.70 0.49 0.27 2.09 2.47
0.61 0.69 0.49 0.41 1.75 2.49
0.60 0.72 0.50 -0.12 1.01 2.83
0.60 0.68 0.51 -0.73 0.34 2.14
0.61 0.70 0.51 -2.78 1.66 1.13
0.61 0.68 0.52 -2.04 -0.50 0.41
0.61 0.68 0.50 -0.25 1.70 0.30
0.62 0.70 0.51 -0.76 -0.08 1.66
0.60 0.68 0.52 -1.08 1.08 1.30
0.61 0.69 0.51 -2.24 2.16 0.95
0.60 0.69 0.53 -3.76 5.25 0.88
0.61 0.68 0.53 -2.29 4.29 0.48
0.60 0.69 0.54 -2.94 3.94 -0.52
0.60 0.70 0.53 -2.75 5.52 0.51
0.59 0.70 0.55 -1.75 9.80 2.55
0.63 0.71 0.53 9.24 9.72 11.25
0.78 0.53 0.50 -1.24 -4.16 2.83
0.78 0.52 0.48 1.41 0.46 1.27
0.77 0.54 0.47 -3.72 -1.11 -3.41
0.77 0.57 0.46 -1.24 -1.92 -1.31
0.79 0.54 0.47 -5.44 0.34 0.02
0.78 0.53 0.47 -5.48 2.43 0.86
0.78 0.55 0.48 -1.48 -0.44 -4.74
0.76 0.54 0.47 0.30 -0.08 -2.30
0.78 0.55 0.49 -3.19 -3.33 -3.68
0.74 0.56 0.46 -0.23 -1.72 0.48
0.79 0.53 0.46 -2.12 1.40 -2.19
0.78 0.56 0.46 1.40 -0.25 3.32
0.58 0.69 0.52 0.49 2.21 0.97
0.62 0.70 0.49 0.27 2.09 2.47
0.61 0.69 0.49 0.41 1.75 2.49
0.60 0.72 0.50 -0.12 1.01 2.83
0.60 0.68 0.51 -0.73 0.34 2.14
0.61 0.70 0.51 -2.78 1.66 1.13
0.61 0.68 0.52 -2.04 -0.50 0.41
0.61 0.68 0.50 -0.25 1.70 0.30
0.62 0.70 0.51 -0.76 -0.08 1.66
0.60 0.68 0.52 -1.08 1.08 1.30
0.61 0.69 0.51 -2.24 2.16 0.95
0.60 0.69 0.53 -3.76 5.25 0.88
0.61 0.68 0.53 -2.29 4.29 0.48
0.60 0.69 0.54 -2.94 3.94 -0.52
0.60 0.70 0.53 -2.75 5.52 0.51
0.59 0.70 0.55 -1.75 9.80 2.55
0.63 0.71 0.53 9.24 9.72 11.25
0.79 0.52 0.44 3.81 -1.68 3.66
0.76 0.54 0.48 5.28 -0.63 2.86
0.79 0.55 0.47 -1.20 -5.43 0.46
0.78 0.51 0.48 -4.28 -5.06 -1.93
0.78 0.56 0.47 -5.84 -7.35 -7.14
0.79 0.56 0.47 -5.18 -4.47 -1.41
0.80 0.56 0.44 -5.75 0.88 -1.17
0.80 0.53 0.48 -7.90 0.84 0.60
0.77 0.53 0.44 -0.68 -1.98 -1.99
0.78 0.55 0.47 -2.15 -1.32 -1.69
0.78 0.55 0.47 0.05 0.52 0.39
0.78 0.54 0.47 -1.01 1.59 -0.10
0.58 0.69 0.52 0.49 2.21 0.97
0.62 0.70 0.49 0.27 2.09 2.47
0.61 0.69 0.49 0.41 1.75 2.49
0.60 0.72 0.50 -0.12 1.01 2.83
0.60 0.68 0.51 -0.73 0.34 2.14
0.61 0.70 0.51 -2.78 1.66 1.13
0.61 0.68 0.52 -2.04 -0.50 0.41
0.61 0.68 0.50 -0.25 1.70 0.30
0.62 0.70 0.51 -0.76 -0.08 1.66
0.60 0.68 0.52 -1.08 1.08 1.30
0.61 0.69 0.51 -2.24 2.16 0.95
0.60 0.69 0.53 -3.76 5.25 0.88
0.61 0.68 0.53 -2.29 4.29 0.48
0.60 0.69 0.54 -2.94 3.94 -0.52
0.60 0.70 0.53 -2.75 5.52 0.51
0.59 0.70 0.55 -1.75 9.80 2.55
0.63 0.71 0.53 9.24 9.72 11.25
0.78 0.55 0.45 1.22 2.82 2.30
0.78 0.54 0.46 1.23 -1.41 3.55
0.78 0.54 0.46 3.08 3.30 3.87
0.78 0.55 0.47 2.93 -0.11 3.84
0.78 0.51 0.44 -0.46 1.63 0.76
0.80 0.55 0.49 0.31 -1.46 -1.69
0.78 0.53 0.47 -2.04 -1.79 -2.40
0.79 0.57 0.46 -3.81 -1.34 -2.47
0.79 0.54 0.46 -3.27 -4.63 -1.82
0.80 0.54 0.45 -3.59 -0.79 -1.83
0.77 0.55 0.45 -0.43 3.53 -0.86
0.58 0.69 0.52 0.49 2.21 0.97
0.62 0.70 0.49 0.27 2.09 2.47
0.61 0.69 0.49 0.41 1.75 2.49
0.60 0.72 0.50 -0.12 1.01 2.83
0.60 0.68 0.51 -0.73 0.34 2.14
0.61 0.70 0.51 -2.78 1.66 1.13
0.61 0.68 0.52 -2.04 -0.50 0.41
0.61 0.68 0.50 -0.25 1.70 0.30
0.62 0.70 0.51 -0.76 -0.08 1.66
0.60 0.68 0.52 -1.08 1.08 1.30
0.61 0.69 0.51 -2.24 2.16 0.95
0.60 0.69 0.53 -3.76 5.25 0.88
0.61 0.68 0.53 -2.29 4.29 0.48
0.60 0.69 0.54 -2.94 3.94 -0.52
0.60 0.70 0.53 -2.75 5.52 0.51
0.59 0.70 0.55 -1.75 9.80 2.55
0.63 0.71 0.53 9.24 9.72 11.25
0.81 0.54 0.46 -0.06 0.69 0.72
0.79 0.55 0.45 1.62 1.94 2.11
0.79 0.52 0.48 -0.49 1.86 1.43
0.77 0.55 0.46 1.63 1.03 1.38
0.79 0.54 0.46 0.14 0.97 1.82
0.78 0.54 0.45 -0.38 3.26 1.40
0.78 0.54 0.47 1.58 2.57 3.85
0.78 0.55 0.49 1.31 1.40 2.64
0.81 0.52 0.49 2.43 -0.57 2.14
0.79 0.54 0.48 -1.37 0.43 -0.70
0.78 0.54 0.47 -2.79 -0.05 -2.30
0.78 0.54 0.46 -0.60 -0.83 0.71
0.80 0.56 0.48 -0.08 0.47 0.92
0.79 0.53 0.46 0.05 -2.95 0.40
0.58 0.69 0.52 0.49 2.21 0.97
0.62 0.70 0.49 0.27 2.09 2.47
0.61 0.69 0.49 0.41 1.75 2.49
0.60 0.72 0.50 -0.12 1.01 2.83
0.60 0.68 0.51 -0.73 0.34 2.14
0.61 0.70 0.51 -2.78 1.66 1.13
0.61 0.68 0.52 -2.04 -0.50 0.41
0.61 0.68 0.50 -0.25 1.70 0.30
0.62 0.70 0.51 -0.76 -0.08 1.66
0.60 0.68 0.52 -1.08 1.08 1.30
0.61 0.69 0.51 -2.24 2.16 0.95
0.60 0.69 0.53 -3.76 5.25 0.88
0.61 0.68 0.53 -2.29 4.29 0.48
0.60 0.69 0.54 -2.94 3.94 -0.52
0.60 0.70 0.53 -2.75 5.52 0.51
0.59 0.70 0.55 -1.75 9.80 2.55
0.63 0.71 0.53 9.24 9.72 11.25
0.78 0.55 0.46 0.29 -2.49 0.34
0.79 0.54 0.46 -1.05 0.24 -0.93
0.76 0.55 0.46 -0.36 -1.08 -0.29
0.79 0.54 0.45 -0.74 2.32 -0.86
0.79 0.56 0.48 0.89 2.40 1.35
0.79 0.55 0.48 1.83 1.78 1.77
0.78 0.56 0.48 2.08 2.47 2.33
0.78 0.53 0.46 3.04 0.05 3.36
0.79 0.55 0.47 2.24 1.81 3.58
0.79 0.54 0.45 1.56 1.21 1.55
0.80 0.54 0.47 -0.91 0.06 -1.71
0.78 0.56 0.45 -2.03 1.03 -0.65
0.78 0.53 0.46 0.30 1.35 2.33
0.58 0.69 0.52 0.49 2.21 0.97
0.62 0.70 0.49 0.27 2.09 2.47
0.61 0.69 0.49 0.41 1.75 2.49
0.60 0.72 0.50 -0.12 1.01 2.83
0.60 0.68 0.51 -0.73 0.34 2.14
0.61 0.70 0.51 -2.78 1.66 1.13
0.61 0.68 0.52 -2.04 -0.50 0.41
0.61 0.68 0.50 -0.25 1.70 0.30
0.62 0.70 0.51 -0.76 -0.08 1.66
0.60 0.68 0.52 -1.08 1.08 1.30
0.61 0.69 0.51 -2.24 2.16 0.95
0.60 0.69 0.53 -3.76 5.25 0.88
0.61 0.68 0.53 -2.29 4.29 0.48
0.60 0.69 0.54 -2.94 3.94 -0.52
0.60 0.70 0.53 -2.75 5.52 0.51
0.59 0.70 0.55 -1.75 9.80 2.55
0.63 0.71 0.53 9.24 9.72 11.25
0.77 0.53 0.47 -0.26 2.04 0.91
0.77 0.53 0.47 -0.14 1.18 -0.53
0.77 0.54 0.47 1.32 -1.12 1.02
0.78 0.54 0.46 1.33 -0.91 0.73
0.81 0.55 0.45 1.06 -2.84 -1.19
0.76 0.52 0.44 -0.79 1.05 0.37
0.81 0.57 0.47 -2.88 3.43 -2.56
0.78 0.56 0.46 1.51 0.39 2.56
0.78 0.54 0.44 0.14 4.78 1.11
0.77 0.55 0.48 1.47 4.60 3.46
0.79 0.53 0.47 1.26 3.00 3.11
0.78 0.53 0.47 2.72 1.69 1.71
0.80 0.53 0.47 2.03 1.35 2.33
0.58 0.69 0.52 0.49 2.21 0.97
0.62 0.70 0.49 0.27 2.09 2.47
0.61 0.69 0.49 0.41 1.75 2.49
0.60 0.72 0.50 -0.12 1.01 2.83
0.60 0.68 0.51 -0.73 0.34 2.14
0.61 0.70 0.51 -2.78 1.66 1.13
0.61 0.68 0.52 -2.04 -0.50 0.41
0.61 0.68 0.50 -0.25 1.70 0.30
0.62 0.70 0.51 -0.76 -0.08 1.66
0.60 0.68 0.52 -1.08 1.08 1.30
0.61 0.69 0.51 -2.24 2.16 0.95
0.60 0.69 0.53 -3.76 5.25 0.88
0.61 0.68 0.53 -2.29 4.29 0.48
0.60 0.69 0.54 -2.94 3.94 -0.52
0.60 0.70 0.53 -2.75 5.52 0.51
0.59 0.70 0.55 -1.75 9.80 2.55
0.63 0.71 0.53 9.24 9.72 11.25
0.79 0.55 0.46 1.17 0.88 -0.81
0.78 0.54 0.45 -0.31 1.01 2.17
0.79 0.55 0.46 0.14 1.48 2.04
0.79 0.53 0.46 1.46 1.65 -0.16
0.78 0.54 0.46 1.52 1.50 -1.21
0.78 0.55 0.46 1.37 1.38 -0.27
0.78 0.56 0.46 1.58 0.07 0.40
0.78 0.55 0.45 0.60 3.20 1.75
0.78 0.53 0.47 1.26 -0.92 -0.98
0.78 0.54 0.45 2.64 -0.91 0.50
0.79 0.58 0.45 1.35 -0.94 1.28
0.77 0.55 0.46 2.91 -0.31 3.49
0.58 0.69 0.52 0.49 2.21 0.97
0.62 0.70 0.49 0.27 2.09 2.47
0.61 0.69 0.49 0.41 1.75 2.49
0.60 0.72 0.50 -0.12 1.01 2.83
0.60 0.68 0.51 -0.73 0.34 2.14
0.61 0.70 0.51 -2.78 1.66 1.13
0.61 0.68 0.52 -2.04 -0.50 0.41
0.61 0.68 0.50 -0.25 1.70 0.30
0.62 0.70 0.51 -0.76 -0.08 1.66
0.60 0.68 0.52 -1.08 1.08 1.30
0.61 0.69 0.51 -2.24 2.16 0.95
0.60 0.69 0.53 -3.76 5.25 0.88
0.61 0.68 0.53 -2.29 4.29 0.48
0.60 0.69 0.54 -2.94 3.94 -0.52
0.60 0.70 0.53 -2.75 5.52 0.51
0.59 0.70 0.55 -1.75 9.80 2.55
0.63 0.71 0.53 9.24 9.72 11.25
0.78 0.55 0.46 1.61 -6.55 4.20
0.81 0.53 0.47 0.71 -5.32 1.53
0.79 0.56 0.43 0.03 -2.23 -1.53
0.80 0.54 0.44 -2.08 -0.48 -1.93
0.79 0.56 0.46 -1.83 -2.77 0.91
0.80 0.51 0.44 -2.31 -3.26 -0.89
0.78 0.54 0.44 1.03 -2.68 -3.48
0.78 0.56 0.46 5.61 -5.13 -1.02
0.80 0.55 0.49 0.47 -10.62 -4.19
0.78 0.58 0.38 -1.51 -0.99 -3.90
0.82 0.58 0.39 -0.23 -3.22 -2.13
0.80 0.54 0.43 2.01 5.87 3.75
0.76 0.55 0.44 3.36 0.30 5.39
0.58 0.69 0.52 0.49 2.21 0.97
0.62 0.70 0.49 0.27 2.09 2.47
0.61 0.69 0.49 0.41 1.75 2.49
0.60 0.72 0.50 -0.12 1.01 2.83
0.60 0.68 0.51 -0.73 0.34 2.14
0.61 0.70 0.51 -2.78 1.66 1.13
0.61 0.68 0.52 -2.04 -0.50 0.41
0.61 0.68 0.50 -0.25 1.70 0.30
0.62 0.70 0.51 -0.76 -0.08 1.66
0.60 0.68 0.52 -1.08 1.08 1.30
0.61 0.69 0.51 -2.24 2.16 0.95
0.60 0.69 0.53 -3.76 5.25 0.88
0.61 0.68 0.53 -2.29 4.29 0.48
0.60 0.69 0.54 -2.94 3.94 -0.52
0.60 0.70 0.53 -2.75 5.52 0.51
0.59 0.70 0.55 -1.75 9.80 2.55
0.63 0.71 0.53 9.24 9.72 11.25
0.81 0.55 0.43 -1.80 -9.07 3.46
0.83 0.55 0.41 -1.96 -4.47 2.46
0.81 0.54 0.43 -2.78 -2.27 0.42
0.81 0.54 0.44 -0.16 -6.94 -1.33
0.79 0.53 0.47 4.62 -6.03 -2.35
0.80 0.53 0.40 0.31 -6.01 -7.35
0.79 0.58 0.40 -3.70 -5.58 -8.69
0.82 0.62 0.37 3.14 -5.33 -2.92
0.82 0.60 0.38 12.32 -13.54 3.93
0.84 0.57 0.33 9.10 -7.39 7.24
0.84 0.57 0.35 2.72 -4.26 9.84
0.84 0.54 0.37 5.44 -2.02 5.47
0.87 0.57 0.34 3.11 -0.92 1.46
0.58 0.69 0.52 0.49 2.21 0.97
0.62 0.70 0.49 0.27 2.09 2.47
0.61 0.69 0.49 0.41 1.75 2.49
0.60 0.72 0.50 -0.12 1.01 2.83
0.60 0.68 0.51 -0.73 0.34 2.14
0.61 0.70 0.51 -2.78 1.66 1.13
0.61 0.68 0.52 -2.04 -0.50 0.41
0.61 0.68 0.50 -0.25 1.70 0.30
0.62 0.70 0.51 -0.76 -0.08 1.66
0.60 0.68 0.52 -1.08 1.08 1.30
0.61 0.69 0.51 -2.24 2.16 0.95
0.60 0.69 0.53 -3.76 5.25 0.88
0.61 0.68 0.53 -2.29 4.29 0.48
0.60 0.69 0.54 -2.94 3.94 -0.52
0.60 0.70 0.53 -2.75 5.52 0.51
0.59 0.70 0.55 -1.75 9.80 2.55
0.63 0.71 0.53 9.24 9.72 11.25
0.81 0.56 0.36 0.33 3.92 5.14