-0.21 0.44 0.85 -2.36 5.23 -1.14
-0.22 0.43 0.84 0.16 -4.20 2.34
-0.19 0.46 0.79 1.05 7.22 1.55
-0.20 0.45 0.80 -0.34 6.17 2.62
-0.24 0.44 0.82 2.06 3.58 4.09
-0.23 0.46 0.81 -0.07 0.19 5.95
-0.17 0.45 0.82 -5.56 -4.88 3.62
-0.19 0.44 0.86 -5.74 8.90 0.31
-0.26 0.44 0.85 -4.54 6.51 2.89
-0.24 0.44 0.84 -4.59 -11.05 3.97
-0.18 0.46 0.82 -5.91 -8.91 12.88
-0.51 -0.17 1.76 94.28 -250.00 -250.00
0.64 0.39 1.11 8.48 -148.86 -250.00
1.25 0.30 0.46 -78.09 3.36 -164.54
0.54 0.05 0.54 -146.03 94.16 -171.91
0.23 -0.46 0.94 -90.32 116.40 -131.63
0.43 -0.33 0.70 -0.85 7.69 -106.48
0.98 -0.37 0.79 12.69 -12.54 -118.21
0.72 -0.29 1.23 -80.94 85.96 -127.58
0.70 -0.10 0.62 -113.62 37.96 -139.15
0.34 0.02 -0.02 -81.23 143.38 -186.13
-0.07 -0.64 1.14 70.52 247.96 -183.15
-0.19 0.44 0.81 4.04 9.00 -1.01
-0.21 0.45 0.82 1.49 8.38 2.01
-0.22 0.45 0.86 -0.23 6.02 0.02
-0.20 0.44 0.84 1.28 -3.02 -3.14
-0.20 0.45 0.82 0.08 2.84 -0.92
-0.21 0.44 0.85 -2.36 5.23 -1.14
-0.22 0.43 0.84 0.16 -4.20 2.34
-0.19 0.46 0.79 1.05 7.22 1.55
-0.20 0.45 0.80 -0.34 6.17 2.62
-0.24 0.44 0.82 2.06 3.58 4.09
-0.23 0.46 0.81 -0.07 0.19 5.95
-0.17 0.45 0.82 -5.56 -4.88 3.62
-0.19 0.44 0.86 -5.74 8.90 0.31
-0.26 0.44 0.85 -4.54 6.51 2.89
-0.24 0.44 0.84 -4.59 -11.05 3.97
-0.18 0.46 0.82 -5.91 -8.91 12.88
0.33 0.42 0.73 -24.68 -131.27 -181.80
0.42 0.33 -0.26 -106.18 -64.41 -78.64
0.71 -0.53 1.46 55.08 61.61 -90.00
1.11 -0.47 1.56 -9.61 8.41 -106.02
0.70 -0.13 0.41 -40.25 125.20 -105.27
0.02 -0.02 -0.08 -40.04 230.94 -121.93
-1.16 0.05 2.00 84.85 -103.69 -140.98
-0.05 0.23 0.63 -64.81 -112.82 -144.36
0.51 0.03 -0.22 -80.34 -127.60 -101.02
1.53 -0.46 1.46 249.99 -61.96 -149.30
-0.19 0.44 0.81 4.04 9.00 -1.01
-0.21 0.45 0.82 1.49 8.38 2.01
-0.22 0.45 0.86 -0.23 6.02 0.02
-0.20 0.44 0.84 1.28 -3.02 -3.14
-0.20 0.45 0.82 0.08 2.84 -0.92
-0.21 0.44 0.85 -2.36 5.23 -1.14
-0.22 0.43 0.84 0.16 -4.20 2.34
-0.19 0.46 0.79 1.05 7.22 1.55
-0.20 0.45 0.80 -0.34 6.17 2.62
-0.24 0.44 0.82 2.06 3.58 4.09
-0.23 0.46 0.81 -0.07 0.19 5.95
-0.17 0.45 0.82 -5.56 -4.88 3.62
-0.19 0.44 0.86 -5.74 8.90 0.31
-0.26 0.44 0.85 -4.54 6.51 2.89
-0.24 0.44 0.84 -4.59 -11.05 3.97
-0.18 0.46 0.82 -5.91 -8.91 12.88
-0.63 0.19 0.12 -24.57 249.99 -24.99
-1.59 0.38 2.00 27.42 -250.00 -115.53
-0.12 0.25 -0.09 -76.47 -63.26 -97.04
0.21 -0.14 0.13 -80.81 -61.88 -52.09
0.59 -0.98 0.74 249.99 -227.45 -33.84
1.21 0.56 -0.56 -41.14 88.83 87.11
0.12 0.34 -0.12 -35.66 249.99 45.50
-0.05 -0.06 -0.05 -20.79 249.99 15.03
-0.93 0.31 1.28 -80.42 -31.69 -112.53
-0.49 0.32 0.08 -74.93 -108.31 5.46
0.27 -0.12 0.02 -69.56 -147.32 39.11
-0.19 0.44 0.81 4.04 9.00 -1.01
-0.21 0.45 0.82 1.49 8.38 2.01
-0.22 0.45 0.86 -0.23 6.02 0.02
-0.20 0.44 0.84 1.28 -3.02 -3.14
-0.20 0.45 0.82 0.08 2.84 -0.92
-0.21 0.44 0.85 -2.36 5.23 -1.14
-0.22 0.43 0.84 0.16 -4.20 2.34
-0.19 0.46 0.79 1.05 7.22 1.55
-0.20 0.45 0.80 -0.34 6.17 2.62
-0.24 0.44 0.82 2.06 3.58 4.09
-0.23 0.46 0.81 -0.07 0.19 5.95
-0.17 0.45 0.82 -5.56 -4.88 3.62
-0.19 0.44 0.86 -5.74 8.90 0.31
-0.26 0.44 0.85 -4.54 6.51 2.89
-0.24 0.44 0.84 -4.59 -11.05 3.97
-0.18 0.46 0.82 -5.91 -8.91 12.88
1.04 0.08 1.39 -158.97 65.90 79.67
0.17 0.01 -0.41 -64.63 249.99 58.36
0.19 -0.34 0.54 -88.94 249.99 -8.13
-1.14 0.17 1.39 42.33 -72.70 -93.70
-0.22 0.45 0.15 -37.79 -185.04 10.57
0.53 0.14 0.07 5.85 -250.00 46.91
1.50 0.58 -0.23 47.13 -59.05 43.23
0.70 -0.16 0.78 -59.82 153.47 33.54
0.11 0.05 -0.30 -26.47 249.99 8.32
-0.09 -0.20 -0.01 -27.80 249.99 6.46
-0.19 0.44 0.81 4.04 9.00 -1.01
-0.21 0.45 0.82 1.49 8.38 2.01
-0.22 0.45 0.86 -0.23 6.02 0.02
-0.20 0.44 0.84 1.28 -3.02 -3.14
-0.20 0.45 0.82 0.08 2.84 -0.92
-0.21 0.44 0.85 -2.36 5.23 -1.14
-0.22 0.43 0.84 0.16 -4.20 2.34
-0.19 0.46 0.79 1.05 7.22 1.55
-0.20 0.45 0.80 -0.34 6.17 2.62
-0.24 0.44 0.82 2.06 3.58 4.09
-0.23 0.46 0.81 -0.07 0.19 5.95
-0.17 0.45 0.82 -5.56 -4.88 3.62
-0.19 0.44 0.86 -5.74 8.90 0.31
-0.26 0.44 0.85 -4.54 6.51 2.89
-0.24 0.44 0.84 -4.59 -11.05 3.97
-0.18 0.46 0.82 -5.91 -8.91 12.88
-0.24 0.17 0.25 -73.37 -107.91 -71.09
0.09 -0.09 -0.09 -97.37 -100.04 -55.50
0.71 -1.10 2.00 249.99 -250.00 -34.08
1.37 0.51 -0.00 -113.29 28.24 23.90
0.14 0.14 -0.24 -90.55 249.99 34.99
0.02 -0.38 0.51 -96.70 249.99 -7.93
-0.91 0.13 1.86 -22.48 -61.10 -139.51
-0.05 0.34 0.02 -25.84 -122.31 -88.60
0.48 0.16 -0.23 -18.06 -128.44 1.99
1.50 0.79 -0.41 104.84 -101.50 -34.40
0.62 0.12 -0.28 -30.20 241.33 -70.46
-0.19 0.44 0.81 4.04 9.00 -1.01
-0.21 0.45 0.82 1.49 8.38 2.01
-0.22 0.45 0.86 -0.23 6.02 0.02
-0.20 0.44 0.84 1.28 -3.02 -3.14
-0.20 0.45 0.82 0.08 2.84 -0.92
-0.21 0.44 0.85 -2.36 5.23 -1.14
-0.22 0.43 0.84 0.16 -4.20 2.34
-0.19 0.46 0.79 1.05 7.22 1.55
-0.20 0.45 0.80 -0.34 6.17 2.62
-0.24 0.44 0.82 2.06 3.58 4.09
-0.23 0.46 0.81 -0.07 0.19 5.95
-0.17 0.45 0.82 -5.56 -4.88 3.62
-0.19 0.44 0.86 -5.74 8.90 0.31
-0.26 0.44 0.85 -4.54 6.51 2.89
-0.24 0.44 0.84 -4.59 -11.05 3.97
-0.18 0.46 0.82 -5.91 -8.91 12.88
-0.44 0.48 2.00 -7.84 -78.50 -112.14
0.30 0.68 -0.41 -57.51 -140.51 -73.84
0.59 0.01 -0.31 -74.81 33.80 -96.89
0.65 -0.38 1.80 134.24 -250.00 -43.91
0.97 -0.20 0.30 -109.51 2.27 -37.93
0.02 -0.16 -0.17 -35.71 249.99 -97.13
-0.57 -0.47 2.00 249.99 -14.50 -126.39
0.26 -0.35 0.96 25.44 -9.99 -2.37
0.28 -0.27 0.99 9.28 -7.82 7.32
0.34 -0.19 0.87 13.67 -10.70 -4.60
0.27 -0.22 0.89 5.36 10.15 8.08
0.25 -0.23 0.87 1.37 4.91 9.65
0.26 -0.24 0.97 -2.93 -9.13 3.39
0.29 -0.16 0.85 -17.72 0.77 7.87
0.30 -0.34 0.93 -3.10 3.28 0.11
0.29 -0.24 0.79 12.69 14.67 3.56
0.27 -0.20 0.93 2.78 -4.46 -3.29
0.24 -0.21 0.94 -4.02 2.07 -2.85
0.31 -0.22 0.78 -21.00 -2.03 -4.80
0.29 -0.42 0.98 0.81 13.67 -1.32
0.28 -0.21 0.87 -3.04 11.73 -4.94
0.16 -0.30 -0.13 -79.39 183.86 19.27
-0.17 -0.84 1.84 166.87 9.13 -87.70
-0.50 0.27 2.00 -37.83 -114.68 -63.75
0.15 0.42 0.27 -60.78 -196.49 77.42
0.43 0.04 0.00 -37.09 -77.15 74.03
0.79 -0.66 1.27 249.99 -7.97 -30.88
0.06 0.13 1.82 -5.71 -46.78 24.96
0.69 0.32 0.64 -76.05 28.88 9.43
0.21 0.03 -0.03 -15.66 126.19 8.26
0.08 -0.56 1.16 49.95 140.66 -25.00
0.19 -0.36 0.95 10.46 17.97 -0.77
0.20 -0.19 0.83 -9.67 10.49 6.39
0.26 -0.35 0.96 25.44 -9.99 -2.37
0.28 -0.27 0.99 9.28 -7.82 7.32
0.34 -0.19 0.87 13.67 -10.70 -4.60
0.27 -0.22 0.89 5.36 10.15 8.08
0.25 -0.23 0.87 1.37 4.91 9.65
0.26 -0.24 0.97 -2.93 -9.13 3.39
0.29 -0.16 0.85 -17.72 0.77 7.87
0.30 -0.34 0.93 -3.10 3.28 0.11
0.29 -0.24 0.79 12.69 14.67 3.56
0.27 -0.20 0.93 2.78 -4.46 -3.29
0.24 -0.21 0.94 -4.02 2.07 -2.85
0.31 -0.22 0.78 -21.00 -2.03 -4.80
0.29 -0.42 0.98 0.81 13.67 -1.32
0.28 -0.21 0.87 -3.04 11.73 -4.94
0.22 0.36 1.15 -73.08 -212.33 49.96
0.51 0.27 -0.13 -37.64 -76.23 34.05
0.53 -0.28 0.79 69.90 50.62 -19.62
0.34 -0.08 2.00 22.65 111.08 -18.52
0.57 0.30 0.91 -86.05 -39.57 -18.55
0.11 0.13 0.29 -16.72 119.03 9.57
-0.19 -0.37 0.56 39.18 144.38 -2.98
-0.71 -0.14 2.00 21.13 -65.91 -79.49
0.52 0.57 1.15 -16.82 -250.00 -66.08
0.62 0.30 -0.29 -39.00 11.22 16.37
0.48 -0.21 0.36 2.72 51.29 -34.61
0.68 0.05 1.52 55.69 16.90 51.41
0.19 -0.36 0.95 10.46 17.97 -0.77
0.20 -0.19 0.83 -9.67 10.49 6.39
0.26 -0.35 0.96 25.44 -9.99 -2.37
0.28 -0.27 0.99 9.28 -7.82 7.32
0.34 -0.19 0.87 13.67 -10.70 -4.60
0.27 -0.22 0.89 5.36 10.15 8.08
0.25 -0.23 0.87 1.37 4.91 9.65
0.26 -0.24 0.97 -2.93 -9.13 3.39
0.29 -0.16 0.85 -17.72 0.77 7.87
0.30 -0.34 0.93 -3.10 3.28 0.11
0.29 -0.24 0.79 12.69 14.67 3.56
0.27 -0.20 0.93 2.78 -4.46 -3.29
0.24 -0.21 0.94 -4.02 2.07 -2.85
0.31 -0.22 0.78 -21.00 -2.03 -4.80
0.29 -0.42 0.98 0.81 13.67 -1.32
0.28 -0.21 0.87 -3.04 11.73 -4.94
0.42 0.35 1.48 -102.95 -25.38 -52.02
0.18 0.21 0.57 -106.79 129.66 -11.66
-0.01 -0.21 0.13 -36.12 142.79 -76.86
-0.63 -0.43 1.79 229.18 7.34 -84.75
0.14 0.45 1.62 37.52 -250.00 -95.54
0.65 0.51 -0.03 -83.79 -64.13 12.33
0.63 -0.10 0.23 -49.57 23.86 -35.27
0.78 0.01 1.20 55.54 121.77 -67.10
0.40 0.07 1.27 -93.55 5.80 -44.62
0.14 0.08 0.46 -86.18 168.20 -30.33
-0.15 -0.15 0.13 -3.88 196.09 -60.24
0.20 -0.19 0.83 -9.67 10.49 6.39
0.26 -0.35 0.96 25.44 -9.99 -2.37
0.28 -0.27 0.99 9.28 -7.82 7.32
0.34 -0.19 0.87 13.67 -10.70 -4.60
0.27 -0.22 0.89 5.36 10.15 8.08
0.25 -0.23 0.87 1.37 4.91 9.65
0.26 -0.24 0.97 -2.93 -9.13 3.39
0.29 -0.16 0.85 -17.72 0.77 7.87
0.30 -0.34 0.93 -3.10 3.28 0.11
0.29 -0.24 0.79 12.69 14.67 3.56
0.27 -0.20 0.93 2.78 -4.46 -3.29
0.24 -0.21 0.94 -4.02 2.07 -2.85
0.31 -0.22 0.78 -21.00 -2.03 -4.80
0.29 -0.42 0.98 0.81 13.67 -1.32
0.28 -0.21 0.87 -3.04 11.73 -4.94
0.07 0.62 1.52 -14.53 -250.00 -75.03
0.58 0.31 -0.26 -43.85 -30.82 -1.97
0.57 -0.25 0.89 21.58 58.44 -37.03
0.83 -0.09 1.78 -40.58 112.54 -63.95
0.29 0.18 0.33 -105.03 110.97 -71.42
-0.06 0.01 -0.01 -29.88 171.49 -55.18
-0.54 -0.51 2.00 233.17 27.46 -67.80
-0.27 0.27 1.88 23.32 -183.52 -76.18
0.32 0.36 -0.13 -11.67 -110.50 28.24
0.61 -0.05 0.45 23.42 -16.00 -0.68
0.74 0.23 1.90 -64.70 14.96 -36.03
0.20 -0.19 0.83 -9.67 10.49 6.39
0.26 -0.35 0.96 25.44 -9.99 -2.37
0.28 -0.27 0.99 9.28 -7.82 7.32
0.34 -0.19 0.87 13.67 -10.70 -4.60
0.27 -0.22 0.89 5.36 10.15 8.08
0.25 -0.23 0.87 1.37 4.91 9.65
0.26 -0.24 0.97 -2.93 -9.13 3.39
0.29 -0.16 0.85 -17.72 0.77 7.87
0.30 -0.34 0.93 -3.10 3.28 0.11
0.29 -0.24 0.79 12.69 14.67 3.56
0.27 -0.20 0.93 2.78 -4.46 -3.29
0.24 -0.21 0.94 -4.02 2.07 -2.85
0.31 -0.22 0.78 -21.00 -2.03 -4.80
0.29 -0.42 0.98 0.81 13.67 -1.32
0.28 -0.21 0.87 -3.04 11.73 -4.94
0.21 -0.11 -0.27 -24.89 157.26 -0.16
-0.12 -0.50 1.98 75.51 163.59 -71.37
-1.03 0.36 2.00 -40.50 -113.09 -69.64
0.13 0.25 0.16 -5.25 -215.02 23.70
0.58 0.15 -0.30 6.52 -126.84 7.50
1.44 0.38 0.78 -19.49 56.69 14.71
0.30 0.00 0.36 -79.25 157.81 31.49
0.01 -0.06 -0.30 -60.89 249.99 18.36
-0.90 -0.59 2.00 207.64 -51.04 -37.81
-0.83 0.31 1.36 -63.38 -162.20 -36.50
0.15 0.11 -0.16 29.07 -211.49 24.00 
0.20 -0.19 0.83 -9.67 10.49 6.39
0.26 -0.35 0.96 25.44 -9.99 -2.37
0.28 -0.27 0.99 9.28 -7.82 7.32
0.34 -0.19 0.87 13.67 -10.70 -4.60
0.27 -0.22 0.89 5.36 10.15 8.08
0.25 -0.23 0.87 1.37 4.91 9.65
0.26 -0.24 0.97 -2.93 -9.13 3.39
0.29 -0.16 0.85 -17.72 0.77 7.87
0.30 -0.34 0.93 -3.10 3.28 0.11
0.29 -0.24 0.79 12.69 14.67 3.56
0.27 -0.20 0.93 2.78 -4.46 -3.29
0.24 -0.21 0.94 -4.02 2.07 -2.85
0.31 -0.22 0.78 -21.00 -2.03 -4.80
0.29 -0.42 0.98 0.81 13.67 -1.32
0.28 -0.21 0.87 -3.04 11.73 -4.94
0.82 -0.15 2.00 164.83 -248.52 20.37
0.68 0.05 1.45 -47.84 7.42 53.13
0.32 0.02 -0.17 -38.54 224.66 6.57
-0.08 -0.24 0.23 -21.53 249.99 -15.24
-1.44 0.42 2.00 -90.51 67.82 -104.45
0.15 0.11 -0.16 29.07 -211.49 24.00 
0.20 -0.19 0.83 -9.67 10.49 6.39
0.26 -0.35 0.96 25.44 -9.99 -2.37
0.28 -0.27 0.99 9.28 -7.82 7.32
0.34 -0.19 0.87 13.67 -10.70 -4.60
0.27 -0.22 0.89 5.36 10.15 8.08
0.25 -0.23 0.87 1.37 4.91 9.65
0.26 -0.24 0.97 -2.93 -9.13 3.39
0.29 -0.16 0.85 -17.72 0.77 7.87
0.30 -0.34 0.93 -3.10 3.28 0.11
0.29 -0.24 0.79 12.69 14.67 3.56
0.27 -0.20 0.93 2.78 -4.46 -3.29
0.24 -0.21 0.94 -4.02 2.07 -2.85
0.31 -0.22 0.78 -21.00 -2.03 -4.80
0.29 -0.42 0.98 0.81 13.67 -1.32
0.28 -0.21 0.87 -3.04 11.73 -4.94
0.82 -0.15 2.00 164.83 -248.52 20.37
0.68 0.05 1.45 -47.84 7.42 53.13
0.32 0.02 -0.17 -38.54 224.66 6.57
-0.08 -0.24 0.23 -21.53 249.99 -15.24
-1.44 0.42 2.00 -90.51 67.82 -104.45
-0.04 0.18 0.29 -0.70 -188.32 -11.06
0.42 0.05 -0.18 5.65 -170.26 16.31
1.41 0.59 0.66 25.00 -52.70 19.21
0.77 0.09 0.24 -68.01 110.43 16.99
0.04 0.01 -0.27 -51.64 249.99 -1.07
-0.93 -0.63 2.00 241.25 10.00 -24.09
0.20 -0.19 0.83 -9.67 10.49 6.39
0.26 -0.35 0.96 25.44 -9.99 -2.37
0.28 -0.27 0.99 9.28 -7.82 7.32
0.34 -0.19 0.87 13.67 -10.70 -4.60
0.27 -0.22 0.89 5.36 10.15 8.08
0.25 -0.23 0.87 1.37 4.91 9.65
0.26 -0.24 0.97 -2.93 -9.13 3.39
0.29 -0.16 0.85 -17.72 0.77 7.87
0.30 -0.34 0.93 -3.10 3.28 0.11
0.29 -0.24 0.79 12.69 14.67 3.56
0.27 -0.20 0.93 2.78 -4.46 -3.29
0.24 -0.21 0.94 -4.02 2.07 -2.85
0.31 -0.22 0.78 -21.00 -2.03 -4.80
0.29 -0.42 0.98 0.81 13.67 -1.32
0.28 -0.21 0.87 -3.04 11.73 -4.94
0.18 0.09 -0.27 12.39 -186.12 25.74
0.87 -0.19 2.00 147.35 -250.00 15.05
1.01 0.04 1.20 -84.60 29.27 62.26
0.21 0.03 -0.37 -47.55 249.99 -7.51
-0.10 -0.35 1.96 5.36 249.99 -29.70
-1.20 0.35 1.91 -79.99 -60.27 -145.96
-0.05 0.09 -0.13 18.05 -186.67 19.03
0.58 0.08 0.09 16.56 -173.01 42.49
1.03 0.38 1.46 -143.65 61.84 43.71
0.44 -0.04 -0.28 -33.49 242.33 2.58
0.03 -0.35 0.25 -50.74 249.99 -27.95
-1.62 0.18 2.00 -71.948 -180.566 0.95 
0.20 -0.19 0.83 -9.67 10.49 6.39
0.26 -0.35 0.96 25.44 -9.99 -2.37
0.28 -0.27 0.99 9.28 -7.82 7.32
0.34 -0.19 0.87 13.67 -10.70 -4.60
0.27 -0.22 0.89 5.36 10.15 8.08
0.25 -0.23 0.87 1.37 4.91 9.65
0.26 -0.24 0.97 -2.93 -9.13 3.39
0.29 -0.16 0.85 -17.72 0.77 7.87
0.30 -0.34 0.93 -3.10 3.28 0.11
0.29 -0.24 0.79 12.69 14.67 3.56
0.27 -0.20 0.93 2.78 -4.46 -3.29
0.24 -0.21 0.94 -4.02 2.07 -2.85
0.31 -0.22 0.78 -21.00 -2.03 -4.80
0.29 -0.42 0.98 0.81 13.67 -1.32
0.28 -0.21 0.87 -3.04 11.73 -4.94
-0.23 0.20 0.14 -18.59 -195.84 25.60
0.59 0.02 -0.20 -4.17 -224.74 46.49
1.29 0.64 0.80 -95.66 81.92 24.77
0.50 0.08 -0.27 -42.30 189.78 27.53
0.02 -0.25 -0.03 -58.30 249.99 -9.57
-1.74 0.04 2.00 -42.82 193.99 -167.76
-0.30 0.27 0.26 0.65 -250.00 25.76
0.54 0.04 -0.32 23.95 -242.69 40.81
1.46 0.58 0.20 -115.71 -23.27 22.76
0.45 0.05 -0.41 -100.14 237.31 74.81
0.04 -0.71 1.93 -21.43 242.71 -4.33
0.20 -0.19 0.83 -9.67 10.49 6.39
0.26 -0.35 0.96 25.44 -9.99 -2.37
0.28 -0.27 0.99 9.28 -7.82 7.32
0.34 -0.19 0.87 13.67 -10.70 -4.60
0.27 -0.22 0.89 5.36 10.15 8.08
0.25 -0.23 0.87 1.37 4.91 9.65
0.26 -0.24 0.97 -2.93 -9.13 3.39
0.29 -0.16 0.85 -17.72 0.77 7.87
0.30 -0.34 0.93 -3.10 3.28 0.11
0.29 -0.24 0.79 12.69 14.67 3.56
0.27 -0.20 0.93 2.78 -4.46 -3.29
0.24 -0.21 0.94 -4.02 2.07 -2.85
0.31 -0.22 0.78 -21.00 -2.03 -4.80
0.29 -0.42 0.98 0.81 13.67 -1.32
0.28 -0.21 0.87 -3.04 11.73 -4.94
-0.57 -0.01 0.36 -63.63 -85.77 108.76
0.32 -0.18 0.63 38.82 -250.00 68.11
1.18 1.39 0.70 -136.60 -176.48 71.75
0.53 -0.07 -0.22 -51.42 160.34 58.36
-0.08 -0.77 2.00 83.33 240.23 -39.07
-1.29 -0.19 1.68 18.72 132.06 -65.82
-0.50 -0.03 0.29 -69.22 -192.07 153.67
0.31 -0.75 1.68 211.71 -250.00 110.32
0.69 0.47 0.70 -183.56 -13.70 108.45
0.18 -0.10 -0.25 -118.10 232.16 19.71
0.20 -0.19 0.83 -9.67 10.49 6.39
0.26 -0.35 0.96 25.44 -9.99 -2.37
0.28 -0.27 0.99 9.28 -7.82 7.32
0.34 -0.19 0.87 13.67 -10.70 -4.60
0.27 -0.22 0.89 5.36 10.15 8.08
0.25 -0.23 0.87 1.37 4.91 9.65
0.26 -0.24 0.97 -2.93 -9.13 3.39
0.29 -0.16 0.85 -17.72 0.77 7.87
0.30 -0.34 0.93 -3.10 3.28 0.11
0.29 -0.24 0.79 12.69 14.67 3.56
0.27 -0.20 0.93 2.78 -4.46 -3.29
0.24 -0.21 0.94 -4.02 2.07 -2.85
0.31 -0.22 0.78 -21.00 -2.03 -4.80
0.29 -0.42 0.98 0.81 13.67 -1.32
0.28 -0.21 0.87 -3.04 11.73 -4.94
-0.89 -0.79 1.63 -36.02 -26.27 -113.01
-0.07 0.23 0.26 -34.65 -250.00 -31.39
0.70 0.23 -0.41 48.76 -99.27 62.42
0.95 0.74 0.42 128.13 -29.37 25.76
0.54 -0.05 0.67 -45.87 76.73 -13.47
0.10 -0.01 -0.26 13.75 249.99 -59.95
-1.08 -0.40 2.00 212.04 10.92 -104.52
-0.52 0.24 1.23 -50.51 -208.05 -89.76
0.13 0.16 -0.08 -14.13 -139.52 32.26
0.71 -0.24 1.57 85.88 -137.89 19.65
0.67 0.04 1.85 -100.09 87.65 0.89
0.20 -0.19 0.83 -9.67 10.49 6.39
0.26 -0.35 0.96 25.44 -9.99 -2.37
0.28 -0.27 0.99 9.28 -7.82 7.32
0.34 -0.19 0.87 13.67 -10.70 -4.60
0.27 -0.22 0.89 5.36 10.15 8.08
0.25 -0.23 0.87 1.37 4.91 9.65
0.26 -0.24 0.97 -2.93 -9.13 3.39
0.29 -0.16 0.85 -17.72 0.77 7.87
0.30 -0.34 0.93 -3.10 3.28 0.11
0.29 -0.24 0.79 12.69 14.67 3.56
0.27 -0.20 0.93 2.78 -4.46 -3.29
0.24 -0.21 0.94 -4.02 2.07 -2.85
0.31 -0.22 0.78 -21.00 -2.03 -4.80
0.29 -0.42 0.98 0.81 13.67 -1.32
0.28 -0.21 0.87 -3.04 11.73 -4.94
-0.12 -0.11 0.03 -14.49 249.99 -2.66
-1.28 0.16 1.80 -25.02 162.13 -91.49
-0.24 0.30 0.47 -24.14 -205.47 12.25
0.34 0.02 -0.16 -14.42 -150.19 37.91
1.36 0.30 1.05 151.05 -21.06 -8.71
0.62 -0.02 0.58 -66.50 53.36 20.52
0.08 0.04 -0.32 -42.18 249.99 1.95
0.25 -0.23 0.87 1.37 4.91 9.65
0.26 -0.24 0.97 -2.93 -9.13 3.39
0.29 -0.16 0.85 -17.72 0.77 7.87
0.30 -0.34 0.93 -3.10 3.28 0.11
0.29 -0.24 0.79 12.69 14.67 3.56
0.27 -0.20 0.93 2.78 -4.46 -3.29
0.24 -0.21 0.94 -4.02 2.07 -2.85
0.31 -0.22 0.78 -21.00 -2.03 -4.80
0.29 -0.42 0.98 0.81 13.67 -1.32
0.28 -0.21 0.87 -3.04 11.73 -4.94
-0.89 -0.79 1.63 -36.02 -26.27 -113.01
-0.07 0.23 0.26 -34.65 -250.00 -31.39
0.70 0.23 -0.41 48.76 -99.27 62.42
0.95 0.74 0.42 128.13 -29.37 25.76
0.54 -0.05 0.67 -45.87 76.73 -13.47
0.10 -0.01 -0.26 13.75 249.99 -59.95
-1.08 -0.40 2.00 212.04 10.92 -104.52
-0.52 0.24 1.23 -50.51 -208.05 -89.76
0.13 0.16 -0.08 -14.13 -139.52 32.26
0.71 -0.24 1.57 85.88 -137.89 19.65
0.67 0.04 1.85 -100.09 87.65 0.89
0.20 -0.19 0.83 -9.67 10.49 6.39
0.26 -0.35 0.96 25.44 -9.99 -2.37
0.28 -0.27 0.99 9.28 -7.82 7.32
0.34 -0.19 0.87 13.67 -10.70 -4.60
0.27 -0.22 0.89 5.36 10.15 8.08
0.25 -0.23 0.87 1.37 4.91 9.65
0.26 -0.24 0.97 -2.93 -9.13 3.39
0.29 -0.16 0.85 -17.72 0.77 7.87
0.30 -0.34 0.93 -3.10 3.28 0.11
0.29 -0.24 0.79 12.69 14.67 3.56
0.27 -0.20 0.93 2.78 -4.46 -3.29
0.24 -0.21 0.94 -4.02 2.07 -2.85
0.31 -0.22 0.78 -21.00 -2.03 -4.80
0.29 -0.42 0.98 0.81 13.67 -1.32
0.28 -0.21 0.87 -3.04 11.73 -4.94
-0.12 -0.11 0.03 -14.49 249.99 -2.66
-1.28 0.16 1.80 -25.02 162.13 -91.49
-0.24 0.30 0.47 -24.14 -205.47 12.25
0.34 0.02 -0.16 -14.42 -150.19 37.91
1.36 0.30 1.05 151.05 -21.06 -8.71
0.62 -0.02 0.58 -66.50 53.36 20.52
0.08 0.04 -0.32 -42.18 249.99 1.95
-0.22 -0.45 1.90 59.74 164.51 -13.55
-1.24 0.44 2.00 -65.95 -116.13 -109.41
0.07 0.17 -0.17 -13.45 -245.21 39.79
0.20 -0.19 0.83 -9.67 10.49 6.39
0.26 -0.35 0.96 25.44 -9.99 -2.37
0.28 -0.27 0.99 9.28 -7.82 7.32
0.34 -0.19 0.87 13.67 -10.70 -4.60
0.27 -0.22 0.89 5.36 10.15 8.08
0.25 -0.23 0.87 1.37 4.91 9.65
0.26 -0.24 0.97 -2.93 -9.13 3.39
0.29 -0.16 0.85 -17.72 0.77 7.87
0.30 -0.34 0.93 -3.10 3.28 0.11
0.29 -0.24 0.79 12.69 14.67 3.56
0.27 -0.20 0.93 2.78 -4.46 -3.29
0.24 -0.21 0.94 -4.02 2.07 -2.85
0.31 -0.22 0.78 -21.00 -2.03 -4.80
0.29 -0.42 0.98 0.81 13.67 -1.32
0.28 -0.21 0.87 -3.04 11.73 -4.94
0.95 0.40 1.46 -125.72 6.96 -15.98
0.40 0.03 0.15 -67.62 156.26 1.30
-0.03 -0.21 -0.18 -81.12 249.99 5.82
-0.88 -0.92 1.29 249.99 194.37 -38.58
-0.46 0.30 0.78 -6.13 -250.00 -34.77
0.43 0.09 -0.39 19.26 -246.60 36.22
1.60 0.32 1.59 153.85 -21.05 -29.25
0.52 0.14 0.63 -71.77 136.59 -7.75
-0.03 0.03 -0.29 -62.74 249.99 -4.43
-0.82 -0.63 2.00 201.32 27.77 1.92
-1.14 0.31 1.32 -76.71 -156.39 -73.26
0.20 -0.19 0.83 -9.67 10.49 6.39
0.26 -0.35 0.96 25.44 -9.99 -2.37
0.28 -0.27 0.99 9.28 -7.82 7.32
0.34 -0.19 0.87 13.67 -10.70 -4.60
0.27 -0.22 0.89 5.36 10.15 8.08
0.25 -0.23 0.87 1.37 4.91 9.65
0.26 -0.24 0.97 -2.93 -9.13 3.39
0.29 -0.16 0.85 -17.72 0.77 7.87
0.30 -0.34 0.93 -3.10 3.28 0.11
0.29 -0.24 0.79 12.69 14.67 3.56
0.27 -0.20 0.93 2.78 -4.46 -3.29
0.24 -0.21 0.94 -4.02 2.07 -2.85
0.31 -0.22 0.78 -21.00 -2.03 -4.80
0.29 -0.42 0.98 0.81 13.67 -1.32
0.28 -0.21 0.87 -3.04 11.73 -4.94
0.82 -0.04 1.90 107.15 -250.00 4.20
0.45 0.18 2.00 -88.94 69.66 71.66
0.30 -0.01 -0.16 -50.32 203.47 30.58
0.03 -0.25 -0.02 -74.39 249.99 12.12
-1.53 0.07 1.81 -65.79 205.23 -96.32
-0.28 0.16 0.44 -38.20 -208.92 40.23
0.50 -0.10 -0.10 -10.86 -222.91 28.90
1.13 1.13 0.58 52.99 2.78 28.85
0.55 0.07 0.18 -67.09 121.80 70.46
-0.03 -0.05 -0.27 -64.62 249.99 37.35
-0.83 -0.65 1.18 249.99 107.32 -1.67
0.20 -0.19 0.83 -9.67 10.49 6.39
0.26 -0.35 0.96 25.44 -9.99 -2.37
0.28 -0.27 0.99 9.28 -7.82 7.32
0.34 -0.19 0.87 13.67 -10.70 -4.60
0.27 -0.22 0.89 5.36 10.15 8.08
0.25 -0.23 0.87 1.37 4.91 9.65
0.26 -0.24 0.97 -2.93 -9.13 3.39
0.29 -0.16 0.85 -17.72 0.77 7.87
0.30 -0.34 0.93 -3.10 3.28 0.11
0.29 -0.24 0.79 12.69 14.67 3.56
0.27 -0.20 0.93 2.78 -4.46 -3.29
0.24 -0.21 0.94 -4.02 2.07 -2.85
0.31 -0.22 0.78 -21.00 -2.03 -4.80
0.29 -0.42 0.98 0.81 13.67 -1.32
0.28 -0.21 0.87 -3.04 11.73 -4.94
0.28 0.04 -0.28 4.93 -231.98 51.90
0.79 -0.53 2.00 249.99 -250.00 -6.81
0.72 0.05 0.87 -72.67 50.46 68.31
0.11 0.03 -0.35 -49.62 249.99 20.04
-0.27 -0.45 1.83 8.48 249.99 2.62
-1.82 0.36 2.00 -84.60 20.92 -84.09
-0.02 0.16 0.01 -17.38 -250.00 66.79
0.74 -0.12 0.22 0.82 -248.24 18.68
0.86 0.59 2.00 -99.14 63.75 1.05
0.43 0.09 0.05 -60.68 150.60 34.93
-0.03 -0.15 -0.27 -84.30 249.99 21.06
0.20 -0.19 0.83 -9.67 10.49 6.39
0.26 -0.35 0.96 25.44 -9.99 -2.37
0.28 -0.27 0.99 9.28 -7.82 7.32
0.34 -0.19 0.87 13.67 -10.70 -4.60
0.27 -0.22 0.89 5.36 10.15 8.08
0.25 -0.23 0.87 1.37 4.91 9.65
0.26 -0.24 0.97 -2.93 -9.13 3.39
0.29 -0.16 0.85 -17.72 0.77 7.87
0.30 -0.34 0.93 -3.10 3.28 0.11
0.29 -0.24 0.79 12.69 14.67 3.56
0.27 -0.20 0.93 2.78 -4.46 -3.29
0.24 -0.21 0.94 -4.02 2.07 -2.85
0.31 -0.22 0.78 -21.00 -2.03 -4.80
0.29 -0.42 0.98 0.81 13.67 -1.32
0.28 -0.21 0.87 -3.04 11.73 -4.94
-0.65 0.26 0.65 -41.99 -250.00 55.24
0.43 -0.04 -0.15 -6.41 -250.00 61.95
1.59 0.40 0.69 115.68 -15.37 -68.24
0.80 0.03 0.23 -67.02 104.42 35.15
0.05 -0.02 -0.33 -54.54 249.99 6.18
-1.08 -0.90 2.00 204.97 178.50 28.75
-1.57 0.55 1.08 -65.12 -193.70 -2.04
0.25 0.12 -0.17 -53.43 -250.00 91.76
1.24 -0.69 1.82 213.07 -136.59 -43.90
0.29 0.32 1.51 -122.44 15.91 21.69
0.20 -0.19 0.83 -9.67 10.49 6.39
0.26 -0.35 0.96 25.44 -9.99 -2.37
0.26 -0.24 0.97 -2.93 -9.13 3.39
0.29 -0.16 0.85 -17.72 0.77 7.87
0.30 -0.34 0.93 -3.10 3.28 0.11
0.29 -0.24 0.79 12.69 14.67 3.56
0.27 -0.20 0.93 2.78 -4.46 -3.29
0.24 -0.21 0.94 -4.02 2.07 -2.85
0.31 -0.22 0.78 -21.00 -2.03 -4.80
0.29 -0.42 0.98 0.81 13.67 -1.32
0.28 -0.21 0.87 -3.04 11.73 -4.94
-0.65 0.26 0.65 -41.99 -250.00 55.24
0.43 -0.04 -0.15 -6.41 -250.00 61.95
1.59 0.40 0.69 115.68 -15.37 -68.24
0.80 0.03 0.23 -67.02 104.42 35.15
0.05 -0.02 -0.33 -54.54 249.99 6.18
-1.08 -0.90 2.00 204.97 178.50 28.75
-1.57 0.55 1.08 -65.12 -193.70 -2.04
0.25 0.12 -0.17 -53.43 -250.00 91.76
1.24 -0.69 1.82 213.07 -136.59 -43.90
0.29 0.32 1.51 -122.44 15.91 21.69
0.20 -0.19 0.83 -9.67 10.49 6.39
0.26 -0.35 0.96 25.44 -9.99 -2.37
0.28 -0.27 0.99 9.28 -7.82 7.32
0.34 -0.19 0.87 13.67 -10.70 -4.60
0.27 -0.22 0.89 5.36 10.15 8.08
0.25 -0.23 0.87 1.37 4.91 9.65
0.26 -0.24 0.97 -2.93 -9.13 3.39
0.29 -0.16 0.85 -17.72 0.77 7.87
0.30 -0.34 0.93 -3.10 3.28 0.11
0.29 -0.24 0.79 12.69 14.67 3.56
0.27 -0.20 0.93 2.78 -4.46 -3.29
0.24 -0.21 0.94 -4.02 2.07 -2.85
0.31 -0.22 0.78 -21.00 -2.03 -4.80
0.29 -0.42 0.98 0.81 13.67 -1.32
0.28 -0.21 0.87 -3.04 11.73 -4.94
-0.06 -0.20 -0.16 -97.41 249.99 9.81
-1.20 -0.88 1.24 186.71 249.38 -50.46
-0.55 0.24 0.74 -11.55 -250.00 34.38
0.47 0.01 -0.33 -10.70 -239.58 59.56
1.48 0.22 0.81 200.28 -28.90 -50.48
0.27 0.09 0.84 -67.34 40.78 12.12
0.21 0.01 -0.23 -63.80 137.05 13.87
-0.00 -0.39 0.96 -37.76 181.05 0.96
-1.52 0.10 2.00 -43.40 141.39 -142.20
-0.11 0.21 0.45 -6.14 -250.00 16.40
0.49 0.10 -0.43 -32.74 -211.40 37.39
0.20 -0.19 0.83 -9.67 10.49 6.39
0.26 -0.35 0.96 25.44 -9.99 -2.37
0.28 -0.27 0.99 9.28 -7.82 7.32
0.34 -0.19 0.87 13.67 -10.70 -4.60
0.27 -0.22 0.89 5.36 10.15 8.08
0.25 -0.23 0.87 1.37 4.91 9.65
0.26 -0.24 0.97 -2.93 -9.13 3.39
0.29 -0.16 0.85 -17.72 0.77 7.87
0.30 -0.34 0.93 -3.10 3.28 0.11
0.29 -0.24 0.79 12.69 14.67 3.56
0.27 -0.20 0.93 2.78 -4.46 -3.29
0.24 -0.21 0.94 -4.02 2.07 -2.85
0.31 -0.22 0.78 -21.00 -2.03 -4.80
0.29 -0.42 0.98 0.81 13.67 -1.32
0.28 -0.21 0.87 -3.04 11.73 -4.94
0.76 0.04 0.61 -92.85 19.50 17.45
0.21 0.02 -0.21 -74.91 209.53 -6.54
-0.35 -0.62 2.00 67.34 195.77 15.12
-1.45 0.22 2.00 -25.10 41.54 -185.98
-0.16 0.34 0.60 2.94 -250.00 24.43
0.46 0.08 -0.58 -28.31 -161.52 53.81
1.21 0.13 0.93 231.96 -9.03 -81.44
0.76 0.06 1.08 -91.96 17.98 27.35
0.27 0.06 -0.13 -69.92 161.25 -16.44
-0.08 -0.42 1.71 19.39 186.33 -14.40
-1.17 0.35 2.00 -43.66 154.21 -197.28
0.20 -0.19 0.83 -9.67 10.49 6.39
0.26 -0.35 0.96 25.44 -9.99 -2.37
0.28 -0.27 0.99 9.28 -7.82 7.32
0.34 -0.19 0.87 13.67 -10.70 -4.60
0.27 -0.22 0.89 5.36 10.15 8.08
0.25 -0.23 0.87 1.37 4.91 9.65
0.26 -0.24 0.97 -2.93 -9.13 3.39
0.29 -0.16 0.85 -17.72 0.77 7.87
0.30 -0.34 0.93 -3.10 3.28 0.11
0.29 -0.24 0.79 12.69 14.67 3.56
0.27 -0.20 0.93 2.78 -4.46 -3.29
0.24 -0.21 0.94 -4.02 2.07 -2.85
0.31 -0.22 0.78 -21.00 -2.03 -4.80
0.29 -0.42 0.98 0.81 13.67 -1.32
0.28 -0.21 0.87 -3.04 11.73 -4.94
0.36 -0.08 -0.10 -44.35 -133.01 60.23
0.86 0.09 1.12 178.49 -134.99 -63.58
0.90 0.05 1.10 -102.94 24.99 39.53
0.24 0.10 0.08 -90.69 146.52 -13.85
-0.19 -0.60 2.00 120.97 171.74 -11.86
-1.20 0.20 1.97 -15.82 -22.93 -142.95
0.02 0.32 0.43 -24.45 -226.38 1.01
0.51 0.05 0.05 -2.54 -117.52 62.13
0.99 0.01 0.63 95.44 2.49 -29.81
0.77 0.00 1.30 -84.56 40.41 -6.65
0.30 0.25 0.39 -63.10 133.76 -50.73
0.20 -0.19 0.83 -9.67 10.49 6.39
0.26 -0.35 0.96 25.44 -9.99 -2.37
0.28 -0.27 0.99 9.28 -7.82 7.32
0.34 -0.19 0.87 13.67 -10.70 -4.60
0.27 -0.22 0.89 5.36 10.15 8.08
0.25 -0.23 0.87 1.37 4.91 9.65
0.26 -0.24 0.97 -2.93 -9.13 3.39
0.29 -0.16 0.85 -17.72 0.77 7.87
0.30 -0.34 0.93 -3.10 3.28 0.11
0.29 -0.24 0.79 12.69 14.67 3.56
0.27 -0.20 0.93 2.78 -4.46 -3.29
0.24 -0.21 0.94 -4.02 2.07 -2.85
0.31 -0.22 0.78 -21.00 -2.03 -4.80
0.29 -0.42 0.98 0.81 13.67 -1.32
0.28 -0.21 0.87 -3.04 11.73 -4.94
-0.81 -0.10 1.77 13.02 249.99 -142.85
-0.24 0.59 0.84 -73.56 -250.00 -9.79
0.33 0.16 -0.38 -70.03 -125.50 42.99
1.04 -0.43 0.89 184.52 -65.86 -73.43
1.35 -0.16 1.10 -69.79 -9.17 -18.00
0.49 0.17 0.34 -104.72 162.70 -96.24
-0.00 -0.13 0.04 -43.07 249.99 -68.57
-0.83 -0.07 1.81 51.03 148.00 -166.66
-0.01 0.41 0.54 -24.11 -250.00 -98.56
0.54 0.21 -0.57 -68.34 -141.40 17.23
0.20 -0.19 0.83 -9.67 10.49 6.39
0.26 -0.35 0.96 25.44 -9.99 -2.37
0.28 -0.27 0.99 9.28 -7.82 7.32
0.34 -0.19 0.87 13.67 -10.70 -4.60
0.27 -0.22 0.89 5.36 10.15 8.08
0.25 -0.23 0.87 1.37 4.91 9.65
0.26 -0.24 0.97 -2.93 -9.13 3.39
0.29 -0.16 0.85 -17.72 0.77 7.87
0.30 -0.34 0.93 -3.10 3.28 0.11
0.29 -0.24 0.79 12.69 14.67 3.56
0.27 -0.20 0.93 2.78 -4.46 -3.29
0.24 -0.21 0.94 -4.02 2.07 -2.85
0.31 -0.22 0.78 -21.00 -2.03 -4.80
0.29 -0.42 0.98 0.81 13.67 -1.32
0.28 -0.21 0.87 -3.04 11.73 -4.94
1.08 -0.20 1.10 -58.17 -0.94 -41.82
0.24 0.16 0.10 -62.81 189.13 -95.57
-0.17 -0.15 0.45 -1.60 249.99 -26.50
-1.27 0.52 2.00 -12.77 -59.01 -151.60
0.19 0.40 -0.07 -29.88 -250.00 -43.39
0.57 0.07 -0.23 -78.07 -70.34 41.85
1.40 0.01 0.85 38.80 -56.50 -16.34
1.07 -0.06 0.40 -96.74 121.95 -23.51
-0.08 0.03 -0.19 -75.58 249.99 -3.41
-0.90 -0.55 2.00 232.96 162.04 36.86
-0.85 0.42 1.22 -50.37 -250.00 -43.02
0.20 -0.19 0.83 -9.67 10.49 6.39
0.26 -0.35 0.96 25.44 -9.99 -2.37
0.28 -0.27 0.99 9.28 -7.82 7.32
0.31 -0.22 0.78 -21.00 -2.03 -4.80
0.29 -0.42 0.98 0.81 13.67 -1.32
0.28 -0.21 0.87 -3.04 11.73 -4.94
0.12 -0.17 1.10 -59.51 20.81 70.34
0.59 -0.45 1.09 13.92 -82.26 15.53
0.63 -0.39 0.73 45.20 5.01 -1.88
0.22 -0.12 0.54 9.42 50.79 63.62
0.58 -0.22 0.96 32.01 -28.64 60.44
0.49 -0.38 0.73 46.37 45.85 57.56
0.28 -0.37 0.87 -1.48 58.68 51.85
0.21 -0.24 0.73 14.40 -46.22 28.47
0.42 -0.28 0.93 10.77 -63.73 -6.07
0.47 -0.24 0.77 4.36 -30.00 -0.03
0.45 -0.27 0.94 -10.22 4.37 -3.43
0.25 -0.40 .35 1.16 25.27 -2.86 
0.20 -0.19 0.83 -9.67 10.49 6.39
0.26 -0.35 0.96 25.44 -9.99 -2.37
0.28 -0.27 0.99 9.28 -7.82 7.32
0.34 -0.19 0.87 13.67 -10.70 -4.60
0.27 -0.22 0.89 5.36 10.15 8.08
0.25 -0.23 0.87 1.37 4.91 9.65
0.26 -0.24 0.97 -2.93 -9.13 3.39
0.29 -0.16 0.85 -17.72 0.77 7.87
0.30 -0.34 0.93 -3.10 3.28 0.11
0.29 -0.24 0.79 12.69 14.67 3.56
0.27 -0.20 0.93 2.78 -4.46 -3.29
0.24 -0.21 0.94 -4.02 2.07 -2.85
0.31 -0.22 0.78 -21.00 -2.03 -4.80
0.29 -0.42 0.98 0.81 13.67 -1.32
0.28 -0.21 0.87 -3.04 11.73 -4.94
0.43 -0.26 0.81 -28.15 -2.75 -11.45
0.57 -0.34 0.98 -23.87 -3.15 -21.98
0.53 -0.36 0.88 -9.38 1.61 -36.84
0.39 -0.27 0.79 5.36 30.01 -15.85
0.35 -0.21 0.73 19.68 18.75 20.65
0.51 -0.26 0.89 32.59 9.81 15.29
0.09 -0.13 0.85 -13.01 60.13 64.83
0.45 -0.32 0.99 43.40 -86.77 41.07
0.28 -0.26 0.94 0.20 8.42 86.34
0.40 -0.25 0.73 11.41 -73.78 55.95
0.61 -0.41 0.88 22.29 -19.01 34.32
0.25 -0.40 0.35 1.16 25.27 -2.86
0.20 -0.19 0.83 -9.67 10.49 6.39
0.26 -0.35 0.96 25.44 -9.99 -2.37
0.28 -0.27 0.99 9.28 -7.82 7.32
0.34 -0.19 0.87 13.67 -10.70 -4.60
0.27 -0.22 0.89 5.36 10.15 8.08
0.25 -0.23 0.87 1.37 4.91 9.65
0.26 -0.24 0.97 -2.93 -9.13 3.39
0.29 -0.16 0.85 -17.72 0.77 7.87
0.30 -0.34 0.93 -3.10 3.28 0.11
0.29 -0.24 0.79 12.69 14.67 3.56
0.27 -0.20 0.93 2.78 -4.46 -3.29
0.24 -0.21 0.94 -4.02 2.07 -2.85
0.31 -0.22 0.78 -21.00 -2.03 -4.80
0.29 -0.42 0.98 0.81 13.67 -1.32
0.28 -0.21 0.87 -3.04 11.73 -4.94
0.53 -0.36 0.81 32.55 -5.15 14.01
0.27 -0.19 1.12 -12.09 0.60 26.54
0.62 -0.33 0.77 12.08 -39.20 -13.43
0.42 -0.25 0.80 0.89 32.22 -10.07
0.45 -0.21 0.82 20.39 -10.33 -27.50
0.29 -0.15 0.79 7.26 52.15 30.36
0.29 -0.05 0.83 -14.73 -22.71 7.43
0.52 -0.32 0.85 -3.21 -29.82 12.72
0.47 -0.31 0.81 1.05 0.60 15.85
0.50 -0.33 0.82 32.71 3.81 12.25
0.26 -0.18 0.95 16.94 13.37 27.40
0.41 -0.14 0.78 -12.36 -0.27 1.004
0.20 -0.19 0.83 -9.67 10.49 6.39
0.26 -0.35 0.96 25.44 -9.99 -2.37
0.28 -0.27 0.99 9.28 -7.82 7.32
0.34 -0.19 0.87 13.67 -10.70 -4.60
0.27 -0.22 0.89 5.36 10.15 8.08
0.25 -0.23 0.87 1.37 4.91 9.65
0.26 -0.24 0.97 -2.93 -9.13 3.39
0.29 -0.16 0.85 -17.72 0.77 7.87
0.30 -0.34 0.93 -3.10 3.28 0.11
0.29 -0.24 0.79 12.69 14.67 3.56
0.27 -0.20 0.93 2.78 -4.46 -3.29
0.24 -0.21 0.94 -4.02 2.07 -2.85
0.31 -0.22 0.78 -21.00 -2.03 -4.80
0.29 -0.42 0.98 0.81 13.67 -1.32
0.28 -0.21 0.87 -3.04 11.73 -4.94
0.63 -0.32 0.62 23.25 -18.83 12.14
0.20 -0.18 1.07 -6.37 25.62 57.16
0.46 -0.27 0.85 4.68 -59.55 0.35
0.57 -0.33 0.80 35.76 -0.57 12.12
0.27 -0.22 0.95 21.78 26.56 46.70
0.47 -0.24 0.80 43.09 -41.12 29.29
0.50 -0.15 0.95 32.18 -30.97 39.18
0.49 -0.09 0.65 6.31 -6.40 35.77
0.56 -0.24 0.89 9.80 -53.77 41.92
0.49 -0.28 0.80 5.68 12.63 33.26
0.62 -0.25 0.85 1.56 -25.57 20.42
0.47 -0.22 0.72 11.50 42.76 23.77
0.46 -0.23 0.72 -20.89 -14.79 -5.58
0.20 -0.19 0.83 -9.67 10.49 6.39
0.26 -0.35 0.96 25.44 -9.99 -2.37
0.28 -0.27 0.99 9.28 -7.82 7.32
0.34 -0.19 0.87 13.67 -10.70 -4.60
0.27 -0.22 0.89 5.36 10.15 8.08
0.25 -0.23 0.87 1.37 4.91 9.65
0.26 -0.24 0.97 -2.93 -9.13 3.39
0.29 -0.16 0.85 -17.72 0.77 7.87
0.30 -0.34 0.93 -3.10 3.28 0.11
0.29 -0.24 0.79 12.69 14.67 3.56
0.27 -0.20 0.93 2.78 -4.46 -3.29
0.24 -0.21 0.94 -4.02 2.07 -2.85
0.31 -0.22 0.78 -21.00 -2.03 -4.80
0.29 -0.42 0.98 0.81 13.67 -1.32
0.28 -0.21 0.87 -3.04 11.73 -4.94
0.47 -0.30 0.87 9.56 15.66 6.61
0.41 -0.28 1.05 15.41 3.30 1.62
0.52 -0.27 0.81 13.57 18.92 -7.68
0.36 -0.13 0.83 11.99 31.62 -2.29
0.50 -0.16 0.95 1.76 -21.90 2.98
0.41 -0.20 0.92 1.98 8.13 13.64
0.47 -0.23 0.88 2.98 -13.13 9.03
0.45 -0.18 0.76 4.96 -3.65 17.14
0.55 -0.17 0.87 -3.24 -37.72 8.22
0.54 -0.24 0.78 9.34 10.50 12.03
0.50 -0.18 0.91 8.83 -7.24 9.84
0.40 -0.21 0.83 0.60 3.94 11.15
0.46 -0.23 0.92 -20.89 -14.79 -5.58
0.20 -0.19 0.83 -9.67 10.49 6.39
0.26 -0.35 0.96 25.44 -9.99 -2.37
0.28 -0.27 0.99 9.28 -7.82 7.32
0.34 -0.19 0.87 13.67 -10.70 -4.60
0.27 -0.22 0.89 5.36 10.15 8.08
0.25 -0.23 0.87 1.37 4.91 9.65
0.26 -0.24 0.97 -2.93 -9.13 3.39
0.29 -0.16 0.85 -17.72 0.77 7.87
0.30 -0.34 0.93 -3.10 3.28 0.11
0.20 -0.17 1.06 -6.72 24.73 -29.17
0.54 -0.23 0.93 -21.71 -17.12 -60.15
0.53 -0.16 0.72 -19.36 40.29 -53.25
0.41 -0.33 0.90 -17.87 90.67 -30.23
0.39 -0.29 0.83 -17.69 56.08 -72.17
0.39 -0.26 0.87 -24.40 60.28 -76.27
0.27 -0.37 0.94 4.66 43.33 -80.41
0.34 -0.03 0.65 -62.25 -51.38 -119.58
0.58 -0.26 0.78 -9.84 43.89 -87.40
0.27 -0.26 0.91 -46.03 9.39 -49.64
0.34 -0.41 0.87 -48.65 26.00 -51.22
0.21 -0.36 0.72 -20.89 -14.79 -5.58
0.20 -0.19 0.83 -9.67 10.49 6.39
0.26 -0.35 0.96 25.44 -9.99 -2.37
0.28 -0.27 0.99 9.28 -7.82 7.32
0.34 -0.19 0.87 13.67 -10.70 -4.60
0.27 -0.22 0.89 5.36 10.15 8.08
0.25 -0.23 0.87 1.37 4.91 9.65
0.26 -0.24 0.97 -2.93 -9.13 3.39
0.29 -0.16 0.85 -17.72 0.77 7.87
0.30 -0.34 0.93 -3.10 3.28 0.11
0.29 -0.24 0.79 12.69 14.67 3.56
0.27 -0.20 0.93 2.78 -4.46 -3.29
0.24 -0.21 0.94 -4.02 2.07 -2.85
0.31 -0.22 0.78 -21.00 -2.03 -4.80
0.29 -0.42 0.98 0.81 13.67 -1.32
0.28 -0.21 0.87 -3.04 11.73 -4.94
0.26 -0.45 0.89 12.34 -27.66 -22.22
0.52 -0.17 0.74 -22.53 -8.65 -41.50
0.49 -0.41 0.83 -4.15 5.20 -64.60
0.40 -0.13 0.67 -45.30 72.59 -35.91
0.14 -0.52 1.01 -13.64 36.77 -5.18
0.23 -0.38 0.77 29.54 26.37 -34.62
0.19 -0.39 0.96 26.68 11.91 -19.75
0.33 -0.21 0.82 30.26 -17.97 -28.65
0.40 -0.24 0.83 -5.58 29.88 -18.18
0.37 -0.31 0.88 -2.29 24.80 -33.91
0.39 -0.34 0.97 -17.15 33.94 -29.85
0.20 -0.19 0.83 -9.67 10.49 6.39
0.26 -0.35 0.96 25.44 -9.99 -2.37
0.28 -0.27 0.99 9.28 -7.82 7.32
0.34 -0.19 0.87 13.67 -10.70 -4.60
0.27 -0.22 0.89 5.36 10.15 8.08
0.25 -0.23 0.87 1.37 4.91 9.65
0.26 -0.24 0.97 -2.93 -9.13 3.39
0.29 -0.16 0.85 -17.72 0.77 7.87
0.30 -0.34 0.93 -3.10 3.28 0.11
0.29 -0.24 0.79 12.69 14.67 3.56
0.27 -0.20 0.93 2.78 -4.46 -3.29
0.24 -0.21 0.94 -4.02 2.07 -2.85
0.31 -0.22 0.78 -21.00 -2.03 -4.80
0.29 -0.42 0.98 0.81 13.67 -1.32
0.28 -0.21 0.87 -3.04 11.73 -4.94
0.26 -0.35 1.02 56.39 45.69 -44.78
0.23 -0.08 1.14 76.35 35.87 -71.98
0.09 0.25 1.14 52.81 33.09 -45.75
0.39 0.13 0.88 27.41 32.97 -52.65
0.23 0.07 0.31 -34.00 70.30 -79.99
-0.06 0.00 1.38 -20.58 60.36 -68.64
0.01 -0.15 1.01 84.34 -72.79 -44.38
0.47 -0.07 0.96 -36.90 -160.13 -20.87
0.42 0.10 0.88 -90.93 -132.87 -16.37
0.83 -0.17 1.13 -40.76 16.02 -96.66
0.03 -0.53 0.68 -34.03 144.90 -8.69
0.20 -0.19 0.83 -9.67 10.49 6.39
0.26 -0.35 0.96 25.44 -9.99 -2.37
0.28 -0.27 0.99 9.28 -7.82 7.32
0.34 -0.19 0.87 13.67 -10.70 -4.60
0.27 -0.22 0.89 5.36 10.15 8.08
0.25 -0.23 0.87 1.37 4.91 9.65
0.26 -0.24 0.97 -2.93 -9.13 3.39
0.29 -0.16 0.85 -17.72 0.77 7.87
0.30 -0.34 0.93 -3.10 3.28 0.11
0.29 -0.24 0.79 12.69 14.67 3.56
0.27 -0.20 0.93 2.78 -4.46 -3.29
0.24 -0.21 0.94 -4.02 2.07 -2.85
0.31 -0.22 0.78 -21.00 -2.03 -4.80
0.29 -0.42 0.98 0.81 13.67 -1.32
0.28 -0.21 0.87 -3.04 11.73 -4.94
-0.24 -0.18 0.81 2.71 58.97 8.07
-0.09 -0.36 1.02 58.49 -52.19 -30.55
0.22 -0.35 0.77 57.46 -78.26 0.47
0.25 -0.10 0.90 5.36 0.68 11.72
0.14 -0.07 1.16 -24.87 17.49 9.01
-0.10 -0.14 0.81 -41.08 14.89 43.30
-0.04 -0.28 0.97 -53.41 -41.02 43.50
0.31 -0.36 1.22 36.09 -90.78 24.40
0.61 -0.24 0.66 7.43 -75.50 12.81
0.53 -0.34 0.91 -6.58 -7.57 43.56
0.27 -0.16 0.99 3.87 -20.03 31.98
0.20 -0.19 0.83 -9.67 10.49 6.39
0.26 -0.35 0.96 25.44 -9.99 -2.37
0.28 -0.27 0.99 9.28 -7.82 7.32
0.34 -0.19 0.87 13.67 -10.70 -4.60
0.27 -0.22 0.89 5.36 10.15 8.08
0.25 -0.23 0.87 1.37 4.91 9.65
0.26 -0.24 0.97 -2.93 -9.13 3.39
0.29 -0.16 0.85 -17.72 0.77 7.87
0.30 -0.34 0.93 -3.10 3.28 0.11
0.29 -0.24 0.79 12.69 14.67 3.56
0.27 -0.20 0.93 2.78 -4.46 -3.29
0.24 -0.21 0.94 -4.02 2.07 -2.85
0.31 -0.22 0.78 -21.00 -2.03 -4.80
0.29 -0.42 0.98 0.81 13.67 -1.32
0.28 -0.21 0.87 -3.04 11.73 -4.94
0.33 -0.28 0.81 0.30 -23.23 49.88
0.45 -0.26 0.88 5.45 -58.73 28.88
0.51 -0.25 0.81 -13.74 -59.20 28.40
0.63 -0.33 0.71 1.94 -19.43 20.91
0.47 -0.23 0.78 -34.30 18.89 8.37
0.50 -0.33 0.91 -13.78 -43.41 -22.49
0.46 -0.35 0.96 4.51 6.45 -0.09
0.26 -0.22 0.68 -1.27 28.59 34.48
0.38 -0.32 0.89 26.49 -3.06 38.92
0.27 -0.23 0.89 -18.35 -30.30 47.51
0.62 -0.44 0.85 54.76 -36.73 7.99
0.38 -0.29 0.62 -22.29 25.87 41.74
0.20 -0.19 0.83 -9.67 10.49 6.39
0.26 -0.35 0.96 25.44 -9.99 -2.37
0.28 -0.27 0.99 9.28 -7.82 7.32
0.34 -0.19 0.87 13.67 -10.70 -4.60
0.27 -0.22 0.89 5.36 10.15 8.08
0.25 -0.23 0.87 1.37 4.91 9.65
0.26 -0.24 0.97 -2.93 -9.13 3.39
0.29 -0.16 0.85 -17.72 0.77 7.87
0.30 -0.34 0.93 -3.10 3.28 0.11
0.29 -0.24 0.79 12.69 14.67 3.56
0.27 -0.20 0.93 2.78 -4.46 -3.29
0.24 -0.21 0.94 -4.02 2.07 -2.85
0.31 -0.22 0.78 -21.00 -2.03 -4.80
0.96 -0.53 0.53 130.25 16.91 173.03
0.55 -0.23 0.88 -1.98 215.94 128.49
-0.29 0.09 0.93 -39.38 177.84 125.53
-0.55 -0.15 1.21 -26.89 -50.25 183.11
-0.18 -0.30 0.92 15.72 -153.95 13.99
0.46 -0.29 0.74 12.52 -132.93 18.65
0.19 -0.31 0.93 -2.08 52.60 106.25
-0.20 -0.14 0.80 -32.27 -35.00 104.35
0.01 0.08 -0.21 -62.71 249.99 53.03
-0.27 -0.32 1.38 -20.58 249.99 12.90
-1.62 0.41 1.48 -68.98 17.60 -115.62
0.01 0.07 -0.14 -28.97 -190.99 -5.70
0.56 -0.46 2.00 238.14 -250.00 22.18
0.54 -0.55 0.80 36.74 -136.02 66.78
0.68 -0.35 0.40 48.99 -99.76 103.95
0.82 -0.22 0.67 51.21 -41.79 118.81
0.89 -0.26 0.81 70.95 72.24 69.95
0.15 -0.09 0.84 31.65 227.72 82.66
-0.05 -0.10 1.12 -6.79 52.90 128.79
-0.02 -0.23 1.05 12.60 15.06 53.80
0.01 -0.23 0.98 8.26 -17.31 58.88
0.12 -0.21 0.71 10.98 2.22 43.71
0.06 -0.13 0.89 8.45 -34.19 9.35
0.16 -0.24 0.83 36.25 -69.11 -29.12
0.34 -0.24 0.86 16.83 -68.62 -15.16
-0.27 -0.32 1.38 -20.58 249.99 12.90
-1.62 0.41 1.48 -68.98 17.60 -115.62
0.01 0.07 -0.14 -28.97 -190.99 -5.70
0.56 -0.46 2.00 238.14 -250.00 22.18
0.39 -0.17 1.00 11.00 7.42 -10.25
0.28 -0.14 0.93 10.07 -19.83 -20.65
0.36 -0.13 0.86 12.23 12.86 3.23
0.20 -0.08 0.86 -3.69 32.83 24.91
0.24 -0.12 0.99 12.85 2.72 11.15
0.17 -0.11 0.94 14.94 9.71 16.20
0.35 -0.08 0.87 -1.75 -20.22 15.59
0.33 -0.07 0.89 -3.08 7.23 -8.31
0.21 -0.14 0.93 14.63 32.10 0.03
0.27 -0.11 0.93 8.19 -6.12 0.56
0.27 -0.09 0.93 6.56 25.11 -5.10
0.17 -0.09 0.95 -6.17 27.02 1.00
-0.27 -0.32 1.38 -20.58 249.99 12.90
-1.62 0.41 1.48 -68.98 17.60 -115.62
0.01 0.07 -0.14 -28.97 -190.99 -5.70
0.56 -0.46 2.00 238.14 -250.00 22.18
0.26 -0.09 0.93 8.09 1.79 -2.31
0.18 -0.10 0.90 -2.51 33.56 4.59
0.12 -0.13 0.99 -5.30 0.95 -0.39
0.14 -0.14 0.95 -2.73 -18.59 9.41
0.19 -0.13 0.92 -2.65 -9.02 3.79
0.20 -0.10 0.80 1.34 16.07 -1.82
0.14 -0.09 1.03 5.51 -9.49 0.48
0.29 -0.13 0.97 15.39 0.56 -7.64
0.31 -0.14 0.85 16.94 34.38 -15.46
0.16 0.02 0.81 3.76 36.87 -26.29
0.08 -0.07 1.03 4.67 27.86 -18.60
0.14 -0.12 1.04 16.18 -5.37 -18.54
0.16 0.04 0.86 16.83 -68.62 -15.16
-0.27 -0.32 1.38 -20.58 249.99 12.90
-1.62 0.41 1.48 -68.98 17.60 -115.62
0.01 0.07 -0.14 -28.97 -190.99 -5.70
0.56 -0.46 2.00 238.14 -250.00 22.18
0.53 0.10 0.93 -11.21 -13.79 -17.36
0.04 -0.06 0.99 -9.38 14.33 -3.69
0.10 -0.15 0.99 2.23 -25.21 1.39
0.20 -0.11 0.88 -0.12 -31.75 8.58
0.24 -0.08 0.87 -7.64 -5.16 16.36
0.12 -0.12 1.03 4.33 8.71 7.65
0.11 -0.09 0.94 3.18 -22.35 8.20
0.26 -0.10 0.95 -5.08 -21.22 6.07
0.16 -0.07 0.90 -0.52 9.86 3.67
0.19 -0.11 1.09 -5.41 3.17 -1.52
0.15 -0.04 0.92 -13.89 -40.40 -20.41
0.44 0.01 0.70 -78.48 -63.80 -1.11
0.63 -0.13 0.76 -139.62 46.09 -38.70
-0.27 -0.32 1.38 -20.58 249.99 12.90
-1.62 0.41 1.48 -68.98 17.60 -115.62
0.01 0.07 -0.14 -28.97 -190.99 -5.70
0.56 -0.46 2.00 238.14 -250.00 22.18
0.27 -0.54 1.14 -27.31 -16.38 -91.89
0.57 -0.38 1.00 37.97 -94.48 -183.16
0.81 -0.08 0.58 -1.34 -44.98 -212.55
0.83 -0.04 0.46 -54.64 123.29 -246.47
-0.04 -0.15 1.03 -85.65 188.69 -195.27
-0.08 -0.20 1.29 13.69 68.09 -80.47
0.32 -0.09 1.16 11.81 18.56 -70.88
0.43 0.07 0.70 7.28 7.77 -40.34
0.36 0.01 0.31 43.31 75.98 -23.83
0.07 0.11 0.75 25.56 105.25 22.07
-0.00 -0.09 1.39 -32.13 84.34 -10.67
-0.27 -0.32 1.38 -20.58 249.99 12.90