0.32 -0.07 0.80 1.30 73.84 -11.82
-0.07 -0.30 1.21 -23.93 75.46 -29.26
-0.03 -0.30 1.09 -12.91 -25.45 -33.87
0.06 -0.45 0.96 -1.89 13.09 0.22
0.03 -0.12 0.90 8.53 -27.41 -1.91
0.15 -0.21 0.90 6.68 -19.49 2.98
0.31 -0.23 0.89 5.30 -28.89 -2.22
0.17 -0.32 1.06 16.49 3.21 -17.40
0.28 -0.22 0.99 19.91 -54.70 -78.45
0.49 -0.12 0.71 -15.65 -14.51 -88.82
0.38 -0.26 0.79 -3.82 12.33 -116.87
0.39 -0.02 1.00 -14.16 34.79 -133.33
0.33 -0.21 0.99 -23.50 27.60 -96.05
0.11 -0.02 0.91 -106.80 73.97 -59.12
0.19 -0.38 0.66 -71.05 57.55 -67.47
-0.05 -0.38 0.85 -35.69 119.29 -22.96
0.22 -0.12 0.71 1.16 49.95 8.68
-0.15 -0.62 1.05 -52.49 116.03 -13.01
-0.31 -0.31 1.01 -8.29 -3.94 -27.35
0.01 -0.20 0.77 -59.22 -8.57 -9.62
-0.21 -0.73 1.00 -10.85 -11.25 -151.37
-0.19 -0.53 0.76 16.69 25.46 -188.73
0.03 -0.76 0.81 59.97 -26.13 -250.00
-0.02 -0.57 0.86 -0.25 -19.08 -23.80
0.16 -0.47 0.88 38.63 -33.07 -34.19
0.14 -0.43 0.77 24.93 8.47 -44.28
0.21 -0.27 0.88 14.42 -15.45 -67.03
0.26 -0.24 0.85 -35.61 46.46 -83.63
0.01 -0.68 0.86 15.11 51.53 -69.78
-0.03 -0.48 0.74 -5.55 92.38 -80.39
-0.16 -0.53 0.86 56.26 2.10 -146.71
0.29 -0.16 0.62 59.10 -49.37 -105.81
0.36 -0.20 1.02 -3.93 45.81 -73.89
0.04 -0.33 1.01 -3.49 45.33 -81.26
0.49 -0.12 0.71 -15.65 -14.51 -88.82
0.38 -0.26 0.79 -3.82 12.33 -116.87
0.39 -0.02 1.00 -14.16 34.79 -133.33
0.33 -0.21 0.99 -23.50 27.60 -96.05
0.11 -0.02 0.91 -106.80 73.97 -59.12
0.19 -0.38 0.66 -71.05 57.55 -67.47
-0.05 -0.38 0.85 -35.69 119.29 -22.96
0.22 -0.12 0.71 1.16 49.95 8.68
-0.15 -0.62 1.05 -52.49 116.03 -13.01
-0.31 -0.31 1.01 -8.29 -3.94 -27.35
0.01 -0.20 0.77 -59.22 -8.57 -9.62
-0.21 -0.73 1.00 -10.85 -11.25 -151.37
-0.19 -0.53 0.76 16.69 25.46 -188.73
0.03 -0.76 0.81 59.97 -26.13 -250.00
0.03 -0.49 0.78 0.65 9.90 -46.68
0.16 -0.09 1.04 -54.92 48.73 -9.75
-0.13 -0.71 1.21 25.50 53.13 -11.64
0.23 -0.23 0.81 49.61 -81.12 -37.81
0.05 -0.28 0.95 71.31 41.30 -8.45
-0.00 -0.07 0.88 50.93 1.88 -0.64
0.05 -0.17 0.87 37.67 -28.79 22.81
0.07 -0.13 1.01 37.23 -25.92 -27.34
0.19 -0.07 0.97 0.20 0.00 8.48
0.19 -0.09 0.75 0.93 20.10 9.06
0.07 -0.28 1.39 13.63 22.81 -19.01
0.04 -0.20 1.00 43.75 -50.33 -20.7
0.49 -0.12 0.71 -15.65 -14.51 -88.82
0.38 -0.26 0.79 -3.82 12.33 -116.87
0.39 -0.02 1.00 -14.16 34.79 -133.33
0.33 -0.21 0.99 -23.50 27.60 -96.05
0.11 -0.02 0.91 -106.80 73.97 -59.12
0.19 -0.38 0.66 -71.05 57.55 -67.47
-0.05 -0.38 0.85 -35.69 119.29 -22.96
0.22 -0.12 0.71 1.16 49.95 8.68
-0.15 -0.62 1.05 -52.49 116.03 -13.01
-0.31 -0.31 1.01 -8.29 -3.94 -27.35
0.01 -0.20 0.77 -59.22 -8.57 -9.62
-0.06 -0.54 0.88 -21.77 20.52 6.28
-0.21 -0.73 1.00 -10.85 -11.25 -151.37
-0.19 -0.53 0.76 16.69 25.46 -188.73
0.03 -0.76 0.81 59.97 -26.13 -250.00
0.15 -0.06 0.86 9.72 -44.09 -5.85
0.34 0.00 0.69 -29.76 14.63 -12.70
0.33 -0.20 1.05 15.24 50.51 -32.30
0.17 -0.01 0.58 -100.46 55.13 -13.92
-0.08 -0.27 0.89 -20.17 48.58 -38.20
-0.04 -0.41 1.00 2.32 15.22 -31.20
0.04 -0.24 0.98 -42.85 9.84 -26.34
-0.17 -0.38 0.99 1.85 26.90 13.43
-0.06 -0.27 0.75 23.90 -47.84 -2.72
-0.08 -0.22 0.77 69.17 5.93 7.21
0.03 -0.17 1.00 23.66 -26.05 28.08
0.01 -0.16 0.85 33.05 -27.23 36.60
0.49 -0.12 0.71 -15.65 -14.51 -88.82
0.38 -0.26 0.79 -3.82 12.33 -116.87
0.39 -0.02 1.00 -14.16 34.79 -133.33
0.33 -0.21 0.99 -23.50 27.60 -96.05
0.11 -0.02 0.91 -106.80 73.97 -59.12
0.19 -0.38 0.66 -71.05 57.55 -67.47
-0.05 -0.38 0.85 -35.69 119.29 -22.96
0.22 -0.12 0.71 1.16 49.95 8.68
-0.15 -0.62 1.05 -52.49 116.03 -13.01
-0.31 -0.31 1.01 -8.29 -3.94 -27.35
0.01 -0.20 0.77 -59.22 -8.57 -9.62
-0.06 -0.54 0.88 -21.77 20.52 6.28 
-0.21 -0.73 1.00 -10.85 -11.25 -151.37
-0.19 -0.53 0.76 16.69 25.46 -188.73
0.03 -0.76 0.81 59.97 -26.13 -250.00
0.17 -0.12 1.12 7.20 -10.48 3.56
0.25 -0.17 1.01 -10.22 -25.63 -10.59
0.22 -0.07 1.00 1.63 -2.76 -18.94
0.17 -0.12 0.85 4.48 40.62 -38.21
-0.07 -0.14 0.98 -8.01 47.36 -22.59
0.01 -0.16 1.05 25.44 43.85 -44.11
-0.28 -0.00 0.94 8.04 14.46 -12.82
-0.34 -0.06 1.20 -2.04 -32.16 -2.09
-0.27 -0.09 0.71 -16.14 -100.96 26.86
0.27 -0.19 1.09 28.06 -176.15 -9.99
0.54 -0.05 0.87 26.87 -125.21 -41.15
0.49 -0.12 0.71 -15.65 -14.51 -88.82
0.38 -0.26 0.79 -3.82 12.33 -116.87
0.39 -0.02 1.00 -14.16 34.79 -133.33
0.33 -0.21 0.99 -23.50 27.60 -96.05
0.11 -0.02 0.91 -106.80 73.97 -59.12
0.19 -0.38 0.66 -71.05 57.55 -67.47
-0.05 -0.38 0.85 -35.69 119.29 -22.96
0.22 -0.12 0.71 1.16 49.95 8.68
-0.15 -0.62 1.05 -52.49 116.03 -13.01
-0.31 -0.31 1.01 -8.29 -3.94 -27.35
0.01 -0.20 0.77 -59.22 -8.57 -9.62
-0.21 -0.73 1.00 -10.85 -11.25 -151.37
-0.19 -0.53 0.76 16.69 25.46 -188.73
0.03 -0.76 0.81 59.97 -26.13 -250.00
0.63 -0.09 0.96 -30.27 -13.53 9.04
0.74 -0.23 0.86 -38.89 6.62 -13.52
0.46 -0.23 0.83 -12.27 14.76 -30.67
0.36 -0.10 0.93 19.12 -35.86 7.32
0.53 -0.00 0.78 30.20 -37.00 16.74
0.51 -0.01 0.79 74.76 -15.03 34.10
0.52 0.11 0.75 31.72 36.19 84.00
0.47 0.06 0.81 56.89 60.46 54.64
0.28 -0.07 0.99 50.35 87.65 63.84
0.38 -0.15 1.24 22.12 0.48 54.33
0.48 0.22 0.98 -5.16 19.51 21.95
0.49 -0.12 0.71 -15.65 -14.51 -88.82
0.38 -0.26 0.79 -3.82 12.33 -116.87
0.39 -0.02 1.00 -14.16 34.79 -133.33
0.33 -0.21 0.99 -23.50 27.60 -96.05
0.11 -0.02 0.91 -106.80 73.97 -59.12
0.19 -0.38 0.66 -71.05 57.55 -67.47
-0.05 -0.38 0.85 -35.69 119.29 -22.96
0.22 -0.12 0.71 1.16 49.95 8.68
-0.15 -0.62 1.05 -52.49 116.03 -13.01
-0.31 -0.31 1.01 -8.29 -3.94 -27.35
0.01 -0.20 0.77 -59.22 -8.57 -9.62
-0.21 -0.73 1.00 -10.85 -11.25 -151.37
-0.19 -0.53 0.76 16.69 25.46 -188.73
0.03 -0.76 0.81 59.97 -26.13 -250.00
0.30 -0.06 0.93 -23.22 35.67 59.13
0.30 -0.05 0.96 -32.32 21.32 37.98
0.37 -0.17 1.07 -15.08 18.52 21.68
0.24 -0.11 0.99 -5.26 27.03 20.81
0.14 -0.14 0.96 -6.52 39.25 39.05
0.08 -0.08 0.87 -26.16 12.40 35.56
0.16 -0.28 1.04 18.73 4.14 2.87
0.17 -0.03 0.94 -13.00 -7.80 17.00
0.11 -0.13 0.88 -45.77 18.39 34.38
0.12 -0.22 0.73 -7.00 3.23 6.35
0.19 -0.28 1.05 -1.03 -36.37 23.25
0.49 -0.12 0.71 -15.65 -14.51 -88.82
0.38 -0.26 0.79 -3.82 12.33 -116.87
0.39 -0.02 1.00 -14.16 34.79 -133.33
0.33 -0.21 0.99 -23.50 27.60 -96.05
0.11 -0.02 0.91 -106.80 73.97 -59.12
0.19 -0.38 0.66 -71.05 57.55 -67.47
-0.05 -0.38 0.85 -35.69 119.29 -22.96
0.22 -0.12 0.71 1.16 49.95 8.68
-0.15 -0.62 1.05 -52.49 116.03 -13.01
-0.31 -0.31 1.01 -8.29 -3.94 -27.35
0.01 -0.20 0.77 -59.22 -8.57 -9.62
-0.21 -0.73 1.00 -10.85 -11.25 -151.37
-0.19 -0.53 0.76 16.69 25.46 -188.73
0.03 -0.76 0.81 59.97 -26.13 -250.00
0.22 -0.14 1.03 2.87 -2.84 10.79
0.13 -0.15 0.89 7.51 15.00 15.98
0.17 -0.22 1.02 10.22 -8.19 3.48
0.19 -0.11 0.90 3.46 -2.45 2.32
0.24 -0.14 0.95 2.36 -6.50 -10.21
0.19 -0.12 0.95 7.94 13.40 -8.20
0.10 -0.11 1.02 -19.27 -0.76 7.40
0.14 -0.21 0.98 -3.46 3.94 4.23
0.18 -0.17 0.90 -5.38 6.00 16.27
0.14 -0.17 0.96 3.64 4.91 14.58
0.23 -0.22 1.00 16.27 0.89 9.17
0.18 -0.02 0.94 -11.75 -25.86 7.69
0.49 -0.12 0.71 -15.65 -14.51 -88.82
0.38 -0.26 0.79 -3.82 12.33 -116.87
0.39 -0.02 1.00 -14.16 34.79 -133.33
0.33 -0.21 0.99 -23.50 27.60 -96.05
0.11 -0.02 0.91 -106.80 73.97 -59.12
0.19 -0.38 0.66 -71.05 57.55 -67.47
-0.05 -0.38 0.85 -35.69 119.29 -22.96
0.22 -0.12 0.71 1.16 49.95 8.68
-0.15 -0.62 1.05 -52.49 116.03 -13.01
-0.31 -0.31 1.01 -8.29 -3.94 -27.35
0.01 -0.20 0.77 -59.22 -8.57 -9.62
-0.21 -0.73 1.00 -10.85 -11.25 -151.37
-0.19 -0.53 0.76 16.69 25.46 -188.73
0.03 -0.76 0.81 59.97 -26.13 -250.00
0.28 -0.29 0.93 23.85 -10.96 -0.95
0.16 0.07 0.80 -22.90 -14.03 12.79
0.14 -0.25 1.06 -3.75 14.31 17.67
0.22 -0.28 0.91 13.66 -8.19 -0.32
0.17 0.12 0.70 -50.51 -34.83 10.37
0.13 -0.34 0.94 -2.84 20.76 16.64
0.27 -0.31 0.82 24.14 -2.70 -19.87
0.23 -0.01 0.69 21.49 37.41 -19.27
0.10 -0.12 0.95 28.21 92.79 -6.14
-0.12 -0.06 1.17 17.07 36.03 4.38
0.02 -0.09 1.06 7.87 -30.70 -0.74
0.05 -0.02 1.01 -8.13 -21.81 -5.75
0.49 -0.12 0.71 -15.65 -14.51 -88.82
0.38 -0.26 0.79 -3.82 12.33 -116.87
0.39 -0.02 1.00 -14.16 34.79 -133.33
0.33 -0.21 0.99 -23.50 27.60 -96.05
0.11 -0.02 0.91 -106.80 73.97 -59.12
0.19 -0.38 0.66 -71.05 57.55 -67.47
-0.05 -0.38 0.85 -35.69 119.29 -22.96
0.22 -0.12 0.71 1.16 49.95 8.68
-0.15 -0.62 1.05 -52.49 116.03 -13.01
-0.31 -0.31 1.01 -8.29 -3.94 -27.35
0.01 -0.20 0.77 -59.22 -8.57 -9.62
-0.21 -0.73 1.00 -10.85 -11.25 -151.37
-0.19 -0.53 0.76 16.69 25.46 -188.73
0.03 -0.76 0.81 59.97 -26.13 -250.00
0.37 -0.30 1.04 -51.41 -105.71 -2.35
0.57 -0.38 0.67 -54.18 -47.36 6.55
0.31 -0.31 0.72 -33.93 -0.69 0.97
0.42 -0.36 0.90 20.48 -3.81 -26.69
0.32 -0.20 0.93 -32.42 -10.15 -4.98
0.38 -0.36 0.72 -19.87 -20.10 -8.00
0.39 -0.29 0.80 1.32 -0.53 -10.44
0.26 -0.25 0.93 -32.78 -5.74 2.40
0.30 -0.40 0.88 25.55 -9.57 -1.51
0.35 -0.22 0.84 -19.16 -8.97 22.16
0.39 -0.31 0.80 -13.94 -7.13 1.86
0.38 -0.26 0.79 -3.82 12.33 -116.87
0.39 -0.02 1.00 -14.16 34.79 -133.33
0.33 -0.21 0.99 -23.50 27.60 -96.05
0.11 -0.02 0.91 -106.80 73.97 -59.12
0.19 -0.38 0.66 -71.05 57.55 -67.47
-0.05 -0.38 0.85 -35.69 119.29 -22.96
0.22 -0.12 0.71 1.16 49.95 8.68
-0.15 -0.62 1.05 -52.49 116.03 -13.01
-0.31 -0.31 1.01 -8.29 -3.94 -27.35
0.01 -0.20 0.77 -59.22 -8.57 -9.62
-0.21 -0.73 1.00 -10.85 -11.25 -151.37
-0.19 -0.53 0.76 16.69 25.46 -188.73
0.03 -0.76 0.81 59.97 -26.13 -250.00
0.31 -0.35 0.94 19.13 12.33 6.36
0.24 -0.20 0.86 1.37 23.10 21.59
0.23 -0.27 0.87 5.17 13.38 13.35
0.36 -0.37 0.90 27.69 -11.56 -2.37
0.29 -0.21 0.93 4.33 -5.00 1.00
0.33 -0.29 0.92 3.36 -0.92 14.25
0.27 -0.27 0.87 -16.85 8.59 0.63
0.28 -0.34 0.87 12.40 1.55 -5.96
0.29 -0.25 0.86 -11.36 -3.19 -3.26
0.27 -0.29 0.96 -12.59 3.46 -12.76
0.28 -0.31 0.85 -17.86 -21.60 8.96
0.30 -0.29 0.72 -17.91 -17.53 -1.63
0.38 -0.26 0.79 -3.82 12.33 -116.87
0.39 -0.02 1.00 -14.16 34.79 -133.33
0.33 -0.21 0.99 -23.50 27.60 -96.05
0.11 -0.02 0.91 -106.80 73.97 -59.12
0.19 -0.38 0.66 -71.05 57.55 -67.47
-0.05 -0.38 0.85 -35.69 119.29 -22.96
0.22 -0.12 0.71 1.16 49.95 8.68
-0.15 -0.62 1.05 -52.49 116.03 -13.01
-0.31 -0.31 1.01 -8.29 -3.94 -27.35
0.01 -0.20 0.77 -59.22 -8.57 -9.62
-0.21 -0.73 1.00 -10.85 -11.25 -151.37
-0.19 -0.53 0.76 16.69 25.46 -188.73
0.03 -0.76 0.81 59.97 -26.13 -250.00
0.42 -0.26 0.79 14.33 31.56 9.98
0.26 -0.26 0.88 10.49 29.03 5.07
0.32 -0.31 0.91 13.09 13.51 -3.52
0.24 -0.28 0.90 0.03 15.04 14.10
0.27 -0.29 0.86 11.51 -2.34 7.75
0.29 -0.31 0.91 7.25 19.25 7.06
0.18 -0.31 0.90 5.71 13.58 19.07
0.25 -0.27 0.86 5.90 -0.93 1.76
0.26 -0.30 0.90 9.32 11.27 6.61
0.24 -0.30 0.91 17.07 32.16 19.49
0.18 -0.27 0.90 -3.91 31.43 18.95
0.38 -0.26 0.79 -3.82 12.33 -116.87
0.39 -0.02 1.00 -14.16 34.79 -133.33
0.33 -0.21 0.99 -23.50 27.60 -96.05
0.11 -0.02 0.91 -106.80 73.97 -59.12
0.19 -0.38 0.66 -71.05 57.55 -67.47
-0.05 -0.38 0.85 -35.69 119.29 -22.96
0.22 -0.12 0.71 1.16 49.95 8.68
-0.15 -0.62 1.05 -52.49 116.03 -13.01
-0.31 -0.31 1.01 -8.29 -3.94 -27.35
0.01 -0.20 0.77 -59.22 -8.57 -9.62
-0.06 -0.54 0.88 -21.77 20.52 6.28
-0.21 -0.73 1.00 -10.85 -11.25 -151.37
-0.20 -0.44 0.91 23.90 -1.57 34.43
-0.21 -0.07 0.98 24.64 -50.99 79.99
-0.15 -0.21 1.09 25.47 -61.54 118.10
0.04 -0.39 0.78 54.57 -106.51 164.94
0.23 0.01 0.64 28.65 -112.08 198.17
0.15 0.25 0.80 -119.90 -67.12 172.71
0.55 -0.86 1.41 -11.91 -151.15 169.24
-0.03 -0.51 0.63 26.37 16.99 110.77
0.15 0.01 0.24 28.14 21.04 167.47
0.41 -0.20 1.19 10.79 -53.23 89.5
0.38 -0.26 0.79 -3.82 12.33 -116.87
0.39 -0.02 1.00 -14.16 34.79 -133.33
0.33 -0.21 0.99 -23.50 27.60 -96.05
0.11 -0.02 0.91 -106.80 73.97 -59.12
0.19 -0.38 0.66 -71.05 57.55 -67.47
-0.05 -0.38 0.85 -35.69 119.29 -22.96
0.22 -0.12 0.71 1.16 49.95 8.68
-0.15 -0.62 1.05 -52.49 116.03 -13.01
-0.31 -0.31 1.01 -8.29 -3.94 -27.35
0.01 -0.20 0.77 -59.22 -8.57 -9.62
-0.21 -0.73 1.00 -10.85 -11.25 -151.37
-0.19 -0.53 0.76 16.69 25.46 -188.73
0.03 -0.76 0.81 59.97 -26.13 -250.00
0.23 -0.85 0.82 120.06 56.78 -133.30
0.19 -0.70 1.11 116.37 -69.00 -142.40
0.31 0.02 0.86 -69.34 40.62 119.66
0.38 -0.32 1.45 -80.70 -38.38 107.55
0.32 -0.11 0.74 64.31 -83.40 -93.19
0.62 0.11 0.98 -9.36 -133.30 17.52
0.86 -0.23 0.38 45.60 14.06 -26.70
0.58 -0.26 0.56 50.19 91.46 20.36
0.51 -0.43 0.80 166.12 116.55 11.66
0.30 -0.06 1.07 62.79 151.59 15.28
0.17 0.22 1.20 -11.72 -58.13 17.85
0.53 0.19 0.70 -84.08 26.39 10.79
0.38 -0.26 0.79 -3.82 12.33 -116.87
0.39 -0.02 1.00 -14.16 34.79 -133.33
0.33 -0.21 0.99 -23.50 27.60 -96.05
0.11 -0.02 0.91 -106.80 73.97 -59.12
0.19 -0.38 0.66 -71.05 57.55 -67.47
-0.05 -0.38 0.85 -35.69 119.29 -22.96
0.22 -0.12 0.71 1.16 49.95 8.68
-0.15 -0.62 1.05 -52.49 116.03 -13.01
-0.31 -0.31 1.01 -8.29 -3.94 -27.35
0.01 -0.20 0.77 -59.22 -8.57 -9.62
-0.21 -0.73 1.00 -10.85 -11.25 -151.37
-0.19 -0.53 0.76 16.69 25.46 -188.73
0.03 -0.76 0.81 59.97 -26.13 -250.00
0.35 -0.07 0.88 -35.48 132.95 -12.10
-0.23 -0.51 1.02 -2.20 192.38 -4.83
-0.36 -0.47 0.82 -38.42 147.29 -26.67
-0.48 -0.31 0.93 -18.87 49.98 -28.43
-0.41 -0.22 0.86 -14.23 -81.83 -33.80
-0.22 -0.42 0.94 23.70 -107.52 -77.42
0.06 -0.13 0.94 51.90 -209.05 -34.29
0.39 -0.14 0.73 -27.95 19.85 14.11
0.13 -0.29 0.86 -44.30 15.91 -6.12
0.16 -0.22 0.88 -31.40 -21.60 -16.16
0.20 -0.30 1.05 9.72 -1.16 -9.75
0.38 -0.26 0.79 -3.82 12.33 -116.87
0.39 -0.02 1.00 -14.16 34.79 -133.33
0.33 -0.21 0.99 -23.50 27.60 -96.05
0.11 -0.02 0.91 -106.80 73.97 -59.12
0.19 -0.38 0.66 -71.05 57.55 -67.47
-0.05 -0.38 0.85 -35.69 119.29 -22.96
0.22 -0.12 0.71 1.16 49.95 8.68
-0.15 -0.62 1.05 -52.49 116.03 -13.01
-0.31 -0.31 1.01 -8.29 -3.94 -27.35
0.01 -0.20 0.77 -59.22 -8.57 -9.62
-0.21 -0.73 1.00 -10.85 -11.25 -151.37
-0.19 -0.53 0.76 16.69 25.46 -188.73
0.03 -0.76 0.81 59.97 -26.13 -250.00
0.23 -0.06 0.71 -14.14 32.69 -6.65
0.03 -0.22 1.08 -31.68 -4.88 -1.47
-0.06 -0.45 0.98 48.23 -15.94 32.79
0.23 -0.12 0.81 26.97 -58.54 21.71
0.21 -0.08 1.09 -40.15 -34.35 6.37
0.35 -0.35 0.89 -24.95 -56.17 -20.47
0.38 -0.30 0.89 5.27 20.06 -3.23
0.13 -0.13 0.90 -1.18 52.61 22.45
0.03 -0.26 1.00 10.86 14.85 9.51
0.19 -0.17 0.95 22.95 -22.24 1.28
0.23 -0.19 0.90 -4.19 -1.30 -0.35
0.38 -0.26 0.79 -3.82 12.33 -116.87
0.39 -0.02 1.00 -14.16 34.79 -133.33
0.33 -0.21 0.99 -23.50 27.60 -96.05
0.11 -0.02 0.91 -106.80 73.97 -59.12
0.19 -0.38 0.66 -71.05 57.55 -67.47
-0.05 -0.38 0.85 -35.69 119.29 -22.96
0.22 -0.12 0.71 1.16 49.95 8.68
-0.15 -0.62 1.05 -52.49 116.03 -13.01
-0.31 -0.31 1.01 -8.29 -3.94 -27.35
0.01 -0.20 0.77 -59.22 -8.57 -9.62
-0.21 -0.73 1.00 -10.85 -11.25 -151.37
-0.19 -0.53 0.76 16.69 25.46 -188.73
0.03 -0.76 0.81 59.97 -26.13 -250.00
0.20 -0.26 1.00 -13.02 5.20 -3.65
0.27 -0.25 0.91 5.01 -17.85 -12.50
0.32 -0.19 0.87 0.82 9.85 -2.82
0.15 -0.21 0.88 -1.26 41.23 8.82
0.04 -0.26 0.99 10.16 17.89 27.43
0.09 -0.15 0.93 9.40 -23.12 18.94
0.17 -0.25 0.97 -16.63 -14.83 20.01
0.17 -0.27 0.99 -1.75 -20.70 19.13
0.19 -0.18 0.93 -5.50 -17.06 10.31
0.19 -0.22 0.88 -7.71 -0.24 8.72
0.19 -0.24 0.88 -2.08 -8.73 -4.16
0.27 -0.24 0.94 2.00 -4.94 -7.84
0.38 -0.26 0.79 -3.82 12.33 -116.87
0.39 -0.02 1.00 -14.16 34.79 -133.33
0.33 -0.21 0.99 -23.50 27.60 -96.05
0.11 -0.02 0.91 -106.80 73.97 -59.12
0.19 -0.38 0.66 -71.05 57.55 -67.47
-0.05 -0.38 0.85 -35.69 119.29 -22.96
0.22 -0.12 0.71 1.16 49.95 8.68
-0.15 -0.62 1.05 -52.49 116.03 -13.01
-0.31 -0.31 1.01 -8.29 -3.94 -27.35
0.01 -0.20 0.77 -59.22 -8.57 -9.62
-0.21 -0.73 1.00 -10.85 -11.25 -151.37
-0.19 -0.53 0.76 16.69 25.46 -188.73
0.03 -0.76 0.81 59.97 -26.13 -250.00
0.26 -0.21 0.88 7.84 29.13 -5.31
0.14 -0.25 0.98 -2.46 25.25 -0.60
0.15 -0.24 0.94 -2.86 -6.20 -6.43
0.22 -0.26 0.93 9.23 0.54 -3.74
0.16 -0.15 0.89 -3.81 8.24 9.37
0.13 -0.27 0.97 -3.26 4.48 6.37
0.22 -0.24 0.95 -0.02 -16.23 -2.04
0.25 -0.22 0.87 -10.88 -2.94 4.87
0.18 -0.24 0.92 -0.34 -0.21 5.65
0.19 -0.26 0.93 7.55 5.38 3.81
0.22 -0.19 0.92 -4.96 -5.28 -5.00
0.21 -0.23 0.91 10.29 -0.74 -2.98
0.38 -0.26 0.79 -3.82 12.33 -116.87
0.39 -0.02 1.00 -14.16 34.79 -133.33
0.33 -0.21 0.99 -23.50 27.60 -96.05
0.11 -0.02 0.91 -106.80 73.97 -59.12
0.19 -0.38 0.66 -71.05 57.55 -67.47
-0.05 -0.38 0.85 -35.69 119.29 -22.96
0.22 -0.12 0.71 1.16 49.95 8.68
-0.15 -0.62 1.05 -52.49 116.03 -13.01
-0.31 -0.31 1.01 -8.29 -3.94 -27.35
0.01 -0.20 0.77 -59.22 -8.57 -9.62
-0.21 -0.73 1.00 -10.85 -11.25 -151.37
-0.19 -0.53 0.76 16.69 25.46 -188.73
0.03 -0.76 0.81 59.97 -26.13 -250.00
0.24 -0.21 0.92 -3.26 -3.90 -8.26
0.22 -0.20 0.86 -3.23 10.10 -6.91
0.18 -0.30 0.93 8.40 28.02 0.87
0.14 -0.16 0.91 5.32 6.22 -4.16
0.20 -0.24 0.99 4.81 2.00 -4.12
0.27 0.15 0.39 5.82 -27.26 87.17
0.92 -0.27 1.10 148.38 -85.32 4.47
0.21 0.23 1.53 -21.00 27.85 88.69
0.40 0.24 0.69 -86.47 80.32 65.95
-0.14 -0.63 1.60 178.34 -33.82 -43.09
-0.28 0.16 1.71 55.08 -170.01 -60.30
0.36 0.52 0.51 -55.02 -127.55 77.96
0.54 0.17 0.27 -34.40 -56.76 109.23
1.15 -0.34 0.56 182.28 107.15 -30.66
0.53 -0.06 1.16 -37.71 102.23 56.91
0.05 0.40 0.69 -76.79 153.13 -8.45
-0.06 -0.03 0.11 -60.77 212.42 -2.56
-0.51 -0.45 0.92 156.93 34.74 -36.46
-0.23 0.06 1.40 13.70 -236.14 -36.20
0.34 0.35 0.38 -17.85 -167.46 52.01
1.20 0.36 0.70 50.90 87.31 10.51
0.37 0.08 1.02 -64.54 85.98 16.84
0.06 0.21 0.42 -54.13 139.52 2.47
-0.05 -0.21 0.46 -15.98 174.58 -7.18
-0.78 -0.19 1.75 18.06 41.64 -86.23
-0.01 0.39 1.02 -8.20 -250.00 -21.24
0.41 0.33 -0.07 -30.39 -56.08 54.69
0.66 -0.10 0.83 10.25 -41.85 26.92
1.36 0.33 0.76 -6.54 74.58 -4.62
0.39 0.18 0.65 -107.60 137.47 39.15
0.04 0.03 -0.14 -55.10 206.97 34.78
-0.56 -0.07 2.00 -5.13 -43.21 -78.42
-0.09 0.40 0.44 -26.25 -174.35 28.24
0.26 0.08 -0.16 -10.82 -69.31 112.69
1.15 -0.40 1.04 183.94 -166.72 2.54
0.32 0.01 1.74 -43.42 97.20 46.46
0.15 0.27 0.54 -63.69 153.90 25.99
-0.02 -0.08 -0.15 -31.58 247.63 27.89
-0.87 -0.57 2.00 243.17 -143.56 -53.92
-0.34 0.35 1.20 -29.59 -250.00 8.82
0.31 0.27 -0.17 -35.87 -134.67 54.12
0.97 0.16 1.43 -18.77 114.59 23.96
0.41 0.22 0.50 -74.22 206.62 -8.13
-0.14 0.05 -0.22 -36.14 249.99 8.10
-1.03 -0.51 2.00 143.04 -147.06 -28.32
-0.44 0.07 1.57 -9.63 -213.72 -80.44
0.12 0.30 0.09 -7.02 -176.39 9.76
0.61 0.02 -0.02 -2.57 -126.50 38.04
1.34 0.26 0.34 9.63 19.90 15.26
0.54 -0.09 0.60 -70.66 92.79 24.22
0.09 0.04 -0.23 -23.08 220.22 -21.30
-0.16 -0.34 1.95 53.27 120.95 -38.21
0.12 0.25 0.27 -20.11 -132.14 31.19
0.48 0.03 -0.07 14.65 -120.05 25.70
1.19 0.44 1.07 99.03 -60.44 -13.09
0.50 0.11 0.91 -54.69 77.23 -1.66
0.04 0.15 -0.05 -36.09 218.73 5.84
-0.23 -0.45 1.48 49.26 129.81 17.59
-1.05 0.15 2.00 -5.62 -113.01 -60.59
0.18 0.39 0.08 -8.74 -250.00 33.89
0.56 0.18 -0.38 -6.36 -71.70 52.45
1.20 0.10 1.93 125.92 -1.25 -35.94
0.47 0.07 1.09 -71.69 66.09 9.49
-0.13 -0.20 0.07 -62.33 249.99 7.38
-1.07 -0.16 1.12 89.25 32.53 -69.90
-0.35 0.23 0.76 -13.46 -227.41 -22.35
0.24 0.08 -0.21 -14.67 -175.67 47.52
1.38 -0.46 1.61 211.03 -180.49 -60.23
0.62 0.02 1.35 -62.94 53.54 54.49
0.18 0.22 -0.03 -88.96 206.50 -12.35
-0.09 -0.23 0.96 -59.88 212.81 -7.21
-1.15 -0.48 1.79 -0.20 65.60 -63.27
-0.40 0.00 0.76 -57.54 -102.27 -7.26
0.03 0.00 -0.05 -13.18 -128.78 93.83
0.69 0.29 1.18 -81.70 118.48 101.55
-0.05 0.01 -0.27 -57.37 249.99 51.15
-0.71 -0.51 2.00 85.76 -3.76 16.43
-0.91 0.00 1.69 -30.43 -133.00 -25.32
-0.03 0.20 -0.01 18.41 -174.93 62.68
0.73 -0.01 0.89 73.53 -247.76 62.39
0.98 0.23 1.94 -68.92 126.86 60.58
0.39 0.22 0.19 -71.15 202.95 27.72
-0.06 -0.15 -0.16 -71.55 249.99 29.46
-1.08 -0.68 1.72 243.14 42.75 -6.54
0.29 0.14 -0.11 12.29 -189.38 47.99
1.68 0.33 0.93 102.62 -250.00 -5.11
0.93 0.02 0.22 -60.57 130.84 -6.54
0.04 -0.04 -0.33 -34.75 249.99 -17.57
-0.76 -0.44 2.00 158.50 74.17 -19.42
-0.73 0.41 0.96 -65.54 -161.89 -25.22
0.15 0.07 -0.10 -20.36 -140.40 26.22
0.84 -0.85 2.00 249.99 -250.00 -42.40
0.89 0.03 1.19 -52.69 87.97 28.17
0.03 0.12 -0.23 -19.50 249.99 -13.93
-0.21 -0.31 1.43 -2.30 237.67 22.79
0.04 0.17 -0.05 -13.05 -154.66 13.31
0.71 -0.25 1.87 63.16 -250.00 5.97
1.39 0.36 0.63 -46.05 130.55 -18.71
0.20 0.14 -0.22 -67.57 249.99 -48.51
-0.55 -0.10 1.26 -19.00 249.99 -7.66
-0.54 0.03 2.00 -57.88 -133.31 -78.28
0.02 0.25 -0.05 -5.14 -144.71 -41.92
0.56 0.00 0.14 15.70 -201.60 -1.55
1.66 0.47 0.37 -42.70 -47.76 -10.15
0.52 0.21 0.03 -45.61 189.66 -40.29
-0.16 -0.06 -0.14 -36.77 249.99 -11.31
-0.13 0.24 0.16 -19.85 -202.90 19.57
0.37 0.07 -0.17 -0.45 -115.95 47.95
1.41 0.37 1.12 149.08 -196.25 -10.21
0.58 0.04 0.56 -47.45 113.13 9.79
-0.02 0.05 -0.27 -23.67 249.99 -5.17
-0.33 -0.50 2.00 83.02 81.15 -2.98
-0.71 0.26 2.00 -61.67 -131.01 -41.86
0.07 0.19 -0.11 0.21 -149.29 11.34
0.57 0.02 -0.06 6.90 -146.30 7.04
1.64 0.49 0.06 12.07 -108.07 -7.29
0.82 0.12 0.16 -58.18 117.81 -2.39
-1.02 -0.48 1.85 58.19 -54.96 -66.63
-0.24 0.12 0.43 -44.74 -139.88 13.41
0.26 0.03 -0.11 -21.05 -114.75 9.37
0.74 -0.65 2.00 249.99 -250.00 -25.14
0.97 0.08 1.59 -101.31 125.48 27.31
0.09 0.06 -0.32 -38.19 249.99 -5.53
-0.14 -0.30 1.18 -23.32 249.99 -21.43
-1.06 0.46 2.00 -70.81 -107.19 -71.42
0.07 0.23 -0.10 -2.14 -178.41 37.43
0.83 0.04 0.35 31.83 -200.16 24.26
0.33 0.15 -0.07 -52.57 238.57 -33.01
-0.17 -0.21 0.27 -38.47 249.99 9.87
-1.37 0.13 2.00 -66.47 14.31 -97.24
-0.12 0.27 0.11 -12.15 -203.45 14.37
0.45 0.05 -0.15 6.18 -145.10 52.44
1.55 0.63 0.48 42.16 -95.63 14.25
0.79 0.04 -0.05 -72.19 197.60 13.37
-0.10 -0.00 -0.23 -58.16 249.99 -7.48
-1.28 -0.68 2.00 206.67 -31.93 -1.43
-0.83 0.36 0.93 -52.58 -210.74 -25.57
0.29 0.07 -0.15 -4.88 -224.88 31.34
0.61 -0.06 1.22 -74.23 128.88 -3.40
0.00 0.10 -0.28 -46.33 249.99 -14.19
-0.36 -0.39 2.00 57.87 134.19 -18.75
-0.62 0.32 1.62 -37.74 -221.19 -84.07
0.12 0.11 -0.23 -5.13 -173.22 19.07
0.91 -0.22 1.27 29.82 -182.75 -2.68
1.35 0.31 0.83 -75.10 118.48 -8.99
0.29 0.14 0.01 -29.04 240.46 -18.90
-0.08 -0.21 0.27 -22.22 249.99 -4.39
-1.45 0.30 2.00 -63.75 9.45 -92.70
-0.03 0.22 -0.09 -20.05 -170.40 34.61
0.78 -0.38 2.00 249.99 -250.00 -5.65
0.71 0.19 0.63 -45.93 116.07 30.63
-0.06 0.02 -0.28 -55.44 249.99 20.28
-1.03 -0.60 2.00 114.73 -64.02 7.32
-0.71 0.18 0.96 -15.40 -187.81 -12.21
-0.71 0.18 0.96 -15.40 -187.81 -12.21
0.30 0.15 -0.09 30.56 -158.88 47.40
0.64 0.58 2.00 138.81 -250.00 50.51
0.51 0.15 0.29 -58.66 129.72 37.55
-0.04 -0.02 -0.30 -75.74 249.99 52.02
-1.10 -0.77 2.00 183.71 -140.86 6.53
0.14 0.10 -0.01 20.08 -119.71 40.45
0.40 -0.25 2.00 249.99 -250.00 66.23
0.68 0.14 0.30 -55.95 30.08 75.72
0.16 -0.15 -0.34 -56.72 249.99 11.64
-0.77 -0.69 2.00 235.60 34.00 -32.29
-0.78 0.35 0.61 -108.94 -41.27 -50.77
0.17 0.03 0.01 -50.06 -108.98 40.75
0.56 -1.12 2.00 249.99 -250.00 19.42
0.74 0.04 0.51 -77.12 143.52 26.31
0.02 -0.10 -0.24 -16.23 249.99 22.38
-1.11 -0.40 2.00 249.99 -10.89 -13.55
0.42 0.04 -0.11 -10.30 -157.11 4.73
1.07 0.01 1.93 249.99 -250.00 -27.23
0.62 0.08 0.08 -89.71 187.97 52.93
-0.04 -0.18 -0.30 -76.55 249.99 32.05
-1.44 0.00 1.56 92.82 20.84 -105.98
-0.21 0.26 0.00 -68.34 -137.71 -18.94
0.41 0.09 0.00 -29.88 -162.85 35.02
1.34 1.15 -0.32 1.67 -48.96 31.49
0.46 0.03 -0.21 -75.31 222.94 47.45
0.01 -0.32 0.05 -75.17 249.99 16.09
-1.62 0.01 1.62 -48.47 39.63 -125.31
0.70 -0.17 1.50 59.46 -250.00 26.54
0.91 0.23 0.71 -133.15 128.25 8.50
0.17 0.01 -0.42 -56.25 220.72 37.00
-0.12 -0.76 2.00 111.97 174.58 -1.74
-1.42 0.49 1.61 -54.15 -182.71 -59.91
0.21 0.12 -0.20 19.29 -211.17 82.60
0.97 -0.10 2.00 197.67 -250.00 2.30
0.43 0.10 0.77 -33.95 116.01 23.85
-0.02 0.00 -0.29 -55.14 249.99 33.47
-0.43 -0.72 2.00 103.57 94.67 5.16
0.40 0.08 -0.29 0.34 -190.46 33.14
0.84 -0.66 2.00 249.99 -250.00 -49.13
0.68 0.28 0.49 -55.66 148.65 7.27
-0.07 0.03 -0.22 -28.96 249.99 13.92
-1.11 -0.40 2.00 83.42 -68.04 -83.02
-0.05 0.28 0.47 -22.03 -232.19 -21.80
0.48 0.15 -0.34 -26.54 -78.87 18.03
0.91 -0.19 2.00 178.86 -89.55 -24.70
0.67 0.02 0.25 -63.48 103.64 -5.92
-0.07 0.03 -0.26 -49.89 249.99 13.68
-1.17 -0.67 2.00 197.22 -33.69 -28.63
0.43 0.10 -0.28 9.28 -205.02 -13.03
1.29 0.23 2.00 143.60 -198.03 -31.22
0.68 0.18 0.03 -42.69 177.55 -15.11
-0.18 -0.10 -0.18 -54.37 249.99 7.94
-1.37 -0.63 2.00 236.43 -63.05 -23.89
-0.38 0.37 0.52 4.23 -232.17 -44.65
0.36 0.08 -0.33 19.36 -182.85 -5.85
0.63 -0.74 2.00 249.99 -250.00 4.41
0.91 0.16 0.79 -79.38 96.80 16.60
0.05 -0.00 -0.25 -69.39 249.99 -22.58
-0.72 -0.76 1.68 205.89 142.59 -16.04
0.31 0.08 -0.14 0.81 -173.26 60.55
0.96 -0.47 2.00 249.99 -250.00 -31.80
0.77 0.11 0.25 -45.07 145.10 28.22
-0.05 -0.14 -0.17 -51.34 249.99 10.11
-1.30 -0.49 1.68 16.85 155.40 -106.80
-0.32 0.30 0.19 -10.60 -217.26 42.48
0.44 0.08 -0.19 19.84 -163.14 65.21
1.39 0.59 1.56 -23.64 -185.97 -22.05
0.70 0.08 0.04 -46.88 120.45 37.08
-0.04 -0.18 -0.36 -92.98 249.99 40.82
-0.75 0.32 0.63 7.44 -153.26 -0.69
0.41 0.07 -0.15 63.19 -195.78 81.49
1.58 0.58 2.00 119.54 -250.00 -57.59
0.45 0.23 0.06 -40.15 97.88 8.80
0.06 -0.00 -0.13 -23.78 227.75 21.85
-0.53 -0.72 2.00 211.94 -15.70 -35.44
-0.24 0.48 1.20 -49.77 -228.01 -1.01
0.18 0.20 -0.23 -39.02 -73.36 55.33
0.73 -0.20 1.83 43.53 -118.34 7.64
1.03 0.30 1.51 -70.08 87.67 4.48
0.52 0.13 -0.01 -59.00 228.10 -20.28
-1.58 0.24 2.00 -83.20 10.71 -106.67
-0.09 0.16 0.01 -23.40 -160.22 34.19
0.45 0.01 -0.10 4.52 -147.76 24.83
1.77 0.61 1.04 80.47 -250.00 -46.23
0.72 0.05 0.08 -37.19 234.16 -11.72
-0.09 -0.12 -0.22 -35.29 249.99 -13.14
-1.73 0.01 2.00 -31.11 36.96 -145.20
-0.13 0.39 -0.12 -27.09 -250.00 29.89
0.63 0.15 -0.44 -14.98 -136.15 32.78
1.53 0.20 1.09 94.51 -119.90 -58.97
0.64 0.10 0.03 -69.09 222.63 -2.46
-1.41 -0.46 1.67 80.47 -126.67 -93.07
-0.08 0.18 0.13 -11.05 -210.49 -43.10
0.47 0.14 -0.23 -3.86 -197.74 28.05
1.60 0.51 0.88 85.95 -75.16 -23.89
0.72 0.09 -0.13 -49.17 172.72 -30.71
-0.18 -0.07 -0.27 -47.83 249.99 2.30
-1.62 0.09 2.00 5.00 -89.78 -91.74
-0.12 0.27 0.57 -13.92 -250.00 3.13
0.40 0.04 -0.31 -16.28 -130.31 16.34
0.83 -0.54 2.00 249.99 -176.52 10.02
0.04 0.03 -0.31 -30.02 249.99 20.91
-0.49 -0.43 2.00 103.06 37.60 -0.95
-0.92 0.58 1.17 -52.65 -134.03 -81.63
0.10 0.04 -0.19 -12.65 -151.98 32.89
0.58 -0.99 2.00 249.99 -250.00 23.62
1.21 0.18 0.80 -117.84 75.46 48.28
0.28 -0.03 -0.38 -47.10 249.99 2.94
-0.54 -0.77 1.96 212.63 249.99 -63.10
-0.86 0.44 0.82 -38.50 -230.63 -40.05
0.35 0.08 -0.24 -19.62 -184.52 72.59
1.19 0.30 1.24 154.30 -125.31 -26.58
0.01 -0.03 -0.13 -53.88 249.28 -14.96
-1.07 -0.39 2.00 27.55 249.88 -158.97
-0.30 0.20 0.28 6.05 -250.00 10.46
0.43 -0.01 -0.29 -6.08 -155.90 64.67
1.08 0.75 2.00 128.56 -151.23 -45.32
0.92 0.23 0.18 -89.15 143.94 4.86
0.00 -0.05 -0.33 -70.11 249.99 10.93
-0.97 -0.78 1.83 218.05 189.80 0.23
-0.83 0.28 0.69 -48.61 -208.11 -21.68
0.14 -0.01 -0.19 -9.67 -150.93 74.74
0.97 -1.02 2.00 249.99 -250.00 -28.99
0.93 0.09 1.00 -84.61 92.06 55.44
0.13 0.13 -0.36 -54.92 249.99 8.37
-0.23 -0.33 1.78 -26.49 249.99 -6.21
-1.06 0.23 1.69 -36.10 -174.61 -47.29
0.15 0.08 -0.22 6.89 -175.59 67.69
0.88 0.04 1.09 118.78 -124.02 31.87
0.32 0.46 1.49 -67.50 3.07 66.09
0.13 0.13 -0.34 -93.99 236.79 47.74
-0.06 -0.43 0.44 -114.17 249.99 20.62
-0.96 0.11 1.75 -51.43 -84.08 -119.38
0.22 0.14 -0.06 -1.02 -215.49 -22.77
0.55 0.29 0.50 -79.77 45.61 102.55
0.00 -0.27 -0.45 -78.52 249.99 72.42
-0.90 -0.71 2.00 197.56 -46.46 -40.56
-0.41 0.30 0.53 -80.10 -78.95 -58.40
0.37 0.07 -0.03 -49.05 -143.77 -4.30
0.35 -0.54 1.94 249.99 -250.00 74.02
0.72 0.14 -0.33 -91.49 155.20 73.73
0.06 -0.31 -0.13 -91.26 249.99 58.75
-1.66 0.09 2.00 -37.32 249.99 -188.35
-0.35 0.12 -0.12 -93.40 -143.34 -21.48
1.19 0.29 -0.12 0.00 -249.95 105.38
0.21 0.03 -0.13 -178.21 240.20 30.01
-0.55 -0.75 2.00 102.65 168.07 84.03
-1.52 -0.34 1.91 13.51 -45.20 -145.87
-0.20 -0.09 -0.03 -18.16 -250.00 62.65
1.07 -0.18 0.00 121.84 -186.71 -54.12
1.02 0.26 1.38 -216.16 13.76 -17.42
0.28 -0.07 -0.47 -81.10 240.97 33.74
-0.53 -1.19 2.00 218.45 206.11 -9.80
-0.76 0.58 0.16 -160.21 -109.24 -91.38
0.36 0.37 0.01 -83.82 -184.51 27.60
-1.37 -0.30 2.00 249.99 -38.69 -81.80
1.08 0.66 -0.04 249.99 -250.00 13.91
0.42 0.02 -0.52 -235.19 151.55 82.78
0.02 -1.32 1.75 -84.02 249.99 -20.83
-0.65 -0.49 0.68 249.99 105.65 105.34
-0.34 1.46 2.00 -55.09 -229.92 -17.33
0.84 1.42 -0.26 -245.58 -85.34 127.17
1.05 -1.56 0.51 -237.25 0.86 -2.33
-0.65 -1.52 0.36 67.88 249.99 -118.09
-0.61 0.01 0.28 90.74 119.86 182.35
0.16 0.44 0.34 249.99 -250.00 23.05
0.36 0.37 0.01 -83.82 -184.51 27.60
-1.37 -0.30 2.00 249.99 -38.69 -81.80
1.30 -1.29 0.14 -156.07 249.99 1.37
-0.38 -1.42 0.66 63.56 249.99 -214.97
-0.65 -0.10 -0.13 -66.64 247.94 95.72
0.30 0.38 0.48 34.15 -22.17 37.76
-1.32 -0.26 2.00 249.99 -250.00 65.19
0.49 -0.14 -0.54 -50.03 249.99 -107.31
-1.04 -1.02 2.00 249.99 72.67 -114.39
-0.49 0.03 0.09 -129.20 -106.49 -20.24
0.46 0.05 -0.28 -92.86 -117.73 30.73
-0.47 -0.95 2.00 249.99 -250.00 74.78
0.54 0.22 0.14 -165.03 196.45 -49.27
-0.05 -0.24 -0.35 -113.69 249.99 4.10
-1.35 -0.39 2.00 249.99 -151.95 -15.53
-0.05 0.11 0.05 -172.43 -17.31 -5.41
0.57 -0.16 2.00 37.65 -250.00 24.65
1.39 0.26 0.11 -100.36 92.62 9.75
0.18 -0.01 -0.14 -97.79 249.99 18.16
-0.55 -0.88 2.00 218.86 101.96 -2.98
-0.60 0.35 0.70 -217.48 -63.98 -61.04
0.29 0.09 -0.17 -91.71 -100.92 10.04
0.03 -1.00 2.00 249.99 -250.00 83.64
0.80 0.19 0.22 -199.10 91.56 -17.39
0.14 -0.24 -0.36 -121.38 249.99 21.82
-0.74 -0.76 0.73 249.99 249.99 14.97
-0.58 0.47 0.29 -149.20 -176.24 -1.89
0.61 0.30 -0.35 -49.02 -191.26 58.95
1.45 0.70 0.92 -87.72 -0.36 -18.04
0.39 0.02 -0.40 -110.64 158.20 22.53
0.31 -0.89 1.36 -53.11 249.99 -6.22
-1.44 0.42 1.01 40.05 6.45 -49.27
-0.05 -0.24 -0.35 -113.69 249.99 4.10
-1.35 -0.39 2.00 249.99 -151.95 -15.53
-0.05 0.11 0.05 -172.43 -17.31 -5.41
0.57 -0.16 2.00 37.65 -250.00 24.65
1.39 0.26 0.11 -100.36 92.62 9.75
0.18 -0.01 -0.14 -97.79 249.99 18.16
-0.08 0.35 -0.03 -128.04 -110.07 23.17
0.68 -0.08 2.00 138.37 -250.00 109.17
0.64 0.21 0.76 -191.72 60.41 -38.48
0.25 -0.31 -0.23 -100.72 184.39 -7.84
-0.58 -0.80 1.13 249.99 249.99 -17.09
-0.68 0.54 -0.10 -129.74 -141.80 -12.04
0.46 0.32 -0.20 -32.31 -214.10 106.89
1.36 0.43 2.00 -172.32 100.75 -6.68
0.32 0.00 -0.49 -62.81 162.13 25.41
0.11 -0.82 0.94 -42.11 249.99 -4.06
-0.05 -0.24 -0.35 -113.69 249.99 4.10
-1.35 -0.39 2.00 249.99 -151.95 -15.53
-0.05 0.11 0.05 -172.43 -17.31 -5.41
0.57 -0.16 2.00 37.65 -250.00 24.65
1.39 0.26 0.11 -100.36 92.62 9.75
0.18 -0.01 -0.14 -97.79 249.99 18.16
0.24 0.30 -0.15 -67.34 -250.00 30.51
0.80 0.02 2.00 202.67 -181.08 83.63
0.44 0.29 0.67 -159.20 65.96 8.86
0.04 -0.24 -0.46 -83.82 249.99 68.13
-0.95 -1.17 2.00 249.99 140.98 9.90
-0.72 0.55 0.64 -161.58 -185.20 -69.24
0.48 0.38 -0.27 -55.59 -229.74 16.51
1.32 -0.67 0.23 249.99 -250.00 -34.07
0.38 0.17 -0.33 -134.44 179.91 42.02
0.08 -0.55 0.32 -97.63 249.99 36.32
-1.62 -0.61 2.00 249.99 -34.45 -35.37
-0.05 -0.24 -0.35 -113.69 249.99 4.10
-1.35 -0.39 2.00 249.99 -151.95 -15.53
-0.05 0.11 0.05 -172.43 -17.31 -5.41
0.57 -0.16 2.00 37.65 -250.00 24.65
1.39 0.26 0.11 -100.36 92.62 9.75
0.18 -0.01 -0.14 -97.79 249.99 18.16
0.68 -0.06 2.00 72.31 -250.00 46.78
1.01 0.43 1.04 -187.15 -23.20 -21.48
0.27 -0.03 -0.41 -101.68 247.25 19.46
-0.61 -1.08 2.00 249.99 228.44 0.63
-1.18 0.56 0.94 -129.45 -152.51 -121.54
0.26 0.17 -0.11 -61.87 -209.79 35.51
0.89 -0.97 2.00 249.99 -250.00 -13.12
0.76 0.27 0.13 -122.54 95.77 24.57
0.19 -0.26 -0.40 -97.43 249.99 17.40
-0.86 -0.64 1.01 249.99 249.99 -26.15
-0.05 -0.24 -0.35 -113.69 249.99 4.10
-1.35 -0.39 2.00 249.99 -151.95 -15.53
-0.05 0.11 0.05 -172.43 -17.31 -5.41
0.57 -0.16 2.00 37.65 -250.00 24.65
1.39 0.26 0.11 -100.36 92.62 9.75
0.18 -0.01 -0.14 -97.79 249.99 18.16
-0.55 -0.88 2.00 218.86 101.96 -2.9
0.45 0.11 -0.02 -64.25 -216.68 65.03
0.90 1.38 -0.25 249.99 -179.16 -35.54
0.48 0.11 -0.42 -119.56 181.43 33.90
0.25 -0.59 0.86 -79.95 249.99 2.20
-1.51 0.20 1.15 37.73 48.91 -118.50
-0.23 0.35 0.02 -134.06 -105.09 10.20
0.54 0.05 2.00 96.89 -250.00 103.15
1.03 0.17 0.72 -185.42 146.67 2.91
0.20 -0.19 -0.30 -97.05 249.99 28.80
-0.50 -0.61 1.37 249.99 204.22 4.37
-0.81 0.46 0.16 -238.96 28.84 -98.63
-0.05 -0.24 -0.35 -113.69 249.99 4.10
-0.05 0.11 0.05 -172.43 -17.31 -5.41
0.57 -0.16 2.00 37.65 -250.00 24.65
1.39 0.26 0.11 -100.36 92.62 9.75
0.18 -0.01 -0.14 -97.79 249.99 18.16
0.43 -0.74 0.94 249.99 -250.00 11.17
0.47 0.24 -0.23 -152.67 172.89 1.23
-0.07 -0.62 2.00 113.90 212.24 -4.51
-0.75 0.25 0.55 -131.06 -44.43 -52.41
0.17 -0.04 -0.05 -55.02 -99.85 53.85
0.11 -0.37 2.00 249.99 -236.53 106.80
0.81 0.09 0.56 -82.61 -69.61 9.89
0.33 -0.21 -0.42 -0.21 192.92 -10.34
-0.49 -0.88 2.00 249.99 213.97 -44.34
-0.73 0.60 0.44 -120.57 -183.40 -20.94
0.41 0.13 -0.16 -39.23 -166.24 79.40
-0.05 -0.24 -0.35 -113.69 249.99 4.10
-1.35 -0.39 2.00 249.99 -151.95 -15.53
-0.05 0.11 0.05 -172.43 -17.31 -5.41
0.57 -0.16 2.00 37.65 -250.00 24.65
1.39 0.26 0.11 -100.36 92.62 9.75
0.18 -0.01 -0.14 -97.79 249.99 18.16
0.72 -0.02 -0.21 -71.65 94.45 31.04
0.17 -0.39 -0.23 -79.55 249.99 -6.84
-1.19 0.33 2.00 41.04 130.06 -125.04
-0.27 0.38 0.06 -105.93 -120.32 15.76
0.60 0.12 0.84 17.59 -239.62 96.22
0.86 0.64 1.82 -189.47 36.61 -9.09
0.39 -0.11 -0.44 -84.36 220.25 35.29
0.20 -0.90 2.00 5.42 238.11 -20.43
-1.44 0.53 2.00 -114.13 17.97 -162.45
0.02 0.21 0.01 -91.84 -167.93 13.35
0.82 -0.97 2.00 249.99 -250.00 79.40
-0.05 -0.24 -0.35 -113.69 249.99 4.10
-1.35 -0.39 2.00 249.99 -151.95 -15.53
-0.05 0.11 0.05 -172.43 -17.31 -5.41