-9,-260,-28
-16,-255,-29
-8,-258,-24
-17,-257,-28
-9,-260,-38
-10,-256,-26
-14,-256,-25
-14,-258,-39
-20,-262,-23
-8,-259,-37
-19,-254,-32
-9,-257,-33
-15,-260,-13
-20,-254,-30
-15,-262,-30
-20,-258,-28
-9,-256,-29
-18,-261,-23
-11,-266,-29
-14,-259,-21
-13,-260,-27
-13,-251,-46
-16,-257,-33
-18,-251,-24
-11,-258,-29
-5,-256,-30
-13,-262,-31
-15,-264,-25
-11,-259,-24
-24,-259,-27
-9,-256,-25
-12,-258,-24
-13,-252,-37
-12,-255,-30
-13,-257,-30
-6,-258,-42
-15,-258,-21
-6,-255,-35
-21,-254,-24
-7,-258,-37
-16,-256,-27
-13,-254,-35
-16,-253,-30
-9,-266,-27
-13,-250,-25
-18,-251,-17
-18,-263,-31
-17,-261,-27
-17,-261,-37
-24,-253,-27
-17,-264,-24
-14,-261,-36
-14,-262,-23
-14,-260,-35
-10,-257,-23
-20,-254,-31
-7,-258,-30
-16,-262,-41
-10,-259,-27
12,-257,-17
20,-270,-41
33,-263,-57
51,-318,-53
75,-235,-8
110,-242,13
122,-215,26
130,-214,32
161,-191,27
167,-240,43
152,-184,-1
191,-185,25
169,-207,2
179,-200,-2
182,-228,16
173,-188,7
177,-203,2
167,-179,1
184,-181,10
174,-213,-7
188,-185,-7
211,-197,-18
171,-198,14
205,-188,-13
176,-136,4
183,-184,37
178,-222,-3
197,-186,-34
184,-202,-28
189,-177,-16
184,-184,1
175,-181,-12
178,-191,-18
178,-206,-17
174,-178,-23
185,-207,-9
172,-181,-27
177,-197,-14
176,-185,-23
182,-196,-22
174,-184,-23
178,-191,-18
179,-201,-19
177,-190,-11
174,-200,-20
174,-187,-7
179,-199,-11
180,-186,-6
174,-191,-25
173,-197,-11
183,-187,-17
172,-194,-26
181,-194,-32
172,-206,-27
174,-183,-38
161,-193,-22
169,-187,-38
174,-219,-28
171,-183,-37
174,-207,-26
172,-192,-39
178,-199,-25
187,-176,-39
186,-198,-34
174,-186,-38
188,-190,-33
170,-186,-31
182,-181,-36
165,-191,-28
180,-182,-27
185,-198,-22
179,-185,-35
180,-190,-31
183,-173,-28
188,-183,-34
177,-185,-31
175,-189,-34
186,-193,-37
173,-178,-39
191,-202,-34
179,-183,-34
186,-201,-36
181,-181,-22
184,-194,-47
176,-190,-27
183,-181,-32
191,-200,-39
178,-178,-43
182,-192,-35
177,-183,-35
179,-186,-35
176,-199,-34
178,-192,-38
183,-211,-39
169,-184,-41
174,-204,-36
167,-184,-44
178,-192,-33
177,-179,-45
182,-191,-46
173,-177,-47
172,-188,-39
167,-184,-25
188,-182,-32
171,-190,-27
187,-189,-28
173,-176,-34
193,-185,-25
182,-169,-40
186,-177,-35
180,-185,-35
188,-183,-30
183,-196,-32
174,-179,-32
185,-197,-33
178,-179,-30
175,-186,-39
173,-184,-35
182,-181,-34
178,-192,-38
180,-183,-49
187,-196,-34
186,-175,-38
192,-195,-36
177,-182,-26
175,-182,-35
169,-192,-18
173,-184,-30
182,-197,-44
172,-184,-43
178,-202,-43
170,-165,-45
179,-199,-54
168,-189,-51
185,-207,-51
166,-184,-33
177,-197,-36
172,-189,-26
175,-204,-25
170,-175,-24
180,-190,-47
159,-202,-50
166,-241,-40
131,-205,-32
116,-239,7
95,-226,31
109,-238,-10
101,-241,6
86,-227,11
8,-275,-9
67,-241,-48
58,-245,-91
74,-243,-69
76,-238,-42
73,-249,-64
69,-243,-52
66,-242,-51
60,-250,-48
57,-246,-46
59,-255,-53
67,-248,-53
59,-244,-41
60,-237,-49
69,-247,-51
63,-250,-49
64,-248,-59
69,-243,-54
62,-250,-50
60,-244,-59
64,-241,-50
69,-244,-52
60,-251,-55
59,-247,-53
64,-249,-50
57,-247,-49
63,-240,-58
57,-243,-65
60,-241,-54
62,-244,-59
56,-250,-57
65,-246,-53
67,-255,-51
64,-246,-53
62,-246,-50
56,-246,-50
64,-241,-54
63,-246,-59
51,-253,-53
53,-251,-49
59,-244,-54
59,-247,-57
64,-246,-54
61,-251,-63
54,-258,-53
57,-247,-46
59,-249,-48
56,-250,-50
56,-247,-55
64,-246,-52
59,-243,-47
54,-244,-63
62,-243,-58
55,-244,-49
52,-248,-50
52,-252,-48
57,-257,-54
57,-240,-51
63,-250,-54
62,-250,-52
57,-247,-59
65,-250,-49
56,-247,-55
59,-245,-54
57,-252,-56
60,-250,-64
49,-245,-47
59,-249,-56
56,-250,-57
58,-248,-58
61,-250,-56
57,-256,-49
64,-247,-57
58,-243,-55
56,-242,-56
53,-254,-46
53,-252,-55
58,-254,-48
55,-249,-54
56,-252,-47
53,-256,-54
47,-258,-72
52,-247,-17
94,-278,27
53,-231,-71
-5,-232,-99
7,-239,-104
16,-235,-87
6,-238,-95
7,-248,-87
11,-241,-92
19,-240,-91
21,-241,-97
8,-240,-88
9,-248,-94
13,-241,-89
6,-246,-92
4,-242,-91
21,-250,-96
9,-245,-91
13,-247,-88
17,-243,-84
14,-240,-82
11,-242,-103
10,-234,-100
15,-244,-85
4,-244,-108
18,-233,-96
20,-231,-98
8,-238,-87
7,-241,-97
11,-239,-90
3,-241,-86
6,-240,-97
7,-241,-92
17,-239,-85
4,-246,-83
9,-244,-94
22,-233,-102
13,-246,-92
10,-239,-87
16,-239,-97
7,-235,-88
1,-249,-76
16,-236,-83
12,-237,-89
5,-241,-91
10,-240,-86
15,-241,-101
9,-226,-87
9,-234,-94
14,-243,-98
10,-245,-97
6,-244,-85
11,-239,-85
13,-249,-88
8,-234,-84
19,-243,-86
22,-248,-92
7,-239,-89
10,-247,-79
11,-238,-95
13,-240,-105
7,-244,-94
17,-241,-93
11,-241,-94
12,-240,-96
24,-245,-89
14,-242,-93
8,-247,-97
14,-244,-87
19,-250,-85
13,-246,-86
14,-246,-88
15,-238,-95
13,-244,-96
12,-247,-83
12,-241,-88
13,-249,-82
8,-240,-88
17,-233,-83
15,-248,-86
12,-247,-90
12,-244,-86
16,-244,-91
16,-247,-87
3,-240,-88
12,-238,-83
14,-246,-81
6,-244,-84
28,-239,-104
20,-248,-77
75,-292,-98
60,-221,-27
63,-226,35
23,-192,57
116,-244,-40
84,-265,-43
84,-313,-54
65,-239,-33
73,-243,-41
66,-248,-32
66,-252,-32
70,-259,-34
52,-211,13
42,-222,-20
86,-227,-53
53,-233,-78
50,-232,-94
15,-256,-123
15,-227,-83
22,-239,-115
11,-228,-103
15,-237,-104
23,-232,-97
15,-235,-95
17,-238,-105
14,-229,-109
16,-235,-106
9,-236,-105
14,-235,-101
12,-238,-98
15,-236,-109
14,-237,-103
10,-234,-102
20,-250,-115
21,-237,-110
23,-230,-76
27,-242,-92
15,-242,-115

82,-264,91
70,-226,59
22,-260,79
93,-255,50
-24,-197,87
49,-233,35
-2,-277,36
65,-273,-1
75,-196,-38
-50,-276,68
41,-241,58
46,-227,32
38,-268,44
50,-282,-3
59,-263,-30
18,-273,-7
51,-242,-9
4,-278,21
68,-268,13
43,-269,12
37,-276,-1
48,-299,35
60,-248,3
-11,-253,23
56,-254,44
30,-272,5
81,-287,19
8,-263,28
40,-239,35
12,-239,-27
7,-245,10
14,-305,-51
2,-268,25
15,-318,-30
-1,-240,6
34,-238,1
-15,-239,-7
56,-284,14
-12,-237,33
48,-231,15
-11,-259,14
47,-267,-27
17,-266,27
48,-273,11
9,-221,39
83,-266,45
-13,-237,38
27,-236,49
38,-238,3
4,-245,28
61,-243,15
-29,-245,34
40,-210,-29
3,-247,44
61,-263,8
-28,-242,28
83,-223,19
-19,-267,32
50,-250,12
-3,-290,-20
40,-248,5
66,-264,0
29,-279,35
40,-239,11
-4,-220,-2
3,-263,-3
44,-264,0
24,-325,-16
54,-248,14
24,-302,28
18,-203,66
51,-339,28
47,-267,28
35,-252,56
42,-261,33
36,-271,20
11,-256,54
60,-269,7
21,-257,-14
11,-256,17
28,-295,7
6,-238,34
72,-305,42
23,-229,27
36,-273,39
53,-269,28
41,-294,18
12,-298,21
31,-288,8
32,-284,15
61,-280,11
29,-293,19
39,-233,55
40,-316,15
23,-226,45
62,-262,35
-15,-280,68
77,-268,2
38,-259,38
49,-264,32
63,-255,24
38,-301,19
80,-249,39
49,-301,83
41,-252,12
63,-271,36
23,-269,65
58,-222,60
-2,-246,107
32,-250,49
26,-258,53
57,-209,30
-24,-255,40
69,-239,25
15,-267,55
35,-282,14
24,-250,36
58,-260,0
-12,-260,43
60,-230,32
-1,-281,61
79,-275,8
40,-273,35
46,-233,16
-10,-273,27
89,-220,8
-20,-268,44
88,-264,14
-19,-258,31
86,-240,28
-11,-275,40
55,-310,-19
38,-215,73
12,-261,53
83,-255,73
14,-253,59
105,-214,45
38,-256,14
73,-253,23
65,-296,-9
25,-270,80
48,-205,16
60,-202,41
86,-284,9
29,-262,37
30,-277,58
58,-242,55
79,-217,37
86,-264,15
47,-283,8
70,-227,39
69,-249,35
74,-253,47
92,-231,6
34,-272,42
74,-201,57
87,-262,57
98,-214,14
83,-266,46
85,-205,45
55,-252,58
92,-241,23
40,-297,18
55,-258,32
43,-266,-17
53,-268,-2
26,-254,11
45,-260,-6
38,-257,-12
27,-252,12
42,-268,-7
52,-257,-3
28,-250,-13
42,-288,9
30,-258,13
36,-240,30
46,-248,20
55,-257,14
60,-253,20
56,-263,20
53,-261,23
62,-257,19
56,-277,39
72,-262,29
90,-239,26
107,-242,42
114,-245,36
111,-221,32
138,-228,39
133,-193,50
142,-220,43
141,-214,46
156,-204,30
138,-226,44
144,-213,36
147,-231,53
96,-225,47
118,-201,43
99,-257,11
132,-265,-7
63,-268,-18
100,-231,-38
57,-203,-31
159,-262,-52
165,-275,-71
156,-193,-75
196,-153,-150
191,-132,-128
119,-72,-99
155,-124,-36
138,-209,-10
139,-215,-13
152,-269,19
37,-238,0
68,-334,-68
15,-304,-118
75,-179,-69
97,-202,-22
138,-295,-49
40,-273,-56
1,-290,-77
67,-242,-39
87,-261,-48
35,-319,-97
9,-177,-55
98,-192,-31
113,-203,-100
30,-349,-129
-15,-251,-31
81,-216,-38
100,-164,-117
73,-373,-26
59,-227,-122
66,-175,-38
58,-206,-50
114,-386,-10
12,-227,-11
11,-267,-29
112,-201,-29
48,-361,-74
2,-309,-94
33,-199,-38
104,-220,-40
92,-313,-61
62,-227,-16
90,-196,-47
87,-198,-29
47,-362,-85
92,-326,-46
87,-200,-42
123,-207,-57
107,-256,-13
162,-208,47
98,-228,-30
111,-156,0
59,-329,-80
-22,-413,-141
-83,-210,-69
78,-194,-10
66,-295,-79
-8,-335,-111
-100,-259,-41
62,-194,-35
136,-170,-67
48,-471,9
5,-313,-55
-20,-177,-26
135,-170,-31
100,-264,-32
26,-317,-44
-23,-227,26
42,-248,-24
96,-224,-13
80,-205,-71
13,-331,-19
31,-253,-44
83,-275,-38
130,-190,-34
115,-212,-15
120,-277,-22
180,-205,-26
119,-214,-34
160,-214,-45
149,-226,-8
144,-228,-26
155,-198,-4
161,-203,-16
172,-202,-9
158,-197,-19
163,-200,-14
167,-201,-11
160,-225,-28
162,-204,6
168,-207,-18
166,-212,-14
172,-196,-16
165,-200,-13
173,-206,-7
165,-198,-13
169,-209,-8
176,-212,-12
169,-194,-21
175,-198,-10
165,-193,-15
184,-203,-20
184,-192,-13
177,-196,-16
171,-191,-8
173,-188,-20
188,-200,-6
174,-191,-8
176,-186,-13
182,-187,-13
185,-189,-11
189,-192,-7
181,-195,-17
185,-190,-7
179,-189,-5
176,-185,-14
191,-188,-12
175,-183,24