-0.21 0.44 0.85 -2.36 5.23 -1.14
-0.22 0.43 0.84 0.16 -4.20 2.34
-0.19 0.46 0.79 1.05 7.22 1.55
-0.20 0.45 0.80 -0.34 6.17 2.62
-0.24 0.44 0.82 2.06 3.58 4.09
-0.23 0.46 0.81 -0.07 0.19 5.95
-0.17 0.45 0.82 -5.56 -4.88 3.62
-0.19 0.44 0.86 -5.74 8.90 0.31
-0.26 0.44 0.85 -4.54 6.51 2.89
-0.24 0.44 0.84 -4.59 -11.05 3.97
-0.18 0.46 0.82 -5.91 -8.91 12.88
-0.51 -0.17 1.76 94.28 -250.00 -250.00
0.64 0.39 1.11 8.48 -148.86 -250.00
1.25 0.30 0.46 -78.09 3.36 -164.54
0.54 0.05 0.54 -146.03 94.16 -171.91
0.23 -0.46 0.94 -90.32 116.40 -131.63
0.43 -0.33 0.70 -0.85 7.69 -106.48
0.98 -0.37 0.79 12.69 -12.54 -118.21
0.72 -0.29 1.23 -80.94 85.96 -127.58
0.70 -0.10 0.62 -113.62 37.96 -139.15
0.34 0.02 -0.02 -81.23 143.38 -186.13
-0.07 -0.64 1.14 70.52 247.96 -183.15
-0.19 0.44 0.81 4.04 9.00 -1.01
-0.21 0.45 0.82 1.49 8.38 2.01
-0.22 0.45 0.86 -0.23 6.02 0.02
-0.20 0.44 0.84 1.28 -3.02 -3.14
-0.20 0.45 0.82 0.08 2.84 -0.92
-0.21 0.44 0.85 -2.36 5.23 -1.14
-0.22 0.43 0.84 0.16 -4.20 2.34
-0.19 0.46 0.79 1.05 7.22 1.55
-0.20 0.45 0.80 -0.34 6.17 2.62
-0.24 0.44 0.82 2.06 3.58 4.09
-0.23 0.46 0.81 -0.07 0.19 5.95
-0.17 0.45 0.82 -5.56 -4.88 3.62
-0.19 0.44 0.86 -5.74 8.90 0.31
-0.26 0.44 0.85 -4.54 6.51 2.89
-0.24 0.44 0.84 -4.59 -11.05 3.97
-0.18 0.46 0.82 -5.91 -8.91 12.88
0.33 0.42 0.73 -24.68 -131.27 -181.80
0.42 0.33 -0.26 -106.18 -64.41 -78.64
0.71 -0.53 1.46 55.08 61.61 -90.00
1.11 -0.47 1.56 -9.61 8.41 -106.02
0.70 -0.13 0.41 -40.25 125.20 -105.27
0.02 -0.02 -0.08 -40.04 230.94 -121.93
-1.16 0.05 2.00 84.85 -103.69 -140.98
-0.05 0.23 0.63 -64.81 -112.82 -144.36
0.51 0.03 -0.22 -80.34 -127.60 -101.02
1.53 -0.46 1.46 249.99 -61.96 -149.30
-0.19 0.44 0.81 4.04 9.00 -1.01
-0.21 0.45 0.82 1.49 8.38 2.01
-0.22 0.45 0.86 -0.23 6.02 0.02
-0.20 0.44 0.84 1.28 -3.02 -3.14
-0.20 0.45 0.82 0.08 2.84 -0.92
-0.21 0.44 0.85 -2.36 5.23 -1.14
-0.22 0.43 0.84 0.16 -4.20 2.34
-0.19 0.46 0.79 1.05 7.22 1.55
-0.20 0.45 0.80 -0.34 6.17 2.62
-0.24 0.44 0.82 2.06 3.58 4.09
-0.23 0.46 0.81 -0.07 0.19 5.95
-0.17 0.45 0.82 -5.56 -4.88 3.62
-0.19 0.44 0.86 -5.74 8.90 0.31
-0.26 0.44 0.85 -4.54 6.51 2.89
-0.24 0.44 0.84 -4.59 -11.05 3.97
-0.18 0.46 0.82 -5.91 -8.91 12.88
-0.63 0.19 0.12 -24.57 249.99 -24.99
-1.59 0.38 2.00 27.42 -250.00 -115.53
-0.12 0.25 -0.09 -76.47 -63.26 -97.04
0.21 -0.14 0.13 -80.81 -61.88 -52.09
0.59 -0.98 0.74 249.99 -227.45 -33.84
1.21 0.56 -0.56 -41.14 88.83 87.11
0.12 0.34 -0.12 -35.66 249.99 45.50
-0.05 -0.06 -0.05 -20.79 249.99 15.03
-0.93 0.31 1.28 -80.42 -31.69 -112.53
-0.49 0.32 0.08 -74.93 -108.31 5.46
0.27 -0.12 0.02 -69.56 -147.32 39.11
-0.19 0.44 0.81 4.04 9.00 -1.01
-0.21 0.45 0.82 1.49 8.38 2.01
-0.22 0.45 0.86 -0.23 6.02 0.02
-0.20 0.44 0.84 1.28 -3.02 -3.14
-0.20 0.45 0.82 0.08 2.84 -0.92
-0.21 0.44 0.85 -2.36 5.23 -1.14
-0.22 0.43 0.84 0.16 -4.20 2.34
-0.19 0.46 0.79 1.05 7.22 1.55
-0.20 0.45 0.80 -0.34 6.17 2.62
-0.24 0.44 0.82 2.06 3.58 4.09
-0.23 0.46 0.81 -0.07 0.19 5.95
-0.17 0.45 0.82 -5.56 -4.88 3.62
-0.19 0.44 0.86 -5.74 8.90 0.31
-0.26 0.44 0.85 -4.54 6.51 2.89
-0.24 0.44 0.84 -4.59 -11.05 3.97
-0.18 0.46 0.82 -5.91 -8.91 12.88
1.04 0.08 1.39 -158.97 65.90 79.67
0.17 0.01 -0.41 -64.63 249.99 58.36
0.19 -0.34 0.54 -88.94 249.99 -8.13
-1.14 0.17 1.39 42.33 -72.70 -93.70
-0.22 0.45 0.15 -37.79 -185.04 10.57
0.53 0.14 0.07 5.85 -250.00 46.91
1.50 0.58 -0.23 47.13 -59.05 43.23
0.70 -0.16 0.78 -59.82 153.47 33.54
0.11 0.05 -0.30 -26.47 249.99 8.32
-0.09 -0.20 -0.01 -27.80 249.99 6.46
-0.19 0.44 0.81 4.04 9.00 -1.01
-0.21 0.45 0.82 1.49 8.38 2.01
-0.22 0.45 0.86 -0.23 6.02 0.02
-0.20 0.44 0.84 1.28 -3.02 -3.14
-0.20 0.45 0.82 0.08 2.84 -0.92
-0.21 0.44 0.85 -2.36 5.23 -1.14
-0.22 0.43 0.84 0.16 -4.20 2.34
-0.19 0.46 0.79 1.05 7.22 1.55
-0.20 0.45 0.80 -0.34 6.17 2.62
-0.24 0.44 0.82 2.06 3.58 4.09
-0.23 0.46 0.81 -0.07 0.19 5.95
-0.17 0.45 0.82 -5.56 -4.88 3.62
-0.19 0.44 0.86 -5.74 8.90 0.31
-0.26 0.44 0.85 -4.54 6.51 2.89
-0.24 0.44 0.84 -4.59 -11.05 3.97
-0.18 0.46 0.82 -5.91 -8.91 12.88
-0.24 0.17 0.25 -73.37 -107.91 -71.09
0.09 -0.09 -0.09 -97.37 -100.04 -55.50
0.71 -1.10 2.00 249.99 -250.00 -34.08
1.37 0.51 -0.00 -113.29 28.24 23.90
0.14 0.14 -0.24 -90.55 249.99 34.99
0.02 -0.38 0.51 -96.70 249.99 -7.93
-0.91 0.13 1.86 -22.48 -61.10 -139.51
-0.05 0.34 0.02 -25.84 -122.31 -88.60
0.48 0.16 -0.23 -18.06 -128.44 1.99
1.50 0.79 -0.41 104.84 -101.50 -34.40
0.62 0.12 -0.28 -30.20 241.33 -70.46
-0.19 0.44 0.81 4.04 9.00 -1.01
-0.21 0.45 0.82 1.49 8.38 2.01
-0.22 0.45 0.86 -0.23 6.02 0.02
-0.20 0.44 0.84 1.28 -3.02 -3.14
-0.20 0.45 0.82 0.08 2.84 -0.92
-0.21 0.44 0.85 -2.36 5.23 -1.14
-0.22 0.43 0.84 0.16 -4.20 2.34
-0.19 0.46 0.79 1.05 7.22 1.55
-0.20 0.45 0.80 -0.34 6.17 2.62
-0.24 0.44 0.82 2.06 3.58 4.09
-0.23 0.46 0.81 -0.07 0.19 5.95
-0.17 0.45 0.82 -5.56 -4.88 3.62
-0.19 0.44 0.86 -5.74 8.90 0.31
-0.26 0.44 0.85 -4.54 6.51 2.89
-0.24 0.44 0.84 -4.59 -11.05 3.97
-0.18 0.46 0.82 -5.91 -8.91 12.88
-0.44 0.48 2.00 -7.84 -78.50 -112.14
0.30 0.68 -0.41 -57.51 -140.51 -73.84
0.59 0.01 -0.31 -74.81 33.80 -96.89
0.65 -0.38 1.80 134.24 -250.00 -43.91
0.97 -0.20 0.30 -109.51 2.27 -37.93
0.02 -0.16 -0.17 -35.71 249.99 -97.13
-0.57 -0.47 2.00 249.99 -14.50 -126.39
0.26 -0.35 0.96 25.44 -9.99 -2.37
0.28 -0.27 0.99 9.28 -7.82 7.32
0.34 -0.19 0.87 13.67 -10.70 -4.60
0.27 -0.22 0.89 5.36 10.15 8.08
0.25 -0.23 0.87 1.37 4.91 9.65
0.26 -0.24 0.97 -2.93 -9.13 3.39
0.29 -0.16 0.85 -17.72 0.77 7.87
0.30 -0.34 0.93 -3.10 3.28 0.11
0.29 -0.24 0.79 12.69 14.67 3.56
0.27 -0.20 0.93 2.78 -4.46 -3.29
0.24 -0.21 0.94 -4.02 2.07 -2.85
0.31 -0.22 0.78 -21.00 -2.03 -4.80
0.29 -0.42 0.98 0.81 13.67 -1.32
0.28 -0.21 0.87 -3.04 11.73 -4.94
0.16 -0.30 -0.13 -79.39 183.86 19.27
-0.17 -0.84 1.84 166.87 9.13 -87.70
-0.50 0.27 2.00 -37.83 -114.68 -63.75
0.15 0.42 0.27 -60.78 -196.49 77.42
0.43 0.04 0.00 -37.09 -77.15 74.03
0.79 -0.66 1.27 249.99 -7.97 -30.88
0.06 0.13 1.82 -5.71 -46.78 24.96
0.69 0.32 0.64 -76.05 28.88 9.43
0.21 0.03 -0.03 -15.66 126.19 8.26
0.08 -0.56 1.16 49.95 140.66 -25.00
0.19 -0.36 0.95 10.46 17.97 -0.77
0.20 -0.19 0.83 -9.67 10.49 6.39
0.26 -0.35 0.96 25.44 -9.99 -2.37
0.28 -0.27 0.99 9.28 -7.82 7.32
0.34 -0.19 0.87 13.67 -10.70 -4.60
0.27 -0.22 0.89 5.36 10.15 8.08
0.25 -0.23 0.87 1.37 4.91 9.65
0.26 -0.24 0.97 -2.93 -9.13 3.39
0.29 -0.16 0.85 -17.72 0.77 7.87
0.30 -0.34 0.93 -3.10 3.28 0.11
0.29 -0.24 0.79 12.69 14.67 3.56
0.27 -0.20 0.93 2.78 -4.46 -3.29
0.24 -0.21 0.94 -4.02 2.07 -2.85
0.31 -0.22 0.78 -21.00 -2.03 -4.80
0.29 -0.42 0.98 0.81 13.67 -1.32
0.28 -0.21 0.87 -3.04 11.73 -4.94
0.22 0.36 1.15 -73.08 -212.33 49.96
0.51 0.27 -0.13 -37.64 -76.23 34.05
0.53 -0.28 0.79 69.90 50.62 -19.62
0.34 -0.08 2.00 22.65 111.08 -18.52
0.57 0.30 0.91 -86.05 -39.57 -18.55
0.11 0.13 0.29 -16.72 119.03 9.57
-0.19 -0.37 0.56 39.18 144.38 -2.98
-0.71 -0.14 2.00 21.13 -65.91 -79.49
0.52 0.57 1.15 -16.82 -250.00 -66.08
0.62 0.30 -0.29 -39.00 11.22 16.37
0.48 -0.21 0.36 2.72 51.29 -34.61
0.68 0.05 1.52 55.69 16.90 51.41
0.19 -0.36 0.95 10.46 17.97 -0.77
0.20 -0.19 0.83 -9.67 10.49 6.39
0.26 -0.35 0.96 25.44 -9.99 -2.37
0.28 -0.27 0.99 9.28 -7.82 7.32
0.34 -0.19 0.87 13.67 -10.70 -4.60
0.27 -0.22 0.89 5.36 10.15 8.08
0.25 -0.23 0.87 1.37 4.91 9.65
0.26 -0.24 0.97 -2.93 -9.13 3.39
0.29 -0.16 0.85 -17.72 0.77 7.87
0.30 -0.34 0.93 -3.10 3.28 0.11
0.29 -0.24 0.79 12.69 14.67 3.56
0.27 -0.20 0.93 2.78 -4.46 -3.29
0.24 -0.21 0.94 -4.02 2.07 -2.85
0.31 -0.22 0.78 -21.00 -2.03 -4.80
0.29 -0.42 0.98 0.81 13.67 -1.32
0.28 -0.21 0.87 -3.04 11.73 -4.94
0.42 0.35 1.48 -102.95 -25.38 -52.02
0.18 0.21 0.57 -106.79 129.66 -11.66
-0.01 -0.21 0.13 -36.12 142.79 -76.86
-0.63 -0.43 1.79 229.18 7.34 -84.75
0.14 0.45 1.62 37.52 -250.00 -95.54
0.65 0.51 -0.03 -83.79 -64.13 12.33
0.63 -0.10 0.23 -49.57 23.86 -35.27
0.78 0.01 1.20 55.54 121.77 -67.10
0.40 0.07 1.27 -93.55 5.80 -44.62
0.14 0.08 0.46 -86.18 168.20 -30.33
-0.15 -0.15 0.13 -3.88 196.09 -60.24
0.20 -0.19 0.83 -9.67 10.49 6.39
0.26 -0.35 0.96 25.44 -9.99 -2.37
0.28 -0.27 0.99 9.28 -7.82 7.32
0.34 -0.19 0.87 13.67 -10.70 -4.60
0.27 -0.22 0.89 5.36 10.15 8.08
0.25 -0.23 0.87 1.37 4.91 9.65
0.26 -0.24 0.97 -2.93 -9.13 3.39
0.29 -0.16 0.85 -17.72 0.77 7.87
0.30 -0.34 0.93 -3.10 3.28 0.11
0.29 -0.24 0.79 12.69 14.67 3.56
0.27 -0.20 0.93 2.78 -4.46 -3.29
0.24 -0.21 0.94 -4.02 2.07 -2.85
0.31 -0.22 0.78 -21.00 -2.03 -4.80
0.29 -0.42 0.98 0.81 13.67 -1.32
0.28 -0.21 0.87 -3.04 11.73 -4.94
0.07 0.62 1.52 -14.53 -250.00 -75.03
0.58 0.31 -0.26 -43.85 -30.82 -1.97
0.57 -0.25 0.89 21.58 58.44 -37.03
0.83 -0.09 1.78 -40.58 112.54 -63.95
0.29 0.18 0.33 -105.03 110.97 -71.42
-0.06 0.01 -0.01 -29.88 171.49 -55.18
-0.54 -0.51 2.00 233.17 27.46 -67.80
-0.27 0.27 1.88 23.32 -183.52 -76.18
0.32 0.36 -0.13 -11.67 -110.50 28.24
0.61 -0.05 0.45 23.42 -16.00 -0.68
0.74 0.23 1.90 -64.70 14.96 -36.03
0.20 -0.19 0.83 -9.67 10.49 6.39
0.26 -0.35 0.96 25.44 -9.99 -2.37
0.28 -0.27 0.99 9.28 -7.82 7.32
0.34 -0.19 0.87 13.67 -10.70 -4.60
0.27 -0.22 0.89 5.36 10.15 8.08
0.25 -0.23 0.87 1.37 4.91 9.65
0.26 -0.24 0.97 -2.93 -9.13 3.39
0.29 -0.16 0.85 -17.72 0.77 7.87
0.30 -0.34 0.93 -3.10 3.28 0.11
0.29 -0.24 0.79 12.69 14.67 3.56
0.27 -0.20 0.93 2.78 -4.46 -3.29
0.24 -0.21 0.94 -4.02 2.07 -2.85
0.31 -0.22 0.78 -21.00 -2.03 -4.80
0.29 -0.42 0.98 0.81 13.67 -1.32
0.28 -0.21 0.87 -3.04 11.73 -4.94
0.21 -0.11 -0.27 -24.89 157.26 -0.16
-0.12 -0.50 1.98 75.51 163.59 -71.37
-1.03 0.36 2.00 -40.50 -113.09 -69.64
0.13 0.25 0.16 -5.25 -215.02 23.70
0.58 0.15 -0.30 6.52 -126.84 7.50
1.44 0.38 0.78 -19.49 56.69 14.71
0.30 0.00 0.36 -79.25 157.81 31.49
0.01 -0.06 -0.30 -60.89 249.99 18.36
-0.90 -0.59 2.00 207.64 -51.04 -37.81
-0.83 0.31 1.36 -63.38 -162.20 -36.50
0.15 0.11 -0.16 29.07 -211.49 24.00 
0.20 -0.19 0.83 -9.67 10.49 6.39
0.26 -0.35 0.96 25.44 -9.99 -2.37
0.28 -0.27 0.99 9.28 -7.82 7.32
0.34 -0.19 0.87 13.67 -10.70 -4.60
0.27 -0.22 0.89 5.36 10.15 8.08
0.25 -0.23 0.87 1.37 4.91 9.65
0.26 -0.24 0.97 -2.93 -9.13 3.39
0.29 -0.16 0.85 -17.72 0.77 7.87
0.30 -0.34 0.93 -3.10 3.28 0.11
0.29 -0.24 0.79 12.69 14.67 3.56
0.27 -0.20 0.93 2.78 -4.46 -3.29
0.24 -0.21 0.94 -4.02 2.07 -2.85
0.31 -0.22 0.78 -21.00 -2.03 -4.80
0.29 -0.42 0.98 0.81 13.67 -1.32
0.28 -0.21 0.87 -3.04 11.73 -4.94
0.82 -0.15 2.00 164.83 -248.52 20.37
0.68 0.05 1.45 -47.84 7.42 53.13
0.32 0.02 -0.17 -38.54 224.66 6.57
-0.08 -0.24 0.23 -21.53 249.99 -15.24
-1.44 0.42 2.00 -90.51 67.82 -104.45
0.15 0.11 -0.16 29.07 -211.49 24.00 
0.20 -0.19 0.83 -9.67 10.49 6.39
0.26 -0.35 0.96 25.44 -9.99 -2.37
0.28 -0.27 0.99 9.28 -7.82 7.32
0.34 -0.19 0.87 13.67 -10.70 -4.60
0.27 -0.22 0.89 5.36 10.15 8.08
0.25 -0.23 0.87 1.37 4.91 9.65
0.26 -0.24 0.97 -2.93 -9.13 3.39
0.29 -0.16 0.85 -17.72 0.77 7.87
0.30 -0.34 0.93 -3.10 3.28 0.11
0.29 -0.24 0.79 12.69 14.67 3.56
0.27 -0.20 0.93 2.78 -4.46 -3.29
0.24 -0.21 0.94 -4.02 2.07 -2.85
0.31 -0.22 0.78 -21.00 -2.03 -4.80
0.29 -0.42 0.98 0.81 13.67 -1.32
0.28 -0.21 0.87 -3.04 11.73 -4.94
0.82 -0.15 2.00 164.83 -248.52 20.37
0.68 0.05 1.45 -47.84 7.42 53.13
0.32 0.02 -0.17 -38.54 224.66 6.57
-0.08 -0.24 0.23 -21.53 249.99 -15.24
-1.44 0.42 2.00 -90.51 67.82 -104.45
-0.04 0.18 0.29 -0.70 -188.32 -11.06
0.42 0.05 -0.18 5.65 -170.26 16.31
1.41 0.59 0.66 25.00 -52.70 19.21
0.77 0.09 0.24 -68.01 110.43 16.99
0.04 0.01 -0.27 -51.64 249.99 -1.07
-0.93 -0.63 2.00 241.25 10.00 -24.09
0.20 -0.19 0.83 -9.67 10.49 6.39
0.26 -0.35 0.96 25.44 -9.99 -2.37
0.28 -0.27 0.99 9.28 -7.82 7.32
0.34 -0.19 0.87 13.67 -10.70 -4.60
0.27 -0.22 0.89 5.36 10.15 8.08
0.25 -0.23 0.87 1.37 4.91 9.65
0.26 -0.24 0.97 -2.93 -9.13 3.39
0.29 -0.16 0.85 -17.72 0.77 7.87
0.30 -0.34 0.93 -3.10 3.28 0.11
0.29 -0.24 0.79 12.69 14.67 3.56
0.27 -0.20 0.93 2.78 -4.46 -3.29
0.24 -0.21 0.94 -4.02 2.07 -2.85
0.31 -0.22 0.78 -21.00 -2.03 -4.80
0.29 -0.42 0.98 0.81 13.67 -1.32
0.28 -0.21 0.87 -3.04 11.73 -4.94
0.18 0.09 -0.27 12.39 -186.12 25.74
0.87 -0.19 2.00 147.35 -250.00 15.05
1.01 0.04 1.20 -84.60 29.27 62.26
0.21 0.03 -0.37 -47.55 249.99 -7.51
-0.10 -0.35 1.96 5.36 249.99 -29.70
-1.20 0.35 1.91 -79.99 -60.27 -145.96
-0.05 0.09 -0.13 18.05 -186.67 19.03
0.58 0.08 0.09 16.56 -173.01 42.49
1.03 0.38 1.46 -143.65 61.84 43.71
0.44 -0.04 -0.28 -33.49 242.33 2.58
0.03 -0.35 0.25 -50.74 249.99 -27.95
-1.62 0.18 2.00 -71.948 -180.566 0.95 
0.20 -0.19 0.83 -9.67 10.49 6.39
0.26 -0.35 0.96 25.44 -9.99 -2.37
0.28 -0.27 0.99 9.28 -7.82 7.32
0.34 -0.19 0.87 13.67 -10.70 -4.60
0.27 -0.22 0.89 5.36 10.15 8.08
0.25 -0.23 0.87 1.37 4.91 9.65
0.26 -0.24 0.97 -2.93 -9.13 3.39
0.29 -0.16 0.85 -17.72 0.77 7.87
0.30 -0.34 0.93 -3.10 3.28 0.11
0.29 -0.24 0.79 12.69 14.67 3.56
0.27 -0.20 0.93 2.78 -4.46 -3.29
0.24 -0.21 0.94 -4.02 2.07 -2.85
0.31 -0.22 0.78 -21.00 -2.03 -4.80
0.29 -0.42 0.98 0.81 13.67 -1.32
0.28 -0.21 0.87 -3.04 11.73 -4.94
-0.23 0.20 0.14 -18.59 -195.84 25.60
0.59 0.02 -0.20 -4.17 -224.74 46.49
1.29 0.64 0.80 -95.66 81.92 24.77
0.50 0.08 -0.27 -42.30 189.78 27.53
0.02 -0.25 -0.03 -58.30 249.99 -9.57
-1.74 0.04 2.00 -42.82 193.99 -167.76
-0.30 0.27 0.26 0.65 -250.00 25.76
0.54 0.04 -0.32 23.95 -242.69 40.81
1.46 0.58 0.20 -115.71 -23.27 22.76
0.45 0.05 -0.41 -100.14 237.31 74.81
0.04 -0.71 1.93 -21.43 242.71 -4.33
0.20 -0.19 0.83 -9.67 10.49 6.39
0.26 -0.35 0.96 25.44 -9.99 -2.37
0.28 -0.27 0.99 9.28 -7.82 7.32
0.34 -0.19 0.87 13.67 -10.70 -4.60
0.27 -0.22 0.89 5.36 10.15 8.08
0.25 -0.23 0.87 1.37 4.91 9.65
0.26 -0.24 0.97 -2.93 -9.13 3.39
0.29 -0.16 0.85 -17.72 0.77 7.87
0.30 -0.34 0.93 -3.10 3.28 0.11
0.29 -0.24 0.79 12.69 14.67 3.56
0.27 -0.20 0.93 2.78 -4.46 -3.29
0.24 -0.21 0.94 -4.02 2.07 -2.85
0.31 -0.22 0.78 -21.00 -2.03 -4.80
0.29 -0.42 0.98 0.81 13.67 -1.32
0.28 -0.21 0.87 -3.04 11.73 -4.94
-0.57 -0.01 0.36 -63.63 -85.77 108.76
0.32 -0.18 0.63 38.82 -250.00 68.11
1.18 1.39 0.70 -136.60 -176.48 71.75
0.53 -0.07 -0.22 -51.42 160.34 58.36
-0.08 -0.77 2.00 83.33 240.23 -39.07
-1.29 -0.19 1.68 18.72 132.06 -65.82
-0.50 -0.03 0.29 -69.22 -192.07 153.67
0.31 -0.75 1.68 211.71 -250.00 110.32
0.69 0.47 0.70 -183.56 -13.70 108.45
0.18 -0.10 -0.25 -118.10 232.16 19.71
0.20 -0.19 0.83 -9.67 10.49 6.39
0.26 -0.35 0.96 25.44 -9.99 -2.37
0.28 -0.27 0.99 9.28 -7.82 7.32
0.34 -0.19 0.87 13.67 -10.70 -4.60
0.27 -0.22 0.89 5.36 10.15 8.08
0.25 -0.23 0.87 1.37 4.91 9.65
0.26 -0.24 0.97 -2.93 -9.13 3.39
0.29 -0.16 0.85 -17.72 0.77 7.87
0.30 -0.34 0.93 -3.10 3.28 0.11
0.29 -0.24 0.79 12.69 14.67 3.56
0.27 -0.20 0.93 2.78 -4.46 -3.29
0.24 -0.21 0.94 -4.02 2.07 -2.85
0.31 -0.22 0.78 -21.00 -2.03 -4.80
0.29 -0.42 0.98 0.81 13.67 -1.32
0.28 -0.21 0.87 -3.04 11.73 -4.94
-0.89 -0.79 1.63 -36.02 -26.27 -113.01
-0.07 0.23 0.26 -34.65 -250.00 -31.39
0.70 0.23 -0.41 48.76 -99.27 62.42
0.95 0.74 0.42 128.13 -29.37 25.76
0.54 -0.05 0.67 -45.87 76.73 -13.47
0.10 -0.01 -0.26 13.75 249.99 -59.95
-1.08 -0.40 2.00 212.04 10.92 -104.52
-0.52 0.24 1.23 -50.51 -208.05 -89.76
0.13 0.16 -0.08 -14.13 -139.52 32.26
0.71 -0.24 1.57 85.88 -137.89 19.65
0.67 0.04 1.85 -100.09 87.65 0.89
0.20 -0.19 0.83 -9.67 10.49 6.39
0.26 -0.35 0.96 25.44 -9.99 -2.37
0.28 -0.27 0.99 9.28 -7.82 7.32
0.34 -0.19 0.87 13.67 -10.70 -4.60
0.27 -0.22 0.89 5.36 10.15 8.08
0.25 -0.23 0.87 1.37 4.91 9.65
0.26 -0.24 0.97 -2.93 -9.13 3.39
0.29 -0.16 0.85 -17.72 0.77 7.87
0.30 -0.34 0.93 -3.10 3.28 0.11
0.29 -0.24 0.79 12.69 14.67 3.56
0.27 -0.20 0.93 2.78 -4.46 -3.29
0.24 -0.21 0.94 -4.02 2.07 -2.85
0.31 -0.22 0.78 -21.00 -2.03 -4.80
0.29 -0.42 0.98 0.81 13.67 -1.32
0.28 -0.21 0.87 -3.04 11.73 -4.94
-0.12 -0.11 0.03 -14.49 249.99 -2.66
-1.28 0.16 1.80 -25.02 162.13 -91.49
-0.24 0.30 0.47 -24.14 -205.47 12.25
0.34 0.02 -0.16 -14.42 -150.19 37.91
1.36 0.30 1.05 151.05 -21.06 -8.71
0.62 -0.02 0.58 -66.50 53.36 20.52
0.08 0.04 -0.32 -42.18 249.99 1.95
0.25 -0.23 0.87 1.37 4.91 9.65
0.26 -0.24 0.97 -2.93 -9.13 3.39
0.29 -0.16 0.85 -17.72 0.77 7.87
0.30 -0.34 0.93 -3.10 3.28 0.11
0.29 -0.24 0.79 12.69 14.67 3.56
0.27 -0.20 0.93 2.78 -4.46 -3.29
0.24 -0.21 0.94 -4.02 2.07 -2.85
0.31 -0.22 0.78 -21.00 -2.03 -4.80
0.29 -0.42 0.98 0.81 13.67 -1.32
0.28 -0.21 0.87 -3.04 11.73 -4.94
-0.89 -0.79 1.63 -36.02 -26.27 -113.01
-0.07 0.23 0.26 -34.65 -250.00 -31.39
0.70 0.23 -0.41 48.76 -99.27 62.42
0.95 0.74 0.42 128.13 -29.37 25.76
0.54 -0.05 0.67 -45.87 76.73 -13.47
0.10 -0.01 -0.26 13.75 249.99 -59.95
-1.08 -0.40 2.00 212.04 10.92 -104.52
-0.52 0.24 1.23 -50.51 -208.05 -89.76
0.13 0.16 -0.08 -14.13 -139.52 32.26
0.71 -0.24 1.57 85.88 -137.89 19.65
0.67 0.04 1.85 -100.09 87.65 0.89
0.20 -0.19 0.83 -9.67 10.49 6.39
0.26 -0.35 0.96 25.44 -9.99 -2.37
0.28 -0.27 0.99 9.28 -7.82 7.32
0.34 -0.19 0.87 13.67 -10.70 -4.60
0.27 -0.22 0.89 5.36 10.15 8.08
0.25 -0.23 0.87 1.37 4.91 9.65
0.26 -0.24 0.97 -2.93 -9.13 3.39
0.29 -0.16 0.85 -17.72 0.77 7.87
0.30 -0.34 0.93 -3.10 3.28 0.11
0.29 -0.24 0.79 12.69 14.67 3.56
0.27 -0.20 0.93 2.78 -4.46 -3.29
0.24 -0.21 0.94 -4.02 2.07 -2.85
0.31 -0.22 0.78 -21.00 -2.03 -4.80
0.29 -0.42 0.98 0.81 13.67 -1.32
0.28 -0.21 0.87 -3.04 11.73 -4.94
-0.12 -0.11 0.03 -14.49 249.99 -2.66
-1.28 0.16 1.80 -25.02 162.13 -91.49
-0.24 0.30 0.47 -24.14 -205.47 12.25
0.34 0.02 -0.16 -14.42 -150.19 37.91
1.36 0.30 1.05 151.05 -21.06 -8.71
0.62 -0.02 0.58 -66.50 53.36 20.52
0.08 0.04 -0.32 -42.18 249.99 1.95
-0.22 -0.45 1.90 59.74 164.51 -13.55
-1.24 0.44 2.00 -65.95 -116.13 -109.41
0.07 0.17 -0.17 -13.45 -245.21 39.79
0.20 -0.19 0.83 -9.67 10.49 6.39
0.26 -0.35 0.96 25.44 -9.99 -2.37
0.28 -0.27 0.99 9.28 -7.82 7.32
0.34 -0.19 0.87 13.67 -10.70 -4.60
0.27 -0.22 0.89 5.36 10.15 8.08
0.25 -0.23 0.87 1.37 4.91 9.65
0.26 -0.24 0.97 -2.93 -9.13 3.39
0.29 -0.16 0.85 -17.72 0.77 7.87
0.30 -0.34 0.93 -3.10 3.28 0.11
0.29 -0.24 0.79 12.69 14.67 3.56
0.27 -0.20 0.93 2.78 -4.46 -3.29
0.24 -0.21 0.94 -4.02 2.07 -2.85
0.31 -0.22 0.78 -21.00 -2.03 -4.80
0.29 -0.42 0.98 0.81 13.67 -1.32
0.28 -0.21 0.87 -3.04 11.73 -4.94
0.95 0.40 1.46 -125.72 6.96 -15.98
0.40 0.03 0.15 -67.62 156.26 1.30
-0.03 -0.21 -0.18 -81.12 249.99 5.82
-0.88 -0.92 1.29 249.99 194.37 -38.58
-0.46 0.30 0.78 -6.13 -250.00 -34.77
0.43 0.09 -0.39 19.26 -246.60 36.22
1.60 0.32 1.59 153.85 -21.05 -29.25
0.52 0.14 0.63 -71.77 136.59 -7.75
-0.03 0.03 -0.29 -62.74 249.99 -4.43
-0.82 -0.63 2.00 201.32 27.77 1.92
-1.14 0.31 1.32 -76.71 -156.39 -73.26
0.20 -0.19 0.83 -9.67 10.49 6.39
0.26 -0.35 0.96 25.44 -9.99 -2.37
0.28 -0.27 0.99 9.28 -7.82 7.32
0.34 -0.19 0.87 13.67 -10.70 -4.60
0.27 -0.22 0.89 5.36 10.15 8.08
0.25 -0.23 0.87 1.37 4.91 9.65
0.26 -0.24 0.97 -2.93 -9.13 3.39
0.29 -0.16 0.85 -17.72 0.77 7.87
0.30 -0.34 0.93 -3.10 3.28 0.11
0.29 -0.24 0.79 12.69 14.67 3.56
0.27 -0.20 0.93 2.78 -4.46 -3.29
0.24 -0.21 0.94 -4.02 2.07 -2.85
0.31 -0.22 0.78 -21.00 -2.03 -4.80
0.29 -0.42 0.98 0.81 13.67 -1.32
0.28 -0.21 0.87 -3.04 11.73 -4.94
0.82 -0.04 1.90 107.15 -250.00 4.20
0.45 0.18 2.00 -88.94 69.66 71.66
0.30 -0.01 -0.16 -50.32 203.47 30.58
0.03 -0.25 -0.02 -74.39 249.99 12.12
-1.53 0.07 1.81 -65.79 205.23 -96.32
-0.28 0.16 0.44 -38.20 -208.92 40.23
0.50 -0.10 -0.10 -10.86 -222.91 28.90
1.13 1.13 0.58 52.99 2.78 28.85
0.55 0.07 0.18 -67.09 121.80 70.46
-0.03 -0.05 -0.27 -64.62 249.99 37.35
-0.83 -0.65 1.18 249.99 107.32 -1.67
0.20 -0.19 0.83 -9.67 10.49 6.39
0.26 -0.35 0.96 25.44 -9.99 -2.37
0.28 -0.27 0.99 9.28 -7.82 7.32
0.34 -0.19 0.87 13.67 -10.70 -4.60
0.27 -0.22 0.89 5.36 10.15 8.08
0.25 -0.23 0.87 1.37 4.91 9.65
0.26 -0.24 0.97 -2.93 -9.13 3.39
0.29 -0.16 0.85 -17.72 0.77 7.87
0.30 -0.34 0.93 -3.10 3.28 0.11
0.29 -0.24 0.79 12.69 14.67 3.56
0.27 -0.20 0.93 2.78 -4.46 -3.29
0.24 -0.21 0.94 -4.02 2.07 -2.85
0.31 -0.22 0.78 -21.00 -2.03 -4.80
0.29 -0.42 0.98 0.81 13.67 -1.32
0.28 -0.21 0.87 -3.04 11.73 -4.94
0.28 0.04 -0.28 4.93 -231.98 51.90
0.79 -0.53 2.00 249.99 -250.00 -6.81
0.72 0.05 0.87 -72.67 50.46 68.31
0.11 0.03 -0.35 -49.62 249.99 20.04
-0.27 -0.45 1.83 8.48 249.99 2.62
-1.82 0.36 2.00 -84.60 20.92 -84.09
-0.02 0.16 0.01 -17.38 -250.00 66.79
0.74 -0.12 0.22 0.82 -248.24 18.68
0.86 0.59 2.00 -99.14 63.75 1.05
0.43 0.09 0.05 -60.68 150.60 34.93
-0.03 -0.15 -0.27 -84.30 249.99 21.06
0.20 -0.19 0.83 -9.67 10.49 6.39
0.26 -0.35 0.96 25.44 -9.99 -2.37
0.28 -0.27 0.99 9.28 -7.82 7.32
0.34 -0.19 0.87 13.67 -10.70 -4.60
0.27 -0.22 0.89 5.36 10.15 8.08
0.25 -0.23 0.87 1.37 4.91 9.65
0.26 -0.24 0.97 -2.93 -9.13 3.39
0.29 -0.16 0.85 -17.72 0.77 7.87
0.30 -0.34 0.93 -3.10 3.28 0.11
0.29 -0.24 0.79 12.69 14.67 3.56
0.27 -0.20 0.93 2.78 -4.46 -3.29
0.24 -0.21 0.94 -4.02 2.07 -2.85
0.31 -0.22 0.78 -21.00 -2.03 -4.80
0.29 -0.42 0.98 0.81 13.67 -1.32
0.28 -0.21 0.87 -3.04 11.73 -4.94
-0.65 0.26 0.65 -41.99 -250.00 55.24
0.43 -0.04 -0.15 -6.41 -250.00 61.95
1.59 0.40 0.69 115.68 -15.37 -68.24
0.80 0.03 0.23 -67.02 104.42 35.15
0.05 -0.02 -0.33 -54.54 249.99 6.18
-1.08 -0.90 2.00 204.97 178.50 28.75
-1.57 0.55 1.08 -65.12 -193.70 -2.04
0.25 0.12 -0.17 -53.43 -250.00 91.76
1.24 -0.69 1.82 213.07 -136.59 -43.90
0.29 0.32 1.51 -122.44 15.91 21.69
0.20 -0.19 0.83 -9.67 10.49 6.39
0.26 -0.35 0.96 25.44 -9.99 -2.37
0.26 -0.24 0.97 -2.93 -9.13 3.39
0.29 -0.16 0.85 -17.72 0.77 7.87
0.30 -0.34 0.93 -3.10 3.28 0.11
0.29 -0.24 0.79 12.69 14.67 3.56
0.27 -0.20 0.93 2.78 -4.46 -3.29
0.24 -0.21 0.94 -4.02 2.07 -2.85
0.31 -0.22 0.78 -21.00 -2.03 -4.80
0.29 -0.42 0.98 0.81 13.67 -1.32
0.28 -0.21 0.87 -3.04 11.73 -4.94
-0.65 0.26 0.65 -41.99 -250.00 55.24
0.43 -0.04 -0.15 -6.41 -250.00 61.95
1.59 0.40 0.69 115.68 -15.37 -68.24
0.80 0.03 0.23 -67.02 104.42 35.15
0.05 -0.02 -0.33 -54.54 249.99 6.18
-1.08 -0.90 2.00 204.97 178.50 28.75
-1.57 0.55 1.08 -65.12 -193.70 -2.04
0.25 0.12 -0.17 -53.43 -250.00 91.76
1.24 -0.69 1.82 213.07 -136.59 -43.90
0.29 0.32 1.51 -122.44 15.91 21.69
0.20 -0.19 0.83 -9.67 10.49 6.39
0.26 -0.35 0.96 25.44 -9.99 -2.37
0.28 -0.27 0.99 9.28 -7.82 7.32
0.34 -0.19 0.87 13.67 -10.70 -4.60
0.27 -0.22 0.89 5.36 10.15 8.08
0.25 -0.23 0.87 1.37 4.91 9.65
0.26 -0.24 0.97 -2.93 -9.13 3.39
0.29 -0.16 0.85 -17.72 0.77 7.87
0.30 -0.34 0.93 -3.10 3.28 0.11
0.29 -0.24 0.79 12.69 14.67 3.56
0.27 -0.20 0.93 2.78 -4.46 -3.29
0.24 -0.21 0.94 -4.02 2.07 -2.85
0.31 -0.22 0.78 -21.00 -2.03 -4.80
0.29 -0.42 0.98 0.81 13.67 -1.32
0.28 -0.21 0.87 -3.04 11.73 -4.94
-0.06 -0.20 -0.16 -97.41 249.99 9.81
-1.20 -0.88 1.24 186.71 249.38 -50.46
-0.55 0.24 0.74 -11.55 -250.00 34.38
0.47 0.01 -0.33 -10.70 -239.58 59.56
1.48 0.22 0.81 200.28 -28.90 -50.48
0.27 0.09 0.84 -67.34 40.78 12.12
0.21 0.01 -0.23 -63.80 137.05 13.87
-0.00 -0.39 0.96 -37.76 181.05 0.96
-1.52 0.10 2.00 -43.40 141.39 -142.20
-0.11 0.21 0.45 -6.14 -250.00 16.40
0.49 0.10 -0.43 -32.74 -211.40 37.39
0.20 -0.19 0.83 -9.67 10.49 6.39
0.26 -0.35 0.96 25.44 -9.99 -2.37
0.28 -0.27 0.99 9.28 -7.82 7.32
0.34 -0.19 0.87 13.67 -10.70 -4.60
0.27 -0.22 0.89 5.36 10.15 8.08
0.25 -0.23 0.87 1.37 4.91 9.65
0.26 -0.24 0.97 -2.93 -9.13 3.39
0.29 -0.16 0.85 -17.72 0.77 7.87
0.30 -0.34 0.93 -3.10 3.28 0.11
0.29 -0.24 0.79 12.69 14.67 3.56
0.27 -0.20 0.93 2.78 -4.46 -3.29
0.24 -0.21 0.94 -4.02 2.07 -2.85
0.31 -0.22 0.78 -21.00 -2.03 -4.80
0.29 -0.42 0.98 0.81 13.67 -1.32
0.28 -0.21 0.87 -3.04 11.73 -4.94
0.76 0.04 0.61 -92.85 19.50 17.45
0.21 0.02 -0.21 -74.91 209.53 -6.54
-0.35 -0.62 2.00 67.34 195.77 15.12
-1.45 0.22 2.00 -25.10 41.54 -185.98
-0.16 0.34 0.60 2.94 -250.00 24.43
0.46 0.08 -0.58 -28.31 -161.52 53.81
1.21 0.13 0.93 231.96 -9.03 -81.44
0.76 0.06 1.08 -91.96 17.98 27.35
0.27 0.06 -0.13 -69.92 161.25 -16.44
-0.08 -0.42 1.71 19.39 186.33 -14.40
-1.17 0.35 2.00 -43.66 154.21 -197.28
0.20 -0.19 0.83 -9.67 10.49 6.39
0.26 -0.35 0.96 25.44 -9.99 -2.37
0.28 -0.27 0.99 9.28 -7.82 7.32
0.34 -0.19 0.87 13.67 -10.70 -4.60
0.27 -0.22 0.89 5.36 10.15 8.08
0.25 -0.23 0.87 1.37 4.91 9.65
0.26 -0.24 0.97 -2.93 -9.13 3.39
0.29 -0.16 0.85 -17.72 0.77 7.87
0.30 -0.34 0.93 -3.10 3.28 0.11
0.29 -0.24 0.79 12.69 14.67 3.56
0.27 -0.20 0.93 2.78 -4.46 -3.29
0.24 -0.21 0.94 -4.02 2.07 -2.85
0.31 -0.22 0.78 -21.00 -2.03 -4.80
0.29 -0.42 0.98 0.81 13.67 -1.32
0.28 -0.21 0.87 -3.04 11.73 -4.94
0.36 -0.08 -0.10 -44.35 -133.01 60.23
0.86 0.09 1.12 178.49 -134.99 -63.58
0.90 0.05 1.10 -102.94 24.99 39.53
0.24 0.10 0.08 -90.69 146.52 -13.85
-0.19 -0.60 2.00 120.97 171.74 -11.86
-1.20 0.20 1.97 -15.82 -22.93 -142.95
0.02 0.32 0.43 -24.45 -226.38 1.01
0.51 0.05 0.05 -2.54 -117.52 62.13
0.99 0.01 0.63 95.44 2.49 -29.81
0.77 0.00 1.30 -84.56 40.41 -6.65
0.30 0.25 0.39 -63.10 133.76 -50.73
0.20 -0.19 0.83 -9.67 10.49 6.39
0.26 -0.35 0.96 25.44 -9.99 -2.37
0.28 -0.27 0.99 9.28 -7.82 7.32
0.34 -0.19 0.87 13.67 -10.70 -4.60
0.27 -0.22 0.89 5.36 10.15 8.08
0.25 -0.23 0.87 1.37 4.91 9.65
0.26 -0.24 0.97 -2.93 -9.13 3.39
0.29 -0.16 0.85 -17.72 0.77 7.87
0.30 -0.34 0.93 -3.10 3.28 0.11
0.29 -0.24 0.79 12.69 14.67 3.56
0.27 -0.20 0.93 2.78 -4.46 -3.29
0.24 -0.21 0.94 -4.02 2.07 -2.85
0.31 -0.22 0.78 -21.00 -2.03 -4.80
0.29 -0.42 0.98 0.81 13.67 -1.32
0.28 -0.21 0.87 -3.04 11.73 -4.94
-0.81 -0.10 1.77 13.02 249.99 -142.85
-0.24 0.59 0.84 -73.56 -250.00 -9.79
0.33 0.16 -0.38 -70.03 -125.50 42.99
1.04 -0.43 0.89 184.52 -65.86 -73.43
1.35 -0.16 1.10 -69.79 -9.17 -18.00
0.49 0.17 0.34 -104.72 162.70 -96.24
-0.00 -0.13 0.04 -43.07 249.99 -68.57
-0.83 -0.07 1.81 51.03 148.00 -166.66
-0.01 0.41 0.54 -24.11 -250.00 -98.56
0.54 0.21 -0.57 -68.34 -141.40 17.23
0.20 -0.19 0.83 -9.67 10.49 6.39
0.26 -0.35 0.96 25.44 -9.99 -2.37
0.28 -0.27 0.99 9.28 -7.82 7.32
0.34 -0.19 0.87 13.67 -10.70 -4.60
0.27 -0.22 0.89 5.36 10.15 8.08
0.25 -0.23 0.87 1.37 4.91 9.65
0.26 -0.24 0.97 -2.93 -9.13 3.39
0.29 -0.16 0.85 -17.72 0.77 7.87
0.30 -0.34 0.93 -3.10 3.28 0.11
0.29 -0.24 0.79 12.69 14.67 3.56
0.27 -0.20 0.93 2.78 -4.46 -3.29
0.24 -0.21 0.94 -4.02 2.07 -2.85
0.31 -0.22 0.78 -21.00 -2.03 -4.80
0.29 -0.42 0.98 0.81 13.67 -1.32
0.28 -0.21 0.87 -3.04 11.73 -4.94
1.08 -0.20 1.10 -58.17 -0.94 -41.82
0.24 0.16 0.10 -62.81 189.13 -95.57
-0.17 -0.15 0.45 -1.60 249.99 -26.50
-1.27 0.52 2.00 -12.77 -59.01 -151.60
0.19 0.40 -0.07 -29.88 -250.00 -43.39
0.57 0.07 -0.23 -78.07 -70.34 41.85
1.40 0.01 0.85 38.80 -56.50 -16.34
1.07 -0.06 0.40 -96.74 121.95 -23.51
-0.08 0.03 -0.19 -75.58 249.99 -3.41
-0.90 -0.55 2.00 232.96 162.04 36.86
-0.85 0.42 1.22 -50.37 -250.00 -43.02
0.96 -0.53 0.53 130.25 16.91 173.03
0.55 -0.23 0.88 -1.98 215.94 128.49
-0.29 0.09 0.93 -39.38 177.84 125.53
-0.55 -0.15 1.21 -26.89 -50.25 183.11
-0.18 -0.30 0.92 15.72 -153.95 13.99
0.46 -0.29 0.74 12.52 -132.93 18.65
0.19 -0.31 0.93 -2.08 52.60 106.25
-0.20 -0.14 0.80 -32.27 -35.00 104.35
0.01 0.08 -0.21 -62.71 249.99 53.03
-0.27 -0.32 1.38 -20.58 249.99 12.90
-1.62 0.41 1.48 -68.98 17.60 -115.62
0.01 0.07 -0.14 -28.97 -190.99 -5.70
0.56 -0.46 2.00 238.14 -250.00 22.18
0.54 -0.55 0.80 36.74 -136.02 66.78
0.68 -0.35 0.40 48.99 -99.76 103.95
0.82 -0.22 0.67 51.21 -41.79 118.81
0.89 -0.26 0.81 70.95 72.24 69.95
0.15 -0.09 0.84 31.65 227.72 82.66
-0.05 -0.10 1.12 -6.79 52.90 128.79
-0.02 -0.23 1.05 12.60 15.06 53.80
0.01 -0.23 0.98 8.26 -17.31 58.88
0.12 -0.21 0.71 10.98 2.22 43.71
0.06 -0.13 0.89 8.45 -34.19 9.35
0.16 -0.24 0.83 36.25 -69.11 -29.12
0.34 -0.24 0.86 16.83 -68.62 -15.16
-0.27 -0.32 1.38 -20.58 249.99 12.90
-1.62 0.41 1.48 -68.98 17.60 -115.62
0.01 0.07 -0.14 -28.97 -190.99 -5.70
0.56 -0.46 2.00 238.14 -250.00 22.18
0.39 -0.17 1.00 11.00 7.42 -10.25
0.28 -0.14 0.93 10.07 -19.83 -20.65
0.36 -0.13 0.86 12.23 12.86 3.23
0.20 -0.08 0.86 -3.69 32.83 24.91
0.24 -0.12 0.99 12.85 2.72 11.15
0.17 -0.11 0.94 14.94 9.71 16.20
0.35 -0.08 0.87 -1.75 -20.22 15.59
0.33 -0.07 0.89 -3.08 7.23 -8.31
0.21 -0.14 0.93 14.63 32.10 0.03
0.27 -0.11 0.93 8.19 -6.12 0.56
0.27 -0.09 0.93 6.56 25.11 -5.10
0.17 -0.09 0.95 -6.17 27.02 1.00
-0.27 -0.32 1.38 -20.58 249.99 12.90
-1.62 0.41 1.48 -68.98 17.60 -115.62
0.01 0.07 -0.14 -28.97 -190.99 -5.70
0.56 -0.46 2.00 238.14 -250.00 22.18
0.26 -0.09 0.93 8.09 1.79 -2.31
0.18 -0.10 0.90 -2.51 33.56 4.59
0.12 -0.13 0.99 -5.30 0.95 -0.39
0.14 -0.14 0.95 -2.73 -18.59 9.41
0.19 -0.13 0.92 -2.65 -9.02 3.79
0.20 -0.10 0.80 1.34 16.07 -1.82
0.14 -0.09 1.03 5.51 -9.49 0.48
0.29 -0.13 0.97 15.39 0.56 -7.64
0.31 -0.14 0.85 16.94 34.38 -15.46
0.16 0.02 0.81 3.76 36.87 -26.29
0.08 -0.07 1.03 4.67 27.86 -18.60
0.14 -0.12 1.04 16.18 -5.37 -18.54
0.16 0.04 0.86 16.83 -68.62 -15.16
-0.27 -0.32 1.38 -20.58 249.99 12.90
-1.62 0.41 1.48 -68.98 17.60 -115.62
0.01 0.07 -0.14 -28.97 -190.99 -5.70
0.56 -0.46 2.00 238.14 -250.00 22.18
0.53 0.10 0.93 -11.21 -13.79 -17.36
0.04 -0.06 0.99 -9.38 14.33 -3.69
0.10 -0.15 0.99 2.23 -25.21 1.39
0.20 -0.11 0.88 -0.12 -31.75 8.58
0.24 -0.08 0.87 -7.64 -5.16 16.36
0.12 -0.12 1.03 4.33 8.71 7.65
0.11 -0.09 0.94 3.18 -22.35 8.20
0.26 -0.10 0.95 -5.08 -21.22 6.07
0.16 -0.07 0.90 -0.52 9.86 3.67
0.19 -0.11 1.09 -5.41 3.17 -1.52
0.15 -0.04 0.92 -13.89 -40.40 -20.41
0.44 0.01 0.70 -78.48 -63.80 -1.11
0.63 -0.13 0.76 -139.62 46.09 -38.70
-0.27 -0.32 1.38 -20.58 249.99 12.90
-1.62 0.41 1.48 -68.98 17.60 -115.62
0.01 0.07 -0.14 -28.97 -190.99 -5.70
0.56 -0.46 2.00 238.14 -250.00 22.18
0.27 -0.54 1.14 -27.31 -16.38 -91.89
0.57 -0.38 1.00 37.97 -94.48 -183.16
0.81 -0.08 0.58 -1.34 -44.98 -212.55
0.83 -0.04 0.46 -54.64 123.29 -246.47
-0.04 -0.15 1.03 -85.65 188.69 -195.27
-0.08 -0.20 1.29 13.69 68.09 -80.47
0.32 -0.09 1.16 11.81 18.56 -70.88
0.43 0.07 0.70 7.28 7.77 -40.34
0.36 0.01 0.31 43.31 75.98 -23.83
0.07 0.11 0.75 25.56 105.25 22.07
-0.00 -0.09 1.39 -32.13 84.34 -10.67
-0.27 -0.32 1.38 -20.58 249.99 12.90
-0.14 -0.11 1.15 12.65 171.70 8.81
-0.20 0.21 1.28 -18.00 -25.83 50.65
0.07 0.00 0.82 -37.59 2.50 -0.08
-0.07 -0.07 0.46 -57.70 72.55 -40.18
-0.38 -0.19 0.83 21.37 18.39 -52.81
-0.44 -0.40 1.66 157.01 -158.50 -54.08
0.13 0.01 0.98 0.78 0.66 1.48
0.13 0.01 0.98 -0.75 0.56 0.53
0.11 -0.00 0.98 -0.16 -1.38 1.41
0.13 0.01 0.96 -1.06 -1.54 0.67
0.14 0.02 0.97 -0.89 1.48 0.25
0.14 0.01 0.97 -0.48 2.94 -0.47
0.13 0.01 0.99 -1.53 2.68 0.89
0.14 0.00 0.98 -1.40 0.43 0.62
0.13 0.00 0.99 -1.35 1.53 0.90
0.12 0.01 0.97 -0.48 1.32 1.28
0.14 0.00 0.97 -0.76 3.92 1.41
0.11 0.01 0.98 -1.14 6.15 3.52
0.12 -0.00 0.97 -0.47 5.46 2.22
0.50 -0.05 0.73 -2.89 -51.92 22.95
-0.46 -0.18 0.98 -38.18 54.94 -39.73
-0.32 -0.36 0.74 97.82 -44.73 -6.02
-0.10 -0.10 1.36 -12.08 -87.39 -37.57
0.06 0.40 1.08 12.88 -102.49 -29.67
0.06 0.39 0.74 -50.75 -25.75 16.62
0.48 0.02 0.66 -57.20 -37.10 0.77
0.73 -0.21 0.58 83.47 39.38 -64.05
-0.14 -0.11 1.15 12.65 171.70 8.81
-0.20 0.21 1.28 -18.00 -25.83 50.65
0.07 0.00 0.82 -37.59 2.50 -0.08
-0.07 -0.07 0.46 -57.70 72.55 -40.18
-0.38 -0.19 0.83 21.37 18.39 -52.81
-0.44 -0.40 1.66 157.01 -158.50 -54.08
0.12 -0.00 0.97 -0.58 4.78 2.07
0.10 -0.01 0.98 -0.31 5.12 3.14
0.13 0.00 0.97 -0.63 5.20 -0.71
0.11 -0.01 0.98 -0.42 8.20 0.24
0.11 -0.01 0.98 1.88 9.57 -0.55
0.10 -0.01 0.99 -0.46 7.16 -1.00
0.10 -0.01 0.98 -0.95 10.64 -2.58
0.08 -0.01 0.98 -0.59 8.18 -3.83
0.08 -0.01 0.98 -1.95 3.70 -1.95
0.07 -0.00 0.98 -0.03 2.24 -2.27
0.08 -0.01 0.99 0.11 3.20 -0.65
0.09 -0.01 0.98 -0.31 4.21 0.53
0.06 -0.01 0.97 -1.40 14.98 -16.17
0.50 -0.05 0.73 -2.89 -51.92 22.95
-0.46 -0.18 0.98 -38.18 54.94 -39.73
-0.32 -0.36 0.74 97.82 -44.73 -6.02
-0.10 -0.10 1.36 -12.08 -87.39 -37.57
0.06 0.40 1.08 12.88 -102.49 -29.67
0.06 0.39 0.74 -50.75 -25.75 16.62
0.48 0.02 0.66 -57.20 -37.10 0.77
0.73 -0.21 0.58 83.47 39.38 -64.05
-0.14 -0.11 1.15 12.65 171.70 8.81
-0.20 0.21 1.28 -18.00 -25.83 50.65
0.07 0.00 0.82 -37.59 2.50 -0.08
-0.07 -0.07 0.46 -57.70 72.55 -40.18
-0.38 -0.19 0.83 21.37 18.39 -52.81
-0.44 -0.40 1.66 157.01 -158.50 -54.08
0.07 -0.00 0.97 -0.02 2.37 1.53
0.07 -0.00 0.97 -0.31 0.73 0.17
0.08 -0.01 0.98 0.33 2.82 1.30
0.07 -0.00 0.97 -0.57 2.56 1.30
0.08 -0.02 0.98 -0.37 2.97 1.81
0.07 0.01 0.97 -0.47 1.59 1.83
0.08 -0.01 0.97 -0.43 -0.11 0.35
0.08 -0.01 0.99 0.02 3.14 0.92
0.07 -0.01 0.97 -0.68 3.46 -0.57
0.06 -0.01 0.99 -0.14 0.34 -2.11
0.07 -0.02 0.98 0.18 1.41 -1.88
0.07 -0.00 0.97 0.14 2.90 -3.77
0.50 -0.05 0.73 -2.89 -51.92 22.95
-0.46 -0.18 0.98 -38.18 54.94 -39.73
-0.32 -0.36 0.74 97.82 -44.73 -6.02
-0.10 -0.10 1.36 -12.08 -87.39 -37.57
0.06 0.40 1.08 12.88 -102.49 -29.67
0.06 0.39 0.74 -50.75 -25.75 16.62
0.48 0.02 0.66 -57.20 -37.10 0.77
0.73 -0.21 0.58 83.47 39.38 -64.05
-0.14 -0.11 1.15 12.65 171.70 8.81
-0.20 0.21 1.28 -18.00 -25.83 50.65
0.07 0.00 0.82 -37.59 2.50 -0.08
-0.07 -0.07 0.46 -57.70 72.55 -40.18
-0.38 -0.19 0.83 21.37 18.39 -52.81
-0.44 -0.40 1.66 157.01 -158.50 -54.08
0.07 -0.02 0.98 -0.24 5.39 -3.10
0.06 -0.02 0.98 1.67 5.77 -5.21
0.04 -0.00 0.98 0.68 2.71 -4.04
0.05 -0.02 0.99 0.96 2.73 -4.70
0.07 -0.00 0.97 -0.77 -1.60 -4.12
0.06 -0.00 0.97 -0.21 3.59 -1.63
0.05 -0.00 0.97 0.21 -0.01 -1.85
0.07 -0.01 0.98 0.98 2.33 -2.14
0.05 -0.00 0.98 0.63 5.72 0.00
0.04 -0.00 0.99 -0.67 3.20 1.22
0.06 -0.01 0.98 0.18 3.78 1.75
0.05 -0.01 0.97 -0.93 2.31 3.15
0.50 -0.05 0.73 -2.89 -51.92 22.95
-0.46 -0.18 0.98 -38.18 54.94 -39.73
-0.32 -0.36 0.74 97.82 -44.73 -6.02
-0.10 -0.10 1.36 -12.08 -87.39 -37.57
0.06 0.40 1.08 12.88 -102.49 -29.67
0.06 0.39 0.74 -50.75 -25.75 16.62
0.48 0.02 0.66 -57.20 -37.10 0.77
0.73 -0.21 0.58 83.47 39.38 -64.05
-0.14 -0.11 1.15 12.65 171.70 8.81
-0.20 0.21 1.28 -18.00 -25.83 50.65
0.07 0.00 0.82 -37.59 2.50 -0.08
-0.07 -0.07 0.46 -57.70 72.55 -40.18
-0.38 -0.19 0.83 21.37 18.39 -52.81
-0.44 -0.40 1.66 157.01 -158.50 -54.08
0.04 -0.00 0.97 0.01 1.53 2.64
0.05 -0.01 0.97 0.18 5.22 2.52
0.04 -0.01 0.98 0.73 5.39 1.59
0.04 -0.02 0.98 -0.21 5.20 1.35
0.03 -0.02 0.99 0.79 2.92 1.19
0.05 -0.01 0.98 -0.14 2.28 1.33
0.03 -0.01 0.98 -0.17 5.13 -0.63
0.03 -0.02 0.98 0.72 3.14 -0.61
0.04 -0.01 0.98 0.59 2.11 -0.87
0.03 -0.01 0.97 0.00 0.65 -1.62
0.04 -0.02 0.98 0.04 2.92 -1.61
0.03 -0.01 0.97 -0.18 3.53 -1.77
0.03 -0.01 0.97 1.02 3.43 -2.39
0.50 -0.05 0.73 -2.89 -51.92 22.95
-0.46 -0.18 0.98 -38.18 54.94 -39.73
-0.32 -0.36 0.74 97.82 -44.73 -6.02
-0.10 -0.10 1.36 -12.08 -87.39 -37.57
0.06 0.40 1.08 12.88 -102.49 -29.67
0.06 0.39 0.74 -50.75 -25.75 16.62
0.48 0.02 0.66 -57.20 -37.10 0.77
0.73 -0.21 0.58 83.47 39.38 -64.05
-0.14 -0.11 1.15 12.65 171.70 8.81
-0.20 0.21 1.28 -18.00 -25.83 50.65
0.07 0.00 0.82 -37.59 2.50 -0.08
-0.07 -0.07 0.46 -57.70 72.55 -40.18
-0.38 -0.19 0.83 21.37 18.39 -52.81
-0.44 -0.40 1.66 157.01 -158.50 -54.08
0.03 -0.01 0.99 -0.39 0.71 -2.08
0.02 -0.00 0.97 -0.76 1.55 -1.00
0.03 -0.01 0.97 0.25 2.94 -0.79
0.02 -0.01 0.98 0.34 2.96 -0.16
0.03 -0.01 0.98 -0.14 1.92 -0.63
0.04 -0.01 0.98 -0.18 1.67 0.37
0.02 -0.00 0.97 0.41 3.79 1.62
0.03 -0.01 0.97 0.50 2.59 0.50
0.02 -0.02 0.98 -0.18 1.77 1.09
0.03 -0.02 0.98 0.49 2.58 1.40
0.02 -0.01 0.98 -0.28 4.32 1.03
0.02 -0.02 0.98 -0.11 2.88 1.09
-0.02 0.17 0.73 -67.75 -47.13 76.87
-0.75 0.12 1.18 -79.28 58.36 133.45
-0.38 0.06 0.93 -62.42 -128.23 176.83
0.08 -0.01 0.50 -44.78 -124.11 226.79
0.31 -0.17 0.57 25.15 50.38 241.36
-0.89 0.14 0.97 -104.07 104.21 150.66
-0.39 -0.06 0.84 -100.91 -55.21 106.27
-0.57 -0.13 0.83 -86.79 46.88 93.13
-0.65 -0.10 0.83 -89.91 -7.20 80.13
-0.55 -0.10 0.58 -70.28 -44.05 118.15
-0.55 -0.25 0.52 -35.00 -42.75 92.53
-0.74 -0.44 0.66 76.81 -105.81 92.50
-0.52 0.01 1.33 -60.85 -115.03 80.11
-0.05 0.39 1.21 -105.06 -88.08 87.62
-0.35 0.38 1.19 -73.48 -64.41 81.97
0.10 -0.10 0.51 -18.98 -163.53 132.85
0.36 0.02 0.42 42.95 -163.64 72.46
0.45 0.11 0.80 44.76 162.83 104.66
-0.13 -0.02 1.05 7.73 232.97 30.10
-0.78 0.17 1.15 -36.90 5.81 6.97
-0.28 0.00 1.17 -31.16 -95.27 6.46
-0.53 0.01 0.66 -22.74 39.70 47.78
-0.43 -0.15 0.64 12.14 3.66 40.33
-0.33 -0.15 0.69 67.86 -148.88 -46.77
-0.68 -0.07 0.84 6.94 10.94 23.06
-0.68 -0.14 0.73 60.08 -142.81 -22.57
-0.46 -0.04 0.97 14.90 -147.77 21.67
-0.02 0.17 0.73 -67.75 -47.13 76.87
-0.75 0.12 1.18 -79.28 58.36 133.45
-0.38 0.06 0.93 -62.42 -128.23 176.83
0.08 -0.01 0.50 -44.78 -124.11 226.79
0.31 -0.17 0.57 25.15 50.38 241.36
0.60 0.60 1.22 8.18 -170.33 68.82
0.74 0.05 0.86 0.18 52.82 55.05
0.47 0.05 0.42 3.55 130.17 61.79
-0.00 0.14 0.84 14.24 246.08 103.87
-0.13 -0.09 1.03 -23.31 190.78 104.20
-0.63 0.07 1.17 -60.79 15.50 68.38
-0.04 0.08 0.99 -32.07 -62.48 -1.02
-0.50 -0.08 0.72 -32.04 59.07 34.80
-0.39 -0.25 0.86 -9.75 13.93 20.55
-0.42 -0.05 0.85 57.45 -94.48 -64.16
-0.28 0.01 1.09 10.99 -131.95 -93.91
0.45 0.11 0.80 44.76 162.83 104.66
-0.13 -0.02 1.05 7.73 232.97 30.10
-0.78 0.17 1.15 -36.90 5.81 6.97
-0.28 0.00 1.17 -31.16 -95.27 6.46
-0.53 0.01 0.66 -22.74 39.70 47.78
-0.43 -0.15 0.64 12.14 3.66 40.33
-0.33 -0.15 0.69 67.86 -148.88 -46.77
-0.68 -0.07 0.84 6.94 10.94 23.06
-0.68 -0.14 0.73 60.08 -142.81 -22.57
-0.46 -0.04 0.97 14.90 -147.77 21.67
-0.02 0.17 0.73 -67.75 -47.13 76.87
-0.75 0.12 1.18 -79.28 58.36 133.45
-0.38 0.06 0.93 -62.42 -128.23 176.83
0.08 -0.01 0.50 -44.78 -124.11 226.79
0.31 -0.17 0.57 25.15 50.38 241.36
0.24 -0.10 1.29 7.10 -24.82 27.44
0.41 0.04 0.70 10.38 -36.67 22.22
0.39 0.07 0.72 1.89 37.59 78.96
0.25 0.02 0.92 25.21 70.30 74.88
0.22 0.07 0.76 14.47 119.41 87.74
-0.19 -0.04 1.14 -23.80 62.72 69.50
-0.11 -0.11 0.96 2.43 15.54 11.25
-0.23 -0.11 1.07 -14.56 -22.48 23.00
0.02 0.04 0.89 -23.11 -9.05 14.40
-0.08 -0.06 0.87 -13.34 23.53 10.54
-0.13 -0.06 0.91 4.71 20.48 -12.18
0.45 0.11 0.80 44.76 162.83 104.66
-0.13 -0.02 1.05 7.73 232.97 30.10
-0.78 0.17 1.15 -36.90 5.81 6.97
-0.28 0.00 1.17 -31.16 -95.27 6.46
-0.53 0.01 0.66 -22.74 39.70 47.78
-0.43 -0.15 0.64 12.14 3.66 40.33
-0.33 -0.15 0.69 67.86 -148.88 -46.77
-0.68 -0.07 0.84 6.94 10.94 23.06
-0.68 -0.14 0.73 60.08 -142.81 -22.57
-0.46 -0.04 0.97 14.90 -147.77 21.67
-0.02 0.17 0.73 -67.75 -47.13 76.87
-0.75 0.12 1.18 -79.28 58.36 133.45
-0.38 0.06 0.93 -62.42 -128.23 176.83
0.08 -0.01 0.50 -44.78 -124.11 226.79
0.31 -0.17 0.57 25.15 50.38 241.36
-0.19 -0.05 1.04 4.36 -0.42 -31.43
0.03 -0.01 0.95 -7.94 10.59 -19.16
0.04 0.03 0.91 -0.71 29.69 -39.24
-0.13 0.08 0.86 -4.55 31.49 -46.17
-0.22 -0.10 1.01 8.89 33.68 -10.56
-0.14 -0.02 0.93 3.27 34.39 19.39
-0.21 -0.01 0.91 -7.68 30.60 34.37
-0.26 -0.04 0.96 -6.22 10.92 33.45
-0.26 0.00 0.99 -1.59 -5.68 27.03
-0.16 0.05 0.86 -1.73 -2.83 19.09
-0.20 0.03 0.94 2.68 -3.97 15.85
0.45 0.11 0.80 44.76 162.83 104.66
-0.13 -0.02 1.05 7.73 232.97 30.10
-0.78 0.17 1.15 -36.90 5.81 6.97
-0.28 0.00 1.17 -31.16 -95.27 6.46
-0.53 0.01 0.66 -22.74 39.70 47.78
-0.43 -0.15 0.64 12.14 3.66 40.33
-0.33 -0.15 0.69 67.86 -148.88 -46.77
-0.68 -0.07 0.84 6.94 10.94 23.06
-0.68 -0.14 0.73 60.08 -142.81 -22.57
-0.46 -0.04 0.97 14.90 -147.77 21.67
-0.02 0.17 0.73 -67.75 -47.13 76.87
-0.75 0.12 1.18 -79.28 58.36 133.45
-0.38 0.06 0.93 -62.42 -128.23 176.83
0.08 -0.01 0.50 -44.78 -124.11 226.79
0.31 -0.17 0.57 25.15 50.38 241.36
-0.18 0.08 0.91 6.77 -0.42 10.12
-0.19 0.10 0.92 0.14 0.03 9.28
-0.18 0.06 0.92 0.43 -1.95 5.35
-0.17 0.07 0.94 0.02 -2.28 4.84
-0.17 0.06 0.93 0.02 -4.52 4.83
-0.15 0.07 0.91 -1.40 9.22 5.00
-0.19 0.08 0.96 -2.53 2.95 -0.94
-0.13 0.01 0.94 -0.88 5.61 7.96
-0.22 0.05 0.91 -0.69 9.15 9.57
-0.19 0.05 0.91 -1.79 -5.83 5.95
-0.17 0.05 0.91 -3.68 2.47 5.48
-0.21 0.03 0.99 -2.25 -5.73 9.64
0.45 0.11 0.80 44.76 162.83 104.66
-0.13 -0.02 1.05 7.73 232.97 30.10
-0.78 0.17 1.15 -36.90 5.81 6.97
-0.28 0.00 1.17 -31.16 -95.27 6.46
-0.53 0.01 0.66 -22.74 39.70 47.78
-0.43 -0.15 0.64 12.14 3.66 40.33
-0.33 -0.15 0.69 67.86 -148.88 -46.77
-0.68 -0.07 0.84 6.94 10.94 23.06
-0.68 -0.14 0.73 60.08 -142.81 -22.57
-0.46 -0.04 0.97 14.90 -147.77 21.67
-0.02 0.17 0.73 -67.75 -47.13 76.87
-0.75 0.12 1.18 -79.28 58.36 133.45
-0.38 0.06 0.93 -62.42 -128.23 176.83
0.08 -0.01 0.50 -44.78 -124.11 226.79
0.31 -0.17 0.57 25.15 50.38 241.36
-0.18 0.00 0.94 -7.71 -2.96 28.59
-0.26 0.08 0.95 -9.16 -17.45 31.52
-0.20 0.09 0.96 -10.54 -48.99 4.43
-0.11 0.06 0.92 -9.72 -57.33 2.70
-0.06 0.09 1.03 -4.84 -53.48 -21.67
-0.00 0.22 0.87 -3.13 -29.27 -34.58
-0.10 0.22 0.64 -8.58 -24.27 -40.51
-0.25 0.13 0.93 -33.16 -37.22 -21.57
0.05 0.10 1.17 -4.07 -76.22 -31.25
0.13 0.24 1.14 -1.17 -60.79 -28.89
0.32 0.24 0.93 8.65 -49.24 -10.79
0.45 0.11 0.80 44.76 162.83 104.66
-0.13 -0.02 1.05 7.73 232.97 30.10
-0.78 0.17 1.15 -36.90 5.81 6.97