0.11 -0.04 0.97 0.27 2.37 1.85
0.10 -0.03 0.98 -0.74 0.79 2.79
0.11 -0.02 0.97 0.24 4.17 1.08
0.09 -0.03 0.98 0.02 2.75 0.05
0.10 -0.02 0.99 -0.13 0.67 -0.24
0.11 -0.02 0.98 0.30 0.72 0.70
0.11 -0.03 0.97 -0.18 2.98 1.43
0.10 -0.03 0.96 0.03 3.75 2.82
0.08 -0.03 0.98 1.07 3.02 0.29
0.10 -0.03 0.98 0.24 0.40 1.21
0.11 -0.03 0.98 -0.39 1.79 1.37
0.09 -0.03 0.98 0.23 2.40 1.26
0.10 -0.03 0.97 0.26 1.20 1.05
0.09 -0.03 0.98 0.49 1.52 1.12
0.09 -0.03 0.97 0.55 0.54 2.01
0.10 -0.03 0.96 -1.77 -0.28 2.83
0.09 -0.05 0.98 1.97 1.17 4.12
0.08 -0.03 0.98 2.37 -5.89 5.09
0.09 -0.04 0.98 3.08 -5.87 11.54
0.08 -0.05 0.98 3.94 -4.30 19.08
0.07 -0.03 0.99 3.93 -10.95 20.87
0.11 -0.02 0.98 5.07 -15.46 18.59
0.13 0.00 0.95 6.58 -15.56 12.90
0.12 0.00 0.95 3.75 -19.20 13.37
0.19 -0.01 0.99 6.95 -22.06 5.79
0.20 0.01 0.98 3.37 -13.37 2.83
0.22 0.03 0.95 1.08 -4.22 0.31
0.18 0.00 1.00 1.37 0.00 0.63
0.20 -0.01 0.98 2.18 -5.81 -6.23
0.17 -0.00 0.97 3.82 -11.67 -5.95
0.21 0.02 0.96 0.30 -8.19 -3.07
0.23 -0.01 0.96 0.72 -2.40 -7.72
0.20 0.02 0.97 -0.80 -5.14 -4.15
0.22 -0.00 0.97 0.01 -6.74 -2.88
0.25 -0.01 0.98 1.27 -5.41 -5.94
0.23 0.02 0.97 0.08 -4.06 -2.95
0.23 0.01 0.98 -2.17 -1.19 -0.53
0.21 0.00 0.97 -1.20 -1.54 -1.27
0.23 0.00 0.96 0.55 -2.55 0.23
0.24 -0.00 0.96 0.69 0.15 -0.22
0.22 0.02 0.97 -1.29 -1.93 -1.46
0.24 -0.01 0.97 -0.98 -5.54 -2.82
0.24 -0.01 0.95 -1.06 0.66 0.24
0.23 0.00 0.96 -1.52 2.65 -1.19
0.23 -0.01 0.96 -1.11 -2.12 -3.04
0.25 -0.01 0.97 0.33 -5.22 -3.35
0.25 0.01 0.94 -0.31 -5.60 -2.33
0.25 -0.01 0.99 -0.81 -1.53 -4.75
0.25 0.00 0.96 -0.85 0.01 -3.65
0.24 0.01 0.94 0.12 1.17 -1.27
0.25 0.02 0.96 1.33 -2.04 -0.79
0.27 0.00 0.97 0.68 2.49 -2.02
0.24 0.01 0.97 -0.81 3.98 -1.53
0.24 -0.01 0.96 -0.35 0.47 -1.84
0.24 0.01 0.96 1.64 -0.96 -2.17
0.26 0.00 0.97 0.56 -2.30 -2.33
0.26 0.01 0.97 -0.93 1.24 -1.33
0.25 -0.00 0.96 0.42 0.72 0.41
0.26 0.00 0.95 0.95 0.69 -0.73
0.25 0.00 0.96 0.21 -0.37 -0.22
0.26 0.00 0.96 1.78 -0.60 0.16
0.26 0.01 0.96 -0.23 -0.39 0.40
0.26 0.01 0.96 0.49 1.82 0.82
0.25 0.01 0.97 0.61 0.26 1.11
0.26 0.01 0.97 0.62 0.07 2.53
0.25 0.02 0.99 1.58 3.03 1.10
0.27 0.02 0.97 -8.55 1.93 3.90
0.25 -0.02 0.93 -2.51 5.05 4.82
0.24 0.02 0.94 0.72 1.37 3.12
0.24 0.00 0.97 2.60 0.34 1.64
0.25 0.01 0.96 0.72 0.40 1.50
0.25 0.01 0.96 0.58 1.75 1.27
0.25 0.01 0.95 0.02 3.07 2.37
0.25 0.01 0.97 0.98 -0.02 1.65
0.25 0.00 0.96 -0.15 2.12 1.53
0.25 0.01 0.97 -0.98 2.72 1.44
0.25 -0.00 0.97 -1.47 2.33 1.75
0.24 0.01 0.96 -0.97 3.00 0.66
0.24 -0.01 0.96 -1.17 3.31 0.73
0.24 -0.00 0.96 0.38 1.44 -0.73
0.25 -0.01 0.96 -0.89 1.91 -0.57
0.25 -0.00 0.97 0.33 3.17 -1.50
0.25 0.00 0.97 -0.99 2.56 -1.82
0.23 -0.00 0.97 -1.05 4.01 -0.49
0.24 -0.01 0.97 -1.71 1.72 0.07
0.23 -0.01 0.96 -1.18 2.13 -0.20
0.24 -0.01 0.96 -0.07 0.84 -0.06
0.24 -0.00 0.96 0.57 2.98 0.24
0.24 -0.02 0.96 -0.02 0.31 0.54
0.25 -0.00 0.96 1.81 0.62 0.81
0.24 -0.01 0.96 2.79 -0.70 1.94
0.23 -0.00 0.97 4.25 0.72 2.49
0.24 0.01 0.98 3.02 -3.89 0.45
0.25 0.01 0.97 0.45 -0.03 1.36
0.24 0.00 0.96 -1.05 4.58 2.12
0.23 0.00 0.96 0.67 3.07 2.17
0.26 0.01 0.98 -0.79 1.53 0.54
0.27 0.00 0.97 -4.92 7.51 -5.80
0.30 -0.01 0.96 -8.02 9.80 -17.70
0.31 -0.02 0.96 -18.82 13.69 -31.03
0.23 0.02 0.93 -25.56 30.07 -41.79
0.20 -0.03 0.93 -24.02 29.69 -34.47
0.12 -0.10 0.96 -11.74 25.99 -23.64
0.13 -0.04 0.97 1.38 13.71 -13.17
0.15 -0.05 0.98 2.11 10.94 1.05
0.15 -0.03 0.97 -0.05 12.86 0.73
0.14 -0.06 0.99 1.05 16.79 -0.12
0.11 -0.07 1.00 3.43 18.10 1.74
0.10 -0.03 0.97 5.55 12.89 1.49
0.08 -0.05 0.98 5.08 6.02 6.27
0.12 -0.03 0.97 1.94 4.80 5.42
0.09 -0.03 0.99 -3.75 1.32 5.58
0.10 -0.04 0.98 -4.10 3.44 2.04
0.09 -0.04 0.97 -3.29 9.55 0.37
0.10 -0.05 0.96 -1.88 3.52 -0.91
0.10 -0.05 1.00 1.05 7.77 -3.20
0.09 -0.05 0.97 -0.05 8.03 -1.40
0.08 -0.05 0.96 0.67 11.49 -3.72
0.25 -0.00 0.96 1.81 0.62 0.81
0.24 -0.01 0.96 2.79 -0.70 1.94
0.23 -0.00 0.97 4.25 0.72 2.49
0.24 0.01 0.98 3.02 -3.89 0.45
0.25 0.01 0.97 0.45 -0.03 1.36
0.05 -0.06 0.96 -3.22 7.77 -5.07
0.06 -0.05 0.97 -2.25 9.06 -7.22
0.05 -0.08 0.98 -0.35 1.05 -6.15
0.06 -0.07 0.98 0.83 1.98 -5.20
0.08 -0.07 0.97 -3.94 6.56 -4.70
0.05 -0.07 1.00 -5.21 12.34 -4.63
0.04 -0.11 0.97 -2.54 10.07 -2.31
0.02 -0.07 0.96 2.57 5.23 -0.12
0.01 -0.06 0.98 9.80 -1.93 2.60
-0.01 -0.02 0.98 3.60 -8.95 10.06
0.07 0.02 0.92 -0.57 -10.73 14.35
0.09 -0.01 0.95 -3.57 3.32 6.62
0.11 -0.07 1.00 3.43 18.10 1.74
0.10 -0.03 0.97 5.55 12.89 1.49
0.08 -0.05 0.98 5.08 6.02 6.27
0.12 -0.03 0.97 1.94 4.80 5.42
0.09 -0.03 0.99 -3.75 1.32 5.58
0.10 -0.04 0.98 -4.10 3.44 2.04
0.09 -0.04 0.97 -3.29 9.55 0.37
0.10 -0.05 0.96 -1.88 3.52 -0.91
0.10 -0.05 1.00 1.05 7.77 -3.20
0.09 -0.05 0.97 -0.05 8.03 -1.40
0.08 -0.05 0.96 0.67 11.49 -3.72
0.25 -0.00 0.96 1.81 0.62 0.81
0.24 -0.01 0.96 2.79 -0.70 1.94
0.23 -0.00 0.97 4.25 0.72 2.49
0.24 0.01 0.98 3.02 -3.89 0.45
0.20 -0.19 0.83 -9.67 10.49 6.39
0.26 -0.35 0.96 25.44 -9.99 -2.37
0.28 -0.27 0.99 9.28 -7.82 7.32
0.31 -0.22 0.78 -21.00 -2.03 -4.80
0.29 -0.42 0.98 0.81 13.67 -1.32
0.28 -0.21 0.87 -3.04 11.73 -4.94
0.12 -0.17 1.10 -59.51 20.81 70.34
0.59 -0.45 1.09 13.92 -82.26 15.53
0.63 -0.39 0.73 45.20 5.01 -1.88
0.22 -0.12 0.54 9.42 50.79 63.62
0.58 -0.22 0.96 32.01 -28.64 60.44
0.49 -0.38 0.73 46.37 45.85 57.56
0.28 -0.37 0.87 -1.48 58.68 51.85
0.21 -0.24 0.73 14.40 -46.22 28.47
0.42 -0.28 0.93 10.77 -63.73 -6.07
0.47 -0.24 0.77 4.36 -30.00 -0.03
0.45 -0.27 0.94 -10.22 4.37 -3.43
0.25 -0.40 .35 1.16 25.27 -2.86 
0.20 -0.19 0.83 -9.67 10.49 6.39
0.26 -0.35 0.96 25.44 -9.99 -2.37
0.28 -0.27 0.99 9.28 -7.82 7.32
0.34 -0.19 0.87 13.67 -10.70 -4.60
0.27 -0.22 0.89 5.36 10.15 8.08
0.25 -0.23 0.87 1.37 4.91 9.65
0.26 -0.24 0.97 -2.93 -9.13 3.39
0.29 -0.16 0.85 -17.72 0.77 7.87
0.30 -0.34 0.93 -3.10 3.28 0.11
0.29 -0.24 0.79 12.69 14.67 3.56
0.27 -0.20 0.93 2.78 -4.46 -3.29
0.24 -0.21 0.94 -4.02 2.07 -2.85
0.31 -0.22 0.78 -21.00 -2.03 -4.80
0.29 -0.42 0.98 0.81 13.67 -1.32
0.28 -0.21 0.87 -3.04 11.73 -4.94
0.43 -0.26 0.81 -28.15 -2.75 -11.45
0.57 -0.34 0.98 -23.87 -3.15 -21.98
0.53 -0.36 0.88 -9.38 1.61 -36.84
0.39 -0.27 0.79 5.36 30.01 -15.85
0.35 -0.21 0.73 19.68 18.75 20.65
0.51 -0.26 0.89 32.59 9.81 15.29
0.09 -0.13 0.85 -13.01 60.13 64.83
0.45 -0.32 0.99 43.40 -86.77 41.07
0.28 -0.26 0.94 0.20 8.42 86.34
0.40 -0.25 0.73 11.41 -73.78 55.95
0.61 -0.41 0.88 22.29 -19.01 34.32
0.25 -0.40 0.35 1.16 25.27 -2.86
0.20 -0.19 0.83 -9.67 10.49 6.39
0.26 -0.35 0.96 25.44 -9.99 -2.37
0.28 -0.27 0.99 9.28 -7.82 7.32
0.34 -0.19 0.87 13.67 -10.70 -4.60
0.27 -0.22 0.89 5.36 10.15 8.08
0.25 -0.23 0.87 1.37 4.91 9.65
0.26 -0.24 0.97 -2.93 -9.13 3.39
0.29 -0.16 0.85 -17.72 0.77 7.87
0.30 -0.34 0.93 -3.10 3.28 0.11
0.29 -0.24 0.79 12.69 14.67 3.56
0.27 -0.20 0.93 2.78 -4.46 -3.29
0.24 -0.21 0.94 -4.02 2.07 -2.85
0.31 -0.22 0.78 -21.00 -2.03 -4.80
0.29 -0.42 0.98 0.81 13.67 -1.32
0.28 -0.21 0.87 -3.04 11.73 -4.94
0.53 -0.36 0.81 32.55 -5.15 14.01
0.27 -0.19 1.12 -12.09 0.60 26.54
0.62 -0.33 0.77 12.08 -39.20 -13.43
0.42 -0.25 0.80 0.89 32.22 -10.07
0.45 -0.21 0.82 20.39 -10.33 -27.50
0.29 -0.15 0.79 7.26 52.15 30.36
0.29 -0.05 0.83 -14.73 -22.71 7.43
0.52 -0.32 0.85 -3.21 -29.82 12.72
0.47 -0.31 0.81 1.05 0.60 15.85
0.50 -0.33 0.82 32.71 3.81 12.25
0.26 -0.18 0.95 16.94 13.37 27.40
0.41 -0.14 0.78 -12.36 -0.27 1.004
0.20 -0.19 0.83 -9.67 10.49 6.39
0.26 -0.35 0.96 25.44 -9.99 -2.37
0.28 -0.27 0.99 9.28 -7.82 7.32
0.34 -0.19 0.87 13.67 -10.70 -4.60
0.27 -0.22 0.89 5.36 10.15 8.08
0.25 -0.23 0.87 1.37 4.91 9.65
0.26 -0.24 0.97 -2.93 -9.13 3.39
0.29 -0.16 0.85 -17.72 0.77 7.87
0.30 -0.34 0.93 -3.10 3.28 0.11
0.29 -0.24 0.79 12.69 14.67 3.56
0.27 -0.20 0.93 2.78 -4.46 -3.29
0.24 -0.21 0.94 -4.02 2.07 -2.85
0.31 -0.22 0.78 -21.00 -2.03 -4.80
0.29 -0.42 0.98 0.81 13.67 -1.32
0.28 -0.21 0.87 -3.04 11.73 -4.94
0.63 -0.32 0.62 23.25 -18.83 12.14
0.20 -0.18 1.07 -6.37 25.62 57.16
0.46 -0.27 0.85 4.68 -59.55 0.35
0.57 -0.33 0.80 35.76 -0.57 12.12
0.27 -0.22 0.95 21.78 26.56 46.70
0.47 -0.24 0.80 43.09 -41.12 29.29
0.50 -0.15 0.95 32.18 -30.97 39.18
0.49 -0.09 0.65 6.31 -6.40 35.77
0.56 -0.24 0.89 9.80 -53.77 41.92
0.49 -0.28 0.80 5.68 12.63 33.26
0.62 -0.25 0.85 1.56 -25.57 20.42
0.47 -0.22 0.72 11.50 42.76 23.77
0.46 -0.23 0.72 -20.89 -14.79 -5.58
0.20 -0.19 0.83 -9.67 10.49 6.39
0.26 -0.35 0.96 25.44 -9.99 -2.37
0.28 -0.27 0.99 9.28 -7.82 7.32
0.34 -0.19 0.87 13.67 -10.70 -4.60
0.27 -0.22 0.89 5.36 10.15 8.08
0.25 -0.23 0.87 1.37 4.91 9.65
0.26 -0.24 0.97 -2.93 -9.13 3.39
0.29 -0.16 0.85 -17.72 0.77 7.87
0.30 -0.34 0.93 -3.10 3.28 0.11
0.29 -0.24 0.79 12.69 14.67 3.56
0.27 -0.20 0.93 2.78 -4.46 -3.29
0.24 -0.21 0.94 -4.02 2.07 -2.85
0.31 -0.22 0.78 -21.00 -2.03 -4.80
0.29 -0.42 0.98 0.81 13.67 -1.32
0.28 -0.21 0.87 -3.04 11.73 -4.94
0.47 -0.30 0.87 9.56 15.66 6.61
0.41 -0.28 1.05 15.41 3.30 1.62
0.52 -0.27 0.81 13.57 18.92 -7.68
0.36 -0.13 0.83 11.99 31.62 -2.29
0.50 -0.16 0.95 1.76 -21.90 2.98
0.41 -0.20 0.92 1.98 8.13 13.64
0.47 -0.23 0.88 2.98 -13.13 9.03
0.45 -0.18 0.76 4.96 -3.65 17.14
0.55 -0.17 0.87 -3.24 -37.72 8.22
0.54 -0.24 0.78 9.34 10.50 12.03
0.50 -0.18 0.91 8.83 -7.24 9.84
0.40 -0.21 0.83 0.60 3.94 11.15
0.46 -0.23 0.92 -20.89 -14.79 -5.58
0.20 -0.19 0.83 -9.67 10.49 6.39
0.26 -0.35 0.96 25.44 -9.99 -2.37
0.28 -0.27 0.99 9.28 -7.82 7.32
0.34 -0.19 0.87 13.67 -10.70 -4.60
0.27 -0.22 0.89 5.36 10.15 8.08
0.25 -0.23 0.87 1.37 4.91 9.65
0.26 -0.24 0.97 -2.93 -9.13 3.39
0.29 -0.16 0.85 -17.72 0.77 7.87
0.30 -0.34 0.93 -3.10 3.28 0.11
0.20 -0.17 1.06 -6.72 24.73 -29.17
0.54 -0.23 0.93 -21.71 -17.12 -60.15
0.53 -0.16 0.72 -19.36 40.29 -53.25
0.41 -0.33 0.90 -17.87 90.67 -30.23
0.39 -0.29 0.83 -17.69 56.08 -72.17
0.39 -0.26 0.87 -24.40 60.28 -76.27
0.27 -0.37 0.94 4.66 43.33 -80.41
0.34 -0.03 0.65 -62.25 -51.38 -119.58
0.58 -0.26 0.78 -9.84 43.89 -87.40
0.27 -0.26 0.91 -46.03 9.39 -49.64
0.34 -0.41 0.87 -48.65 26.00 -51.22
0.21 -0.36 0.72 -20.89 -14.79 -5.58
0.20 -0.19 0.83 -9.67 10.49 6.39
0.26 -0.35 0.96 25.44 -9.99 -2.37
0.28 -0.27 0.99 9.28 -7.82 7.32
0.34 -0.19 0.87 13.67 -10.70 -4.60
0.27 -0.22 0.89 5.36 10.15 8.08
0.25 -0.23 0.87 1.37 4.91 9.65
0.26 -0.24 0.97 -2.93 -9.13 3.39
0.29 -0.16 0.85 -17.72 0.77 7.87
0.30 -0.34 0.93 -3.10 3.28 0.11
0.29 -0.24 0.79 12.69 14.67 3.56
0.27 -0.20 0.93 2.78 -4.46 -3.29
0.24 -0.21 0.94 -4.02 2.07 -2.85
0.31 -0.22 0.78 -21.00 -2.03 -4.80
0.29 -0.42 0.98 0.81 13.67 -1.32
0.28 -0.21 0.87 -3.04 11.73 -4.94
0.26 -0.45 0.89 12.34 -27.66 -22.22
0.52 -0.17 0.74 -22.53 -8.65 -41.50
0.49 -0.41 0.83 -4.15 5.20 -64.60
0.40 -0.13 0.67 -45.30 72.59 -35.91
0.14 -0.52 1.01 -13.64 36.77 -5.18
0.23 -0.38 0.77 29.54 26.37 -34.62
0.19 -0.39 0.96 26.68 11.91 -19.75
0.33 -0.21 0.82 30.26 -17.97 -28.65
0.40 -0.24 0.83 -5.58 29.88 -18.18
0.37 -0.31 0.88 -2.29 24.80 -33.91
0.39 -0.34 0.97 -17.15 33.94 -29.85
0.20 -0.19 0.83 -9.67 10.49 6.39
0.26 -0.35 0.96 25.44 -9.99 -2.37
0.28 -0.27 0.99 9.28 -7.82 7.32
0.34 -0.19 0.87 13.67 -10.70 -4.60
0.27 -0.22 0.89 5.36 10.15 8.08
0.25 -0.23 0.87 1.37 4.91 9.65
0.26 -0.24 0.97 -2.93 -9.13 3.39
0.29 -0.16 0.85 -17.72 0.77 7.87
0.30 -0.34 0.93 -3.10 3.28 0.11
0.29 -0.24 0.79 12.69 14.67 3.56
0.27 -0.20 0.93 2.78 -4.46 -3.29
0.24 -0.21 0.94 -4.02 2.07 -2.85
0.31 -0.22 0.78 -21.00 -2.03 -4.80
0.29 -0.42 0.98 0.81 13.67 -1.32
0.28 -0.21 0.87 -3.04 11.73 -4.94
0.26 -0.35 1.02 56.39 45.69 -44.78
0.23 -0.08 1.14 76.35 35.87 -71.98
0.09 0.25 1.14 52.81 33.09 -45.75
0.39 0.13 0.88 27.41 32.97 -52.65
0.23 0.07 0.31 -34.00 70.30 -79.99
-0.06 0.00 1.38 -20.58 60.36 -68.64
0.01 -0.15 1.01 84.34 -72.79 -44.38
0.47 -0.07 0.96 -36.90 -160.13 -20.87
0.42 0.10 0.88 -90.93 -132.87 -16.37
0.83 -0.17 1.13 -40.76 16.02 -96.66
0.03 -0.53 0.68 -34.03 144.90 -8.69
0.20 -0.19 0.83 -9.67 10.49 6.39
0.26 -0.35 0.96 25.44 -9.99 -2.37
0.28 -0.27 0.99 9.28 -7.82 7.32
0.34 -0.19 0.87 13.67 -10.70 -4.60
0.27 -0.22 0.89 5.36 10.15 8.08
0.25 -0.23 0.87 1.37 4.91 9.65
0.26 -0.24 0.97 -2.93 -9.13 3.39
0.29 -0.16 0.85 -17.72 0.77 7.87
0.30 -0.34 0.93 -3.10 3.28 0.11
0.29 -0.24 0.79 12.69 14.67 3.56
0.27 -0.20 0.93 2.78 -4.46 -3.29
0.24 -0.21 0.94 -4.02 2.07 -2.85
0.31 -0.22 0.78 -21.00 -2.03 -4.80
0.29 -0.42 0.98 0.81 13.67 -1.32
0.28 -0.21 0.87 -3.04 11.73 -4.94
-0.24 -0.18 0.81 2.71 58.97 8.07
-0.09 -0.36 1.02 58.49 -52.19 -30.55
0.22 -0.35 0.77 57.46 -78.26 0.47
0.25 -0.10 0.90 5.36 0.68 11.72
0.14 -0.07 1.16 -24.87 17.49 9.01
-0.10 -0.14 0.81 -41.08 14.89 43.30
-0.04 -0.28 0.97 -53.41 -41.02 43.50
0.31 -0.36 1.22 36.09 -90.78 24.40
0.61 -0.24 0.66 7.43 -75.50 12.81
0.53 -0.34 0.91 -6.58 -7.57 43.56
0.27 -0.16 0.99 3.87 -20.03 31.98
0.20 -0.19 0.83 -9.67 10.49 6.39
0.26 -0.35 0.96 25.44 -9.99 -2.37
0.28 -0.27 0.99 9.28 -7.82 7.32
0.34 -0.19 0.87 13.67 -10.70 -4.60
0.27 -0.22 0.89 5.36 10.15 8.08
0.25 -0.23 0.87 1.37 4.91 9.65
0.26 -0.24 0.97 -2.93 -9.13 3.39
0.29 -0.16 0.85 -17.72 0.77 7.87
0.30 -0.34 0.93 -3.10 3.28 0.11
0.29 -0.24 0.79 12.69 14.67 3.56
0.27 -0.20 0.93 2.78 -4.46 -3.29
0.24 -0.21 0.94 -4.02 2.07 -2.85
0.31 -0.22 0.78 -21.00 -2.03 -4.80
0.29 -0.42 0.98 0.81 13.67 -1.32
0.28 -0.21 0.87 -3.04 11.73 -4.94
0.33 -0.28 0.81 0.30 -23.23 49.88
0.45 -0.26 0.88 5.45 -58.73 28.88
0.51 -0.25 0.81 -13.74 -59.20 28.40
0.63 -0.33 0.71 1.94 -19.43 20.91
0.47 -0.23 0.78 -34.30 18.89 8.37
0.50 -0.33 0.91 -13.78 -43.41 -22.49
0.46 -0.35 0.96 4.51 6.45 -0.09
0.26 -0.22 0.68 -1.27 28.59 34.48
0.38 -0.32 0.89 26.49 -3.06 38.92
0.27 -0.23 0.89 -18.35 -30.30 47.51
0.62 -0.44 0.85 54.76 -36.73 7.99
0.38 -0.29 0.62 -22.29 25.87 41.74
0.20 -0.19 0.83 -9.67 10.49 6.39
0.26 -0.35 0.96 25.44 -9.99 -2.37
0.28 -0.27 0.99 9.28 -7.82 7.32
0.34 -0.19 0.87 13.67 -10.70 -4.60
0.27 -0.22 0.89 5.36 10.15 8.08
0.25 -0.23 0.87 1.37 4.91 9.65
0.26 -0.24 0.97 -2.93 -9.13 3.39
0.29 -0.16 0.85 -17.72 0.77 7.87
0.30 -0.34 0.93 -3.10 3.28 0.11
0.29 -0.24 0.79 12.69 14.67 3.56
0.27 -0.20 0.93 2.78 -4.46 -3.29
0.24 -0.21 0.94 -4.02 2.07 -2.85
0.31 -0.22 0.78 -21.00 -2.03 -4.80