0.34 -0.19 0.87 13.67 -10.70 -4.60
0.27 -0.22 0.89 5.36 10.15 8.08
0.25 -0.23 0.87 1.37 4.91 9.65
0.26 -0.24 0.97 -2.93 -9.13 3.39
0.29 -0.16 0.85 -17.72 0.77 7.87
0.30 -0.34 0.93 -3.10 3.28 0.11
0.29 -0.24 0.79 12.69 14.67 3.56
0.27 -0.20 0.93 2.78 -4.46 -3.29
0.24 -0.21 0.94 -4.02 2.07 -2.85
0.31 -0.22 0.78 -21.00 -2.03 -4.80
0.29 -0.42 0.98 0.81 13.67 -1.32
0.28 -0.21 0.87 -3.04 11.73 -4.94
0.23 -0.25 0.82 22.96 10.89 -0.93
0.28 -0.32 1.01 3.02 2.45 -4.75
0.25 -0.18 0.80 18.28 10.46 -1.79
0.26 -0.34 1.06 -6.42 -1.02 -4.36
0.22 -0.20 0.84 -4.36 -13.36 -3.19
0.27 -0.19 0.81 11.72 -4.10 -10.54
0.31 -0.28 0.95 -2.07 9.80 -7.12
0.22 -0.18 0.68 -10.75 18.68 2.92
0.27 -0.31 0.95 9.03 1.78 -17.36
0.25 -0.25 0.88 7.92 2.02 -5.96
0.25 -0.13 0.84 -6.65 17.18 1.89
0.20 -0.24 0.85 -9.58 14.40 -3.13
0.19 -0.36 0.95 10.46 17.97 -0.77
0.20 -0.19 0.83 -9.67 10.49 6.39
0.26 -0.35 0.96 25.44 -9.99 -2.37
0.28 -0.27 0.99 9.28 -7.82 7.32
0.34 -0.19 0.87 13.67 -10.70 -4.60
0.27 -0.22 0.89 5.36 10.15 8.08
0.25 -0.23 0.87 1.37 4.91 9.65
0.26 -0.24 0.97 -2.93 -9.13 3.39
0.29 -0.16 0.85 -17.72 0.77 7.87
0.30 -0.34 0.93 -3.10 3.28 0.11
0.29 -0.24 0.79 12.69 14.67 3.56
0.27 -0.20 0.93 2.78 -4.46 -3.29
0.24 -0.21 0.94 -4.02 2.07 -2.85
0.31 -0.22 0.78 -21.00 -2.03 -4.80
0.29 -0.42 0.98 0.81 13.67 -1.32
0.28 -0.21 0.87 -3.04 11.73 -4.94
0.11 -0.38 0.92 46.58 -12.62 -7.56
0.32 -0.07 1.02 -24.16 -71.95 2.86
0.48 0.00 0.92 -0.59 -65.69 -4.35
0.48 -0.11 0.95 -11.09 -28.05 20.39
0.49 -0.09 0.69 -51.38 5.51 34.39
0.63 -0.14 0.62 -44.74 64.33 16.59
0.22 -0.30 0.88 -30.95 160.60 16.42
-0.13 -0.53 0.89 -11.84 109.09 8.76
-0.12 -0.33 0.90 -1.98 -14.85 -20.18
0.07 -0.31 0.93 11.31 -23.41 -4.27
0.10 -0.38 1.01 2.82 11.35 3.21
0.19 -0.36 0.95 10.46 17.97 -0.77
0.20 -0.19 0.83 -9.67 10.49 6.39
0.26 -0.35 0.96 25.44 -9.99 -2.37
0.28 -0.27 0.99 9.28 -7.82 7.32
0.34 -0.19 0.87 13.67 -10.70 -4.60
0.27 -0.22 0.89 5.36 10.15 8.08
0.25 -0.23 0.87 1.37 4.91 9.65
0.26 -0.24 0.97 -2.93 -9.13 3.39
0.29 -0.16 0.85 -17.72 0.77 7.87
0.30 -0.34 0.93 -3.10 3.28 0.11
0.29 -0.24 0.79 12.69 14.67 3.56
0.27 -0.20 0.93 2.78 -4.46 -3.29
0.24 -0.21 0.94 -4.02 2.07 -2.85
0.31 -0.22 0.78 -21.00 -2.03 -4.80
0.29 -0.42 0.98 0.81 13.67 -1.32
0.28 -0.21 0.87 -3.04 11.73 -4.94
0.25 -0.32 0.87 3.24 -16.79 -19.35
0.20 -0.33 0.81 -7.52 15.27 -21.76
0.11 -0.34 0.95 -11.12 3.46 -17.94
0.24 -0.28 0.92 -28.47 -24.63 -27.66
0.29 -0.43 0.94 -25.76 0.35 -34.77
0.22 -0.40 0.80 -4.04 24.80 -20.90
0.15 -0.26 0.86 -3.20 9.44 -23.70
0.24 -0.36 0.87 13.24 22.58 -18.27
0.12 -0.32 0.88 26.33 17.78 -19.68
0.13 -0.33 0.94 39.41 3.50 -13.40
0.19 -0.23 0.85 37.77 -1.59 -11.86
0.19 -0.18 0.86 18.95 -6.86 -11.75
0.19 -0.36 0.95 10.46 17.97 -0.77
0.20 -0.19 0.83 -9.67 10.49 6.39
0.26 -0.35 0.96 25.44 -9.99 -2.37
0.28 -0.27 0.99 9.28 -7.82 7.32
0.34 -0.19 0.87 13.67 -10.70 -4.60
0.27 -0.22 0.89 5.36 10.15 8.08
0.25 -0.23 0.87 1.37 4.91 9.65
0.26 -0.24 0.97 -2.93 -9.13 3.39
0.29 -0.16 0.85 -17.72 0.77 7.87
0.30 -0.34 0.93 -3.10 3.28 0.11
0.29 -0.24 0.79 12.69 14.67 3.56
0.27 -0.20 0.93 2.78 -4.46 -3.29
0.24 -0.21 0.94 -4.02 2.07 -2.85
0.31 -0.22 0.78 -21.00 -2.03 -4.80
0.29 -0.42 0.98 0.81 13.67 -1.32
0.28 -0.21 0.87 -3.04 11.73 -4.94
0.24 -0.18 0.93 -0.16 -21.78 -20.99
0.29 -0.25 0.94 4.48 -1.14 -21.97
0.23 -0.26 0.95 20.53 7.61 -10.20
0.18 -0.22 0.86 22.93 9.82 0.92
0.23 -0.20 0.88 27.05 5.13 -2.76
0.24 -0.14 0.93 28.61 -0.30 -15.70
0.24 -0.14 0.95 34.74 8.16 -7.95
0.23 -0.09 0.93 25.87 8.51 -6.19
0.21 -0.10 0.95 18.90 14.41 -5.34
0.21 -0.06 0.95 14.14 10.50 -8.50
0.19 -0.06 0.98 6.74 11.36 -4.78
0.19 -0.36 0.95 10.46 17.97 -0.77
0.20 -0.19 0.83 -9.67 10.49 6.39
0.26 -0.35 0.96 25.44 -9.99 -2.37
0.28 -0.27 0.99 9.28 -7.82 7.32
0.34 -0.19 0.87 13.67 -10.70 -4.60
0.27 -0.22 0.89 5.36 10.15 8.08
0.25 -0.23 0.87 1.37 4.91 9.65
0.26 -0.24 0.97 -2.93 -9.13 3.39
0.29 -0.16 0.85 -17.72 0.77 7.87
0.30 -0.34 0.93 -3.10 3.28 0.11
0.29 -0.24 0.79 12.69 14.67 3.56
0.27 -0.20 0.93 2.78 -4.46 -3.29
0.24 -0.21 0.94 -4.02 2.07 -2.85
0.31 -0.22 0.78 -21.00 -2.03 -4.80
0.29 -0.42 0.98 0.81 13.67 -1.32
0.28 -0.21 0.87 -3.04 11.73 -4.94
0.20 -0.07 0.97 1.94 -3.54 -0.29
0.20 -0.05 0.95 0.72 0.70 1.65
0.19 -0.07 0.94 1.00 8.80 -0.37
0.17 -0.10 0.94 4.33 6.03 1.70
0.18 -0.06 0.95 9.96 1.38 -0.14
0.21 -0.06 0.95 10.31 0.39 -0.07
0.17 -0.05 0.95 7.78 8.65 1.61
0.17 -0.05 0.95 0.95 -1.30 -2.78
0.20 -0.03 0.94 5.74 5.09 -1.01
0.17 -0.03 0.96 3.97 6.76 -2.43
0.18 -0.05 0.95 -0.39 8.13 -1.77
0.17 -0.03 0.95 0.21 3.84 -4.23
0.19 -0.36 0.95 10.46 17.97 -0.77
0.20 -0.19 0.83 -9.67 10.49 6.39
0.26 -0.35 0.96 25.44 -9.99 -2.37
0.28 -0.27 0.99 9.28 -7.82 7.32
0.34 -0.19 0.87 13.67 -10.70 -4.60
0.27 -0.22 0.89 5.36 10.15 8.08
0.25 -0.23 0.87 1.37 4.91 9.65
0.26 -0.24 0.97 -2.93 -9.13 3.39
0.60 0.68 0.51 -0.73 0.34 2.14
0.61 0.70 0.51 -2.78 1.66 1.13
0.61 0.68 0.52 -2.04 -0.50 0.41
0.61 0.68 0.50 -0.25 1.70 0.30
0.62 0.70 0.51 -0.76 -0.08 1.66
0.60 0.68 0.52 -1.08 1.08 1.30
0.61 0.69 0.51 -2.24 2.16 0.95
0.60 0.69 0.53 -3.76 5.25 0.88
0.61 0.68 0.53 -2.29 4.29 0.48
0.60 0.69 0.54 -2.94 3.94 -0.52
0.60 0.70 0.53 -2.75 5.52 0.51
0.59 0.70 0.55 -1.75 9.80 2.55
0.63 0.71 0.53 9.24 9.72 11.25
0.81 0.55 0.43 -1.80 -9.07 3.46
0.83 0.55 0.41 -1.96 -4.47 2.46
0.81 0.54 0.43 -2.78 -2.27 0.42
0.81 0.54 0.44 -0.16 -6.94 -1.33
0.79 0.53 0.47 4.62 -6.03 -2.35
0.80 0.53 0.40 0.31 -6.01 -7.35
0.79 0.58 0.40 -3.70 -5.58 -8.69
0.82 0.62 0.37 3.14 -5.33 -2.92
0.82 0.60 0.38 12.32 -13.54 3.93
0.84 0.57 0.33 9.10 -7.39 7.24
0.84 0.57 0.35 2.72 -4.26 9.84
0.84 0.54 0.37 5.44 -2.02 5.47
0.87 0.57 0.34 3.11 -0.92 1.46
0.58 0.69 0.52 0.49 2.21 0.97
0.62 0.70 0.49 0.27 2.09 2.47
0.61 0.69 0.49 0.41 1.75 2.49
0.60 0.72 0.50 -0.12 1.01 2.83
0.60 0.68 0.51 -0.73 0.34 2.14
0.61 0.70 0.51 -2.78 1.66 1.13
0.61 0.68 0.52 -2.04 -0.50 0.41
0.61 0.68 0.50 -0.25 1.70 0.30
0.62 0.70 0.51 -0.76 -0.08 1.66
0.60 0.68 0.52 -1.08 1.08 1.30
0.61 0.69 0.51 -2.24 2.16 0.95
0.60 0.69 0.53 -3.76 5.25 0.88
0.61 0.68 0.53 -2.29 4.29 0.48
0.60 0.69 0.54 -2.94 3.94 -0.52
0.60 0.70 0.53 -2.75 5.52 0.51
0.59 0.70 0.55 -1.75 9.80 2.55
0.63 0.71 0.53 9.24 9.72 11.25
0.81 0.56 0.36 0.33 3.92 5.14
0.81 0.56 0.35 -1.24 -4.01 6.89
0.85 0.54 0.42 -1.53 -6.19 4.36
0.83 0.54 0.35 -7.60 -9.06 0.16
0.86 0.56 0.36 -8.40 -12.86 -3.94
0.85 0.55 0.30 -12.53 -5.91 -2.14
0.86 0.56 0.35 -14.70 -4.58 -7.23
0.84 0.54 0.36 -7.39 -8.06 -6.99
0.84 0.56 0.39 -2.71 -0.53 -3.60
0.81 0.54 0.41 -1.65 1.62 -2.32
0.83 0.58 0.31 -3.63 -2.35 -1.36
0.84 0.59 0.33 -3.36 -2.20 -1.17
0.58 0.69 0.52 0.49 2.21 0.97
0.62 0.70 0.49 0.27 2.09 2.47
0.61 0.69 0.49 0.41 1.75 2.49
0.60 0.72 0.50 -0.12 1.01 2.83
0.60 0.68 0.51 -0.73 0.34 2.14
0.61 0.70 0.51 -2.78 1.66 1.13
0.61 0.68 0.52 -2.04 -0.50 0.41
0.61 0.68 0.50 -0.25 1.70 0.30
0.62 0.70 0.51 -0.76 -0.08 1.66
0.60 0.68 0.52 -1.08 1.08 1.30
0.61 0.69 0.51 -2.24 2.16 0.95
0.60 0.69 0.53 -3.76 5.25 0.88
0.61 0.68 0.53 -2.29 4.29 0.48
0.60 0.69 0.54 -2.94 3.94 -0.52
0.60 0.70 0.53 -2.75 5.52 0.51
0.59 0.70 0.55 -1.75 9.80 2.55
0.63 0.71 0.53 9.24 9.72 11.25
0.82 0.59 0.35 -1.94 2.04 2.73
0.86 0.56 0.34 -2.37 0.24 2.53
0.85 0.55 0.34 -1.08 3.36 5.66
0.84 0.54 0.38 -3.25 5.79 5.22
0.84 0.53 0.38 -0.68 2.48 4.28
0.84 0.54 0.37 -1.04 0.28 0.79
0.84 0.54 0.37 -4.12 2.53 -1.40
0.84 0.54 0.36 -0.82 -6.48 -0.01
0.86 0.52 0.37 -7.04 0.89 -6.83
0.84 0.55 0.37 -3.98 0.90 -5.67
0.83 0.58 0.36 -1.94 0.43 -3.05
0.84 0.57 0.37 -2.11 0.61 -1.20
0.58 0.69 0.52 0.49 2.21 0.97
0.62 0.70 0.49 0.27 2.09 2.47
0.61 0.69 0.49 0.41 1.75 2.49
0.60 0.72 0.50 -0.12 1.01 2.83
0.60 0.68 0.51 -0.73 0.34 2.14
0.61 0.70 0.51 -2.78 1.66 1.13
0.61 0.68 0.52 -2.04 -0.50 0.41
0.61 0.68 0.50 -0.25 1.70 0.30
0.62 0.70 0.51 -0.76 -0.08 1.66
0.60 0.68 0.52 -1.08 1.08 1.30
0.61 0.69 0.51 -2.24 2.16 0.95
0.60 0.69 0.53 -3.76 5.25 0.88
0.61 0.68 0.53 -2.29 4.29 0.48
0.60 0.69 0.54 -2.94 3.94 -0.52
0.60 0.70 0.53 -2.75 5.52 0.51
0.59 0.70 0.55 -1.75 9.80 2.55
0.63 0.71 0.53 9.24 9.72 11.25
0.85 0.55 0.37 1.06 3.14 2.16
0.84 0.55 0.35 2.63 4.91 2.69
0.83 0.54 0.36 3.63 7.30 3.94
0.85 0.57 0.37 3.90 3.10 2.48
0.82 0.54 0.38 5.29 9.31 8.27
0.83 0.53 0.38 0.98 5.30 3.31
0.84 0.54 0.38 0.78 0.67 3.30
0.84 0.52 0.36 -2.91 -1.32 -0.17
0.84 0.55 0.39 -4.20 -4.81 -1.67
0.84 0.54 0.37 -6.53 -1.55 -6.03
0.84 0.54 0.36 -3.93 -2.88 -4.75
0.84 0.57 0.39 -1.87 -0.14 -2.07
0.58 0.69 0.52 0.49 2.21 0.97
0.62 0.70 0.49 0.27 2.09 2.47
0.61 0.69 0.49 0.41 1.75 2.49
0.60 0.72 0.50 -0.12 1.01 2.83
0.60 0.68 0.51 -0.73 0.34 2.14
0.61 0.70 0.51 -2.78 1.66 1.13
0.61 0.68 0.52 -2.04 -0.50 0.41
0.61 0.68 0.50 -0.25 1.70 0.30
0.62 0.70 0.51 -0.76 -0.08 1.66
0.60 0.68 0.52 -1.08 1.08 1.30
0.61 0.69 0.51 -2.24 2.16 0.95
0.60 0.69 0.53 -3.76 5.25 0.88
0.61 0.68 0.53 -2.29 4.29 0.48
0.60 0.69 0.54 -2.94 3.94 -0.52
0.60 0.70 0.53 -2.75 5.52 0.51
0.59 0.70 0.55 -1.75 9.80 2.55
0.63 0.71 0.53 9.24 9.72 11.25
0.83 0.54 0.37 2.39 -2.97 1.96
0.83 0.53 0.38 1.16 0.18 2.42
0.84 0.55 0.37 0.69 2.65 2.60
0.85 0.56 0.37 2.17 1.88 1.85
0.83 0.53 0.39 3.07 0.76 4.19
0.83 0.53 0.37 2.23 1.63 5.74
0.87 0.55 0.41 1.02 -3.43 3.11
0.83 0.53 0.38 0.43 -1.83 4.28
0.87 0.55 0.37 -3.31 -2.37 -1.59
0.86 0.51 0.36 -7.53 -4.49 -2.60
0.26 0.61 0.77 0.68 -0.06 0.60
0.26 0.62 0.76 0.67 1.82 0.35
0.26 0.62 0.77 0.16 1.41 0.61
0.26 0.61 0.77 0.43 0.57 0.62
0.26 0.62 0.78 0.51 1.43 0.63
0.25 0.62 0.77 0.34 1.85 0.50
0.26 0.62 0.77 0.23 0.50 0.59
0.26 0.62 0.78 0.50 0.64 0.52
0.26 0.62 0.77 0.51 2.08 0.66
0.26 0.62 0.77 0.37 1.59 0.48
0.26 0.62 0.77 0.51 2.11 0.26
0.25 0.61 0.77 0.41 1.45 0.80
0.26 0.61 0.77 0.53 0.67 0.16
0.25 0.62 0.76 0.28 1.09 0.36
0.26 0.62 0.77 0.18 0.79 0.18
0.26 0.61 0.78 -0.43 -0.82 0.14
0.25 0.62 0.77 -0.01 0.24 -0.37
0.26 0.62 0.76 -0.52 0.74 -0.42
0.26 0.61 0.77 -0.18 0.11 -0.55
0.26 0.62 0.77 -0.65 1.40 0.60
0.25 0.62 0.77 -0.18 -0.40 -0.72
0.26 0.62 0.78 -0.48 0.30 -0.34
0.26 0.62 0.77 -0.30 2.33 -0.76
0.24 0.61 0.78 0.14 -0.42 -0.31
0.28 0.63 0.76 -0.72 -0.85 -0.76
0.23 0.62 0.77 -0.67 2.38 1.92
0.25 0.62 0.77 -0.14 -1.62 1.37
0.26 0.61 0.76 -0.55 3.11 0.21
0.25 0.62 0.77 -0.43 1.78 -1.05
0.25 0.62 0.77 -1.01 0.63 -0.08
0.25 0.61 0.77 0.52 0.34 -0.34
0.27 0.62 0.76 -0.76 1.14 -0.11
0.26 0.61 0.77 -0.63 2.24 0.27
0.25 0.62 0.78 0.37 2.11 0.03
0.25 0.62 0.77 0.34 1.85 0.50
0.26 0.62 0.77 0.23 0.50 0.59
0.26 0.62 0.78 0.50 0.64 0.52
0.26 0.62 0.77 0.51 2.08 0.66
0.26 0.62 0.77 0.37 1.59 0.48
0.26 0.62 0.77 0.51 2.11 0.26
0.25 0.61 0.77 0.41 1.45 0.80
0.26 0.61 0.77 0.53 0.67 0.16
0.25 0.62 0.76 0.28 1.09 0.36
0.26 0.62 0.77 0.18 0.79 0.18
0.26 0.61 0.78 -0.43 -0.82 0.14
0.25 0.62 0.77 -0.01 0.24 -0.37
0.26 0.62 0.76 -0.52 0.74 -0.42
0.26 0.61 0.77 -0.18 0.11 -0.55
0.26 0.62 0.77 -0.65 1.40 0.60
0.25 0.62 0.77 -0.18 -0.40 -0.72
0.25 0.62 0.77 -0.94 2.59 -0.70
0.25 0.61 0.77 -0.02 1.72 -0.56
0.25 0.62 0.78 -0.71 0.75 -0.34
0.25 0.61 0.77 -0.37 0.31 0.40
0.25 0.62 0.77 -0.46 1.07 0.54
0.25 0.61 0.77 -0.18 1.69 1.32
0.24 0.61 0.77 -0.11 2.49 1.41
0.25 0.61 0.78 -0.13 1.72 0.62
0.25 0.62 0.77 0.06 2.09 0.55
0.24 0.61 0.78 -0.76 1.03 0.16
0.25 0.61 0.78 0.14 1.56 -0.10
0.25 0.61 0.77 -0.72 1.33 0.48
0.24 0.61 0.78 -0.56 1.77 0.57
0.25 0.62 0.77 0.34 1.85 0.50
0.26 0.62 0.77 0.23 0.50 0.59
0.26 0.62 0.78 0.50 0.64 0.52
0.26 0.62 0.77 0.51 2.08 0.66
0.26 0.62 0.77 0.37 1.59 0.48
0.26 0.62 0.77 0.51 2.11 0.26
0.25 0.61 0.77 0.41 1.45 0.80
0.26 0.61 0.77 0.53 0.67 0.16
0.25 0.62 0.76 0.28 1.09 0.36
0.26 0.62 0.77 0.18 0.79 0.18
0.26 0.61 0.78 -0.43 -0.82 0.14
0.25 0.62 0.77 -0.01 0.24 -0.37
0.26 0.62 0.76 -0.52 0.74 -0.42
0.26 0.61 0.77 -0.18 0.11 -0.55
0.26 0.62 0.77 -0.65 1.40 0.60
0.25 0.62 0.77 -0.18 -0.40 -0.72
0.25 0.61 0.78 0.99 1.37 1.26
0.24 0.61 0.78 0.82 4.11 1.64
0.24 0.62 0.77 0.12 1.34 1.64
0.24 0.62 0.77 -0.02 0.40 0.67
0.25 0.61 0.77 0.37 -0.15 0.29
0.25 0.61 0.77 0.56 0.80 0.44
0.24 0.61 0.78 0.24 1.73 0.54
0.25 0.61 0.77 0.00 1.46 0.52
0.24 0.61 0.78 0.18 1.07 0.30
0.25 0.61 0.77 -0.02 0.66 0.21
0.24 0.61 0.77 -0.17 1.32 -0.17
0.24 0.61 0.77 0.66 1.75 0.15
0.25 0.62 0.77 0.34 1.85 0.50
0.26 0.62 0.77 0.23 0.50 0.59
0.26 0.62 0.78 0.50 0.64 0.52
0.26 0.62 0.77 0.51 2.08 0.66
0.26 0.62 0.77 0.37 1.59 0.48
0.26 0.62 0.77 0.51 2.11 0.26
0.25 0.61 0.77 0.41 1.45 0.80
0.26 0.61 0.77 0.53 0.67 0.16
0.25 0.62 0.76 0.28 1.09 0.36
0.26 0.62 0.77 0.18 0.79 0.18
0.26 0.61 0.78 -0.43 -0.82 0.14
0.25 0.62 0.77 -0.01 0.24 -0.37
0.26 0.62 0.76 -0.52 0.74 -0.42
0.26 0.61 0.77 -0.18 0.11 -0.55
0.26 0.62 0.77 -0.65 1.40 0.60
0.25 0.62 0.77 -0.18 -0.40 -0.72
0.25 0.61 0.78 -0.25 1.69 0.50
0.24 0.61 0.77 0.72 1.45 0.40
0.24 0.61 0.78 -0.25 0.58 0.34
0.24 0.62 0.78 1.16 1.92 0.27
0.24 0.61 0.78 0.03 1.21 0.39
0.24 0.61 0.77 0.61 1.53 0.10
0.24 0.61 0.78 0.60 1.42 0.05
0.23 0.62 0.76 0.05 2.50 1.17
0.24 0.62 0.77 0.19 1.81 1.26
0.23 0.61 0.78 0.95 1.89 1.11
0.24 0.61 0.78 0.90 2.11 1.09
0.24 0.61 0.77 0.57 1.94 0.55
0.23 0.61 0.77 0.34 1.30 0.44
0.24 0.62 0.77 0.99 0.98 0.39
0.25 0.62 0.77 0.34 1.85 0.50
0.26 0.62 0.77 0.23 0.50 0.59
0.26 0.62 0.78 0.50 0.64 0.52
0.26 0.62 0.77 0.51 2.08 0.66
0.26 0.62 0.77 0.37 1.59 0.48
0.26 0.62 0.77 0.51 2.11 0.26
0.25 0.61 0.77 0.41 1.45 0.80
0.26 0.61 0.77 0.53 0.67 0.16
0.25 0.62 0.76 0.28 1.09 0.36
0.26 0.62 0.77 0.18 0.79 0.18
0.26 0.61 0.78 -0.43 -0.82 0.14
0.25 0.62 0.77 -0.01 0.24 -0.37
0.26 0.62 0.76 -0.52 0.74 -0.42
0.26 0.61 0.77 -0.18 0.11 -0.55
0.26 0.62 0.77 -0.65 1.40 0.60
0.25 0.62 0.77 -0.18 -0.40 -0.72
0.24 0.61 0.79 1.09 1.95 0.54
0.24 0.61 0.77 0.89 1.67 0.25
0.23 0.62 0.78 1.11 1.06 0.62
0.24 0.62 0.77 0.66 2.35 0.18
0.11 -0.04 0.97 0.27 2.37 1.85
0.10 -0.03 0.98 -0.74 0.79 2.79
0.11 -0.02 0.97 0.24 4.17 1.08
0.09 -0.03 0.98 0.02 2.75 0.05
0.10 -0.02 0.99 -0.13 0.67 -0.24
0.11 -0.02 0.98 0.30 0.72 0.70
0.11 -0.03 0.97 -0.18 2.98 1.43
0.10 -0.03 0.96 0.03 3.75 2.82
0.08 -0.03 0.98 1.07 3.02 0.29
0.10 -0.03 0.98 0.24 0.40 1.21
0.11 -0.03 0.98 -0.39 1.79 1.37
0.09 -0.03 0.98 0.23 2.40 1.26
0.10 -0.03 0.97 0.26 1.20 1.05
0.09 -0.03 0.98 0.49 1.52 1.12
0.09 -0.03 0.97 0.55 0.54 2.01
0.10 -0.03 0.96 -1.77 -0.28 2.83
0.09 -0.05 0.98 1.97 1.17 4.12
0.08 -0.03 0.98 2.37 -5.89 5.09
0.09 -0.04 0.98 3.08 -5.87 11.54
0.08 -0.05 0.98 3.94 -4.30 19.08
0.07 -0.03 0.99 3.93 -10.95 20.87
0.11 -0.02 0.98 5.07 -15.46 18.59
0.13 0.00 0.95 6.58 -15.56 12.90
0.12 0.00 0.95 3.75 -19.20 13.37
0.19 -0.01 0.99 6.95 -22.06 5.79
0.20 0.01 0.98 3.37 -13.37 2.83
0.22 0.03 0.95 1.08 -4.22 0.31
0.18 0.00 1.00 1.37 0.00 0.63
0.20 -0.01 0.98 2.18 -5.81 -6.23
0.17 -0.00 0.97 3.82 -11.67 -5.95
0.21 0.02 0.96 0.30 -8.19 -3.07
0.23 -0.01 0.96 0.72 -2.40 -7.72
0.20 0.02 0.97 -0.80 -5.14 -4.15
0.22 -0.00 0.97 0.01 -6.74 -2.88
0.25 -0.01 0.98 1.27 -5.41 -5.94
0.23 0.02 0.97 0.08 -4.06 -2.95
0.23 0.01 0.98 -2.17 -1.19 -0.53
0.21 0.00 0.97 -1.20 -1.54 -1.27
0.23 0.00 0.96 0.55 -2.55 0.23
0.24 -0.00 0.96 0.69 0.15 -0.22
0.22 0.02 0.97 -1.29 -1.93 -1.46
0.24 -0.01 0.97 -0.98 -5.54 -2.82
0.24 -0.01 0.95 -1.06 0.66 0.24
0.23 0.00 0.96 -1.52 2.65 -1.19
0.23 -0.01 0.96 -1.11 -2.12 -3.04
0.25 -0.01 0.97 0.33 -5.22 -3.35
0.25 0.01 0.94 -0.31 -5.60 -2.33
0.25 -0.01 0.99 -0.81 -1.53 -4.75
0.25 0.00 0.96 -0.85 0.01 -3.65
0.24 0.01 0.94 0.12 1.17 -1.27
0.25 0.02 0.96 1.33 -2.04 -0.79
0.27 0.00 0.97 0.68 2.49 -2.02
0.24 0.01 0.97 -0.81 3.98 -1.53
0.24 -0.01 0.96 -0.35 0.47 -1.84
0.24 0.01 0.96 1.64 -0.96 -2.17
0.26 0.00 0.97 0.56 -2.30 -2.33
0.26 0.01 0.97 -0.93 1.24 -1.33
0.25 -0.00 0.96 0.42 0.72 0.41
0.26 0.00 0.95 0.95 0.69 -0.73
0.25 0.00 0.96 0.21 -0.37 -0.22
0.26 0.00 0.96 1.78 -0.60 0.16
0.26 0.01 0.96 -0.23 -0.39 0.40
0.26 0.01 0.96 0.49 1.82 0.82
0.25 0.01 0.97 0.61 0.26 1.11
0.26 0.01 0.97 0.62 0.07 2.53
0.25 0.02 0.99 1.58 3.03 1.10
0.27 0.02 0.97 -8.55 1.93 3.90
0.25 -0.02 0.93 -2.51 5.05 4.82
0.24 0.02 0.94 0.72 1.37 3.12
0.24 0.00 0.97 2.60 0.34 1.64
0.25 0.01 0.96 0.72 0.40 1.50
0.25 0.01 0.96 0.58 1.75 1.27
0.25 0.01 0.95 0.02 3.07 2.37
0.25 0.01 0.97 0.98 -0.02 1.65
0.25 0.00 0.96 -0.15 2.12 1.53
0.25 0.01 0.97 -0.98 2.72 1.44
0.25 -0.00 0.97 -1.47 2.33 1.75
0.24 0.01 0.96 -0.97 3.00 0.66
0.24 -0.01 0.96 -1.17 3.31 0.73
0.24 -0.00 0.96 0.38 1.44 -0.73
0.25 -0.01 0.96 -0.89 1.91 -0.57
0.25 -0.00 0.97 0.33 3.17 -1.50
0.25 0.00 0.97 -0.99 2.56 -1.82
0.23 -0.00 0.97 -1.05 4.01 -0.49
0.24 -0.01 0.97 -1.71 1.72 0.07
0.23 -0.01 0.96 -1.18 2.13 -0.20
0.24 -0.01 0.96 -0.07 0.84 -0.06
0.24 -0.00 0.96 0.57 2.98 0.24
0.24 -0.02 0.96 -0.02 0.31 0.54
0.25 -0.00 0.96 1.81 0.62 0.81
0.24 -0.01 0.96 2.79 -0.70 1.94
0.23 -0.00 0.97 4.25 0.72 2.49
0.24 0.01 0.98 3.02 -3.89 0.45
0.25 0.01 0.97 0.45 -0.03 1.36
0.24 0.00 0.96 -1.05 4.58 2.12
0.23 0.00 0.96 0.67 3.07 2.17
0.26 0.01 0.98 -0.79 1.53 0.54
0.27 0.00 0.97 -4.92 7.51 -5.80
0.30 -0.01 0.96 -8.02 9.80 -17.70
0.31 -0.02 0.96 -18.82 13.69 -31.03
0.23 0.02 0.93 -25.56 30.07 -41.79
0.20 -0.03 0.93 -24.02 29.69 -34.47
0.12 -0.10 0.96 -11.74 25.99 -23.64
0.13 -0.04 0.97 1.38 13.71 -13.17
0.15 -0.05 0.98 2.11 10.94 1.05
0.15 -0.03 0.97 -0.05 12.86 0.73
0.14 -0.06 0.99 1.05 16.79 -0.12
0.11 -0.07 1.00 3.43 18.10 1.74
0.10 -0.03 0.97 5.55 12.89 1.49
0.08 -0.05 0.98 5.08 6.02 6.27
0.12 -0.03 0.97 1.94 4.80 5.42
0.09 -0.03 0.99 -3.75 1.32 5.58
0.10 -0.04 0.98 -4.10 3.44 2.04
0.09 -0.04 0.97 -3.29 9.55 0.37
0.10 -0.05 0.96 -1.88 3.52 -0.91
0.10 -0.05 1.00 1.05 7.77 -3.20
0.09 -0.05 0.97 -0.05 8.03 -1.40
0.08 -0.05 0.96 0.67 11.49 -3.72
0.25 -0.00 0.96 1.81 0.62 0.81
0.24 -0.01 0.96 2.79 -0.70 1.94
0.23 -0.00 0.97 4.25 0.72 2.49
0.24 0.01 0.98 3.02 -3.89 0.45
0.25 0.01 0.97 0.45 -0.03 1.36
0.05 -0.06 0.96 -3.22 7.77 -5.07
0.06 -0.05 0.97 -2.25 9.06 -7.22
0.05 -0.08 0.98 -0.35 1.05 -6.15
0.06 -0.07 0.98 0.83 1.98 -5.20
0.08 -0.07 0.97 -3.94 6.56 -4.70
0.05 -0.07 1.00 -5.21 12.34 -4.63
0.04 -0.11 0.97 -2.54 10.07 -2.31
0.02 -0.07 0.96 2.57 5.23 -0.12
0.01 -0.06 0.98 9.80 -1.93 2.60
-0.01 -0.02 0.98 3.60 -8.95 10.06
0.07 0.02 0.92 -0.57 -10.73 14.35
0.09 -0.01 0.95 -3.57 3.32 6.62
0.11 -0.07 1.00 3.43 18.10 1.74
0.10 -0.03 0.97 5.55 12.89 1.49
0.08 -0.05 0.98 5.08 6.02 6.27
0.12 -0.03 0.97 1.94 4.80 5.42
0.09 -0.03 0.99 -3.75 1.32 5.58
0.10 -0.04 0.98 -4.10 3.44 2.04
0.09 -0.04 0.97 -3.29 9.55 0.37
0.10 -0.05 0.96 -1.88 3.52 -0.91
0.10 -0.05 1.00 1.05 7.77 -3.20
0.09 -0.05 0.97 -0.05 8.03 -1.40
0.08 -0.05 0.96 0.67 11.49 -3.72
0.25 -0.00 0.96 1.81 0.62 0.81
0.24 -0.01 0.96 2.79 -0.70 1.94
0.23 -0.00 0.97 4.25 0.72 2.49
0.24 0.01 0.98 3.02 -3.89 0.45