.13 3.52 5.59
-0.12 0.60 0.84 -3.10 -14.98 -6.73
-0.13 0.60 0.81 -3.36 -17.46 1.82
-0.04 0.56 0.80 -4.36 -17.57 -0.34
-0.06 0.62 0.76 -2.23 -4.49 6.29
-0.08 0.54 0.81 -9.76 -7.76 6.47
-0.04 0.58 0.81 1.06 -6.29 7.39
-0.01 0.61 0.77 -0.40 -9.18 6.94
-0.02 0.61 0.80 -6.29 -2.69 7.60
-0.03 0.58 0.81 -2.77 -10.89 7.91
-0.00 0.59 0.81 -3.27 -12.90 8.29
0.03 0.60 0.80 -1.66 -5.27 10.00
0.02 0.58 0.79 -0.18 -1.74 6.95
0.03 0.58 0.81 -0.35 -5.88 7.99
0.04 0.58 0.82 -2.62 -4.24 9.55
0.04 0.56 0.83 -1.31 0.23 7.86
0.05 0.57 0.80 3.09 7.89 9.86
0.03 0.59 0.83 3.34 13.61 11.23
0.01 0.58 0.82 1.03 11.10 9.80
0.01 0.56 0.82 -1.91 1.46 6.75
0.03 0.58 0.83 -1.95 -3.81 6.52
0.03 0.57 0.82 1.21 2.63 6.02
0.03 0.58 0.82 -2.22 3.41 4.83
0.03 0.56 0.82 -1.45 8.20 5.99
0.02 0.58 0.82 -0.24 12.76 4.59
0.02 0.60 0.81 -2.54 4.48 2.80
0.01 0.57 0.84 -3.01 5.28 3.69
0.01 0.56 0.82 -1.27 -0.70 3.56
0.03 0.57 0.83 0.13 -0.36 2.92
0.04 0.57 0.79 -0.60 -0.85 0.72
0.03 0.58 0.83 -3.50 3.20 0.37
0.01 0.58 0.83 0.45 3.87 0.15
0.02 0.57 0.82 0.46 0.83 -0.12
0.03 0.58 0.83 0.81 -1.44 -0.24
0.03 0.58 0.81 -0.25 1.50 1.43
0.02 0.57 0.81 -1.21 2.13 2.30
0.01 0.56 0.83 -1.11 2.14 2.68
0.02 0.57 0.82 0.40 0.24 2.62
0.02 0.57 0.81 -0.32 -0.14 2.56
0.01 0.58 0.83 -0.66 -2.48 2.56
0.03 0.57 0.82 -0.43 -1.19 2.25
0.03 0.57 0.82 -0.87 -2.68 3.85
-0.00.58 0.81 -0.35 -5.88 7.99
0.04 0.58 0.82 -2.62 -4.24 9.55
0.04 0.56 0.83 -1.31 0.23 7.86
0.05 0.57 0.80 3.09 7.89 9.86
0.03 0.59 0.83 3.34 13.61 11.23
0.01 0.58 0.82 1.03 11.10 9.80
0.01 0.56 0.82 -1.91 1.46 6.75
0.03 0.58 0.83 -1.95 -3.81 6.52
0.03 0.57 0.82 1.21 2.63 6.02
0.03 0.58 0.82 -2.22 3.41 4.83
0.03 0.56 0.82 -1.45 8.20 5.99
0.02 0.58 0.82 -0.24 12.76 4.59
0.02 0.60 0.81 -2.54 4.48 2.80
0.01 0.57 0.84 -3.01 5.28 3.69
0.01 0.56 0.82 -1.27 -0.70 3.56
0.03 0.57 0.83 0.13 -00 0.59 0.80 -0.84 5.78 13.91
-0.02 0.58 0.83 -2.08 -5.71 19.77
0.04 0.58 0.83 -2.75 -14.63 17.78
0.08 0.55 0.80 -7.77 -18.56 5.28
0.07 0.56 0.82 -3.01 -11.73 2.88
0.09 0.56 0.83 -4.27 -22.85 -0.48
0.09 0.56 0.83 -5.10 -22.09 0.61
0.12 0.54 0.83 -2.45 -25.82 -2.46
0.14 0.52 0.85 -5.21 -28.92 -12.05
0.18 0.54 0.83 -0.19 -28.05 -13.24
0.22 0.56 0.84 -0.58 -3.15 -8.86
0.15 0.56 0.84 0.30 8.01 -3.66
0.15 0.54 0.83 -1.29 -0.63 -1.97
0.14 0.588 7.99
0.04 0.58 0.82 -2.62 -4.24 9.55
0.04 0.56 0.83 -1.31 0.23 7.86
0.05 0.57 0.80 3.09 7.89 9.86
0.03 0.59 0.83 3.34 13.61 11.23
0.01 0.58 0.82 1.03 11.10 9.80
0.01 0.56 0.82 -1.91 1.46 6.75
0.03 0.58 0.83 -1.95 -3.81 6.52
0.03 0.57 0.82 1.21 2.63 6.02
0.03 0.58 0.82 -2.22 3.41 4.83
0.03 0.56 0.82 -1.45 8.20 5.99
0.02 0.58 0.82 -0.24 12.76 4.59
0.02 0.60 0.81 -2.54 4.48 2.80
0.01 0.57 0.84 -3.01 5.28 3.69
0.01 0.56 0.82 -1.27 -0.70 3.56
0.03 0.57 0.83 0.13 -04 0.83 -0.97 -0.85 -3.84
0.15 0.53 0.84 0.24 -2.50 -8.90
0.17 0.55 0.81 0.48 5.85 -10.67
0.13 0.55 0.85 1.16 10.13 -10.83
0.13 0.59 0.83 1.28 9.51 -7.91
0.10 0.59 0.81 -2.16 10.27 -1.49
0.08 0.55 0.82 -3.21 2.44 1.59
0.11 0.55 0.85 2.11 -2.24 2.35
0.11 0.58 0.81 0.89 2.14 3.16
0.09 0.56 0.84 -1.25 0.92 3.15
0.11 0.54 0.84 -1.46 -2.90 2.83
0.11 0.55 0.85 1.25 -3.16 3.05
0.13 0.55 0.83 1.17 0.56 2.75
0.12 00.83 -1.29 -0.63 -1.97
0.14 0.588 7.99
0.04 0.58 0.82 -2.62 -4.24 9.55
0.04 0.56 0.83 -1.31 0.23 7.86
0.05 0.57 0.80 3.09 7.89 9.86
0.03 0.59 0.83 3.34 13.61 11.23
0.01 0.58 0.82 1.03 11.10 9.80
0.01 0.56 0.82 -1.91 1.46 6.75
0.03 0.58 0.83 -1.95 -3.81 6.52
0.03 0.57 0.82 1.21 2.63 6.02
0.03 0.58 0.82 -2.22 3.41 4.83
0.03 0.56 0.82 -1.45 8.20 5.99
0.02 0.58 0.82 -0.24 12.76 4.59
0.02 0.60 0.81 -2.54 4.48 2.80
0.01 0.57 0.84 -3.01 5.28 3.69
0.01 0.56 0.82 -1.27 -0.70 3.56
0.03 0.57 0.83 0.13 -0.55 0.84 -0.82 2.63 3.04
0.13 0.55 0.83 0.73 -1.05 3.50
0.14 0.56 0.84 1.01 2.59 4.38
0.08 0.57 0.80 0.54 7.00 15.14
0.09 0.54 0.87 -3.49 -11.15 14.19
0.12 0.57 0.83 1.40 -12.09 15.18
0.17 0.53 0.81 -4.75 -12.18 6.89
0.18 0.52 0.85 -3.15 -7.29 3.19
0.18 0.54 0.83 0.04 -6.67 -0.05
0.19 0.54 0.85 -1.07 -9.17 -3.11
0.20 0.53 0.83 -2.11 -10.53 -4.53
0.20 0.54 0.83 -1.00 -7.51 -2.66
0.22 0.53 0.83 0.84 -4.01 -0.83 -1.29 -0.63 -1.97
0.14 0.588 7.99
0.04 0.58 0.82 -2.62 -4.24 9.55
0.04 0.56 0.83 -1.31 0.23 7.86
0.05 0.57 0.80 3.09 7.89 9.86
0.03 0.59 0.83 3.34 13.61 11.23
0.01 0.58 0.82 1.03 11.10 9.80
0.01 0.56 0.82 -1.91 1.46 6.75
0.03 0.58 0.83 -1.95 -3.81 6.52
0.03 0.57 0.82 1.21 2.63 6.02
0.03 0.58 0.82 -2.22 3.41 4.83
0.03 0.56 0.82 -1.45 8.20 5.99
0.02 0.58 0.82 -0.24 12.76 4.59
0.02 0.60 0.81 -2.54 4.48 2.80
0.01 0.57 0.84 -3.01 5.28 3.69
0.01 0.56 0.82 -1.27 -0.70 3.56
0.03 0.57 0.83 0.13 -01.40
0.20 0.55 0.82 1.25 4.89 0.08
0.18 0.55 0.83 0.43 4.21 0.12
0.18 0.54 0.83 -0.39 3.08 -0.57
0.18 0.54 0.82 0.72 1.19 -0.69
0.18 0.55 0.81 -0.50 -0.20 -1.01
0.16 0.55 0.83 -1.02 -1.85 0.06
0.19 0.53 0.85 -0.97 -3.34 -1.43
0.19 0.54 0.84 0.27 -0.52 -1.91
0.19 0.53 0.84 -1.18 1.01 -3.84
0.19 0.54 0.84 0.77 0.87 -1.88
0.18 0.55 0.83 1.19 2.15 -1.50
0.18 0.54 0.83 -0.50 2.02 -0.81
0.18 0.54 0.84 0.77 1.58 -0.90
0.17 0.55 0.84 0.72 0.82 0.11
0.1.04 0.58 0.82 -2.62 -4.24 9.55
0.04 0.56 0.83 -1.31 0.23 7.86
0.05 0.57 0.80 3.09 7.89 9.86
0.03 0.59 0.83 3.34 13.61 11.23
0.01 0.58 0.82 1.03 11.10 9.80
0.01 0.56 0.82 -1.91 1.46 6.75
0.03 0.58 0.83 -1.95 -3.81 6.52
0.03 0.57 0.82 1.21 2.63 6.02
0.03 0.58 0.82 -2.22 3.41 4.83
0.03 0.56 0.82 -1.45 8.20 5.99
0.02 0.58 0.82 -0.24 12.76 4.59
0.02 0.60 0.81 -2.54 4.48 2.80
0.01 0.57 0.84 -3.01 5.28 3.69
0.01 0.56 0.82 -1.27 -0.70 3.56
0.03 0.57 0.83 0.13 -08 0.54 0.81 -0.98 1.94 1.63
0.15 0.54 0.84 -1.03 1.20 2.95
0.18 0.53 0.85 0.97 -2.90 3.39
0.19 0.54 0.83 1.86 -1.79 -0.99
0.19 0.52 0.85 -2.75 0.28 0.86
0.21 0.55 0.86 3.21 6.45 0.83
0.19 0.54 0.84 2.53 9.80 -0.66
0.19 0.54 0.83 -0.28 8.95 1.22
0.16 0.56 0.82 1.05 8.52 1.73
0.16 0.56 0.83 -1.35 7.55 4.26
0.17 0.56 0.82 1.11 8.22 2.25
0.14 0.55 0.82 -2.32 6.33 2.33
0.13 0.53 0.84 -2.42 -2.35 0.80
0.15 0.53 0.85 -0.83 -4.95 -2.08
0. 0.82 0.11
0.1.04 0.58 0.82 -2.62 -4.24 9.55
0.04 0.56 0.83 -1.31 0.23 7.86
0.05 0.57 0.80 3.09 7.89 9.86
0.03 0.59 0.83 3.34 13.61 11.23
0.01 0.58 0.82 1.03 11.10 9.80
0.01 0.56 0.82 -1.91 1.46 6.75
0.03 0.58 0.83 -1.95 -3.81 6.52
0.03 0.57 0.82 1.21 2.63 6.02
0.03 0.58 0.82 -2.22 3.41 4.83
0.03 0.56 0.82 -1.45 8.20 5.99
0.02 0.58 0.82 -0.24 12.76 4.59
0.02 0.60 0.81 -2.54 4.48 2.80
0.01 0.57 0.84 -3.01 5.28 3.69
0.01 0.56 0.82 -1.27 -0.70 3.56
0.03 0.57 0.83 0.13 -017 0.52 0.86 0.93 -4.53 -2.59
0.18 0.56 0.82 0.00 1.89 -0.20
0.15 0.53 0.84 -3.14 4.23 1.54
0.16 0.53 0.85 0.37 1.94 1.03
0.15 0.54 0.84 0.95 -0.12 0.07
0.16 0.54 0.84 0.69 -1.85 -1.50
0.17 0.56 0.83 -0.26 -1.63 -0.67
0.16 0.54 0.84 -0.34 -0.56 0.06
0.17 0.54 0.83 -0.57 1.58 1.78
0.15 0.54 0.83 0.37 -1.66 2.58
0.17 0.54 0.84 -0.47 0.18 2.26
0.18 0.53 0.84 0.84 -0.72 0.27
0.17 0.53 0.84 -1.75 -1.59 -0.92
0.18 0.53 0.85 0.15 1.29 -. 0.82 0.11
0.1.04 0.58 0.82 -2.62 -4.24 9.55
0.04 0.56 0.83 -1.31 0.23 7.86
0.05 0.57 0.80 3.09 7.89 9.86
0.03 0.59 0.83 3.34 13.61 11.23
0.01 0.58 0.82 1.03 11.10 9.80
0.01 0.56 0.82 -1.91 1.46 6.75
0.03 0.58 0.83 -1.95 -3.81 6.52
0.03 0.57 0.82 1.21 2.63 6.02
0.03 0.58 0.82 -2.22 3.41 4.83
0.03 0.56 0.82 -1.45 8.20 5.99
0.02 0.58 0.82 -0.24 12.76 4.59
0.02 0.60 0.81 -2.54 4.48 2.80
0.01 0.57 0.84 -3.01 5.28 3.69
0.01 0.56 0.82 -1.27 -0.70 3.56
0.03 0.57 0.83 0.13 -01.97
0.18 0.54 0.83 0.72 0.59 -0.02
0.17 0.54 0.83 0.94 4.87 -0.72
0.16 0.52 0.85 -0.23 -0.69 -3.50
0.15 0.51 0.85 0.66 -1.15 -5.60
0.21 0.54 0.84 3.78 0.83 -4.98
0.19 0.58 0.83 3.93 16.15 -1.99
0.13 0.56 0.83 0.59 13.14 1.67
0.14 0.53 0.82 -2.24 2.98 2.31
0.17 0.57 0.82 2.63 4.84 2.47
0.12 0.54 0.83 -0.70 4.78 0.37
0.13 0.52 0.85 -1.30 -3.55 -1.57
0.18 0.57 0.85 5.68 0.63 -3.27
0.14 0.57 0.81 -0.28 12.16 0.60.53 0.85 0.15 1.29 -. 0.82 0.11
0.1.04 0.58 0.82 -2.62 -4.24 9.55
0.04 0.56 0.83 -1.31 0.23 7.86
0.05 0.57 0.80 3.09 7.89 9.86
0.03 0.59 0.83 3.34 13.61 11.23
0.01 0.58 0.82 1.03 11.10 9.80
0.01 0.56 0.82 -1.91 1.46 6.75
0.03 0.58 0.83 -1.95 -3.81 6.52
0.03 0.57 0.82 1.21 2.63 6.02
0.03 0.58 0.82 -2.22 3.41 4.83
0.03 0.56 0.82 -1.45 8.20 5.99
0.02 0.58 0.82 -0.24 12.76 4.59
0.02 0.60 0.81 -2.54 4.48 2.80
0.01 0.57 0.84 -3.01 5.28 3.69
0.01 0.56 0.82 -1.27 -0.70 3.56
0.03 0.57 0.83 0.13 -0
0.12 0.54 0.83 -3.15 4.00 2.46
0.14 0.55 0.83 1.21 0.76 2.37
0.14 0.54 0.84 -0.38 -1.79 1.53
0.14 0.55 0.85 2.37 -3.30 1.21
0.14 0.54 0.82 -1.24 -0.60 0.27
0.14 0.54 0.85 -2.29 -1.85 0.21
0.15 0.55 0.84 2.26 1.04 -0.02
0.14 0.53 0.83 -1.63 4.71 -0.03
0.13 0.53 0.85 1.40 -1.11 -1.17
0.15 0.56 0.82 -0.22 -1.84 -1.16
0.15 0.55 0.84 -1.21 2.04 -0.38
0.13 0.54 0.84 -1.38 3.68 0.83
0.14 0.54 0.83 -0.84 1.39 0.65
0.14 00.85 0.15 1.29 -. 0.82 0.11
0.1.04 0.58 0.82 -2.62 -4.24 9.55
0.04 0.56 0.83 -1.31 0.23 7.86
0.05 0.57 0.80 3.09 7.89 9.86
0.03 0.59 0.83 3.34 13.61 11.23
0.01 0.58 0.82 1.03 11.10 9.80
0.01 0.56 0.82 -1.91 1.46 6.75
0.03 0.58 0.83 -1.95 -3.81 6.52
0.03 0.57 0.82 1.21 2.63 6.02
0.03 0.58 0.82 -2.22 3.41 4.83
0.03 0.56 0.82 -1.45 8.20 5.99
0.02 0.58 0.82 -0.24 12.76 4.59
0.02 0.60 0.81 -2.54 4.48 2.80
0.01 0.57 0.84 -3.01 5.28 3.69
0.01 0.56 0.82 -1.27 -0.70 3.56
0.03 0.57 0.83 0.13 -0.54 0.84 -1.27 3.56 0.54
0.14 0.54 0.84 -0.56 3.08 -0.20
0.14 0.54 0.83 -2.69 2.28 -1.16
0.13 0.54 0.85 -1.18 1.32 0.21
0.13 0.55 0.84 -0.43 1.59 1.02
0.14 0.54 0.84 -1.75 3.18 1.70
0.13 0.54 0.85 -0.14 4.13 1.04
0.13 0.54 0.84 -0.44 1.17 1.46
0.13 0.53 0.85 -0.30 3.09 0.98
0.13 0.53 0.83 0.92 3.04 2.12
0.13 0.54 0.85 0.87 1.84 2.08
0.13 0.54 0.85 -0.40 3.14 2.63
0.12 0.53 0.86 0.54 1.89 1.52
0.13 0.53 0.83 0.83 2.18 0.315 1.29 -. 0.82 0.11
0.1.04 0.58 0.82 -2.62 -4.24 9.55
0.04 0.56 0.83 -1.31 0.23 7.86
0.05 0.57 0.80 3.09 7.89 9.86
0.03 0.59 0.83 3.34 13.61 11.23
0.01 0.58 0.82 1.03 11.10 9.80
0.01 0.56 0.82 -1.91 1.46 6.75
0.03 0.58 0.83 -1.95 -3.81 6.52
0.03 0.57 0.82 1.21 2.63 6.02
0.03 0.58 0.82 -2.22 3.41 4.83
0.03 0.56 0.82 -1.45 8.20 5.99
0.02 0.58 0.82 -0.24 12.76 4.59
0.02 0.60 0.81 -2.54 4.48 2.80
0.01 0.57 0.84 -3.01 5.28 3.69
0.01 0.56 0.82 -1.27 -0.70 3.56
0.03 0.57 0.83 0.13 -04
0.13 0.53 0.84 0.18 1.59 0.12
0.13 0.54 0.84 0.56 -0.79 0.56
0.14 0.54 0.84 -0.04 1.81 0.72
0.14 0.54 0.83 0.97 3.19 0.44
0.13 0.54 0.84 0.23 4.09 0.87
0.13 0.54 0.83 0.25 3.56 -0.02
0.12 0.54 0.84 -0.54 3.78 0.52
0.12 0.53 0.85 -0.21 4.10 0.18
0.12 0.54 0.85 1.41 3.10 0.60
0.12 0.54 0.83 0.69 4.25 -0.11
0.12 0.53 0.85 0.65 5.94 -0.61
